lccn/sn86072041/1909-11-08,1,5,5,0
lccn/sn86072041/1909-11-13,1,5,5,0
lccn/sn86072041/1909-11-18,2,5,3,2
lccn/sn86072041/1909-11-22,2,5,4,1
lccn/sn86072041/1909-11-09,1,5,5,0
lccn/sn86072041/1909-11-15,2,5,4,1
lccn/sn86072041/1909-09-07,2,5,2,3
lccn/sn86072041/1909-09-14,2,6,3,3
lccn/sn86072041/1909-09-09,2,9,2,7
lccn/sn86072041/1909-09-24,2,7,3,4
lccn/sn86072041/1909-09-25,2,6,3,3
lccn/sn86072041/1909-09-23,2,9,4,5
lccn/sn86072041/1909-09-28,2,5,4,1
lccn/sn83045433/1917-05-07,1,2,5,-3
lccn/sn84026749/1922-05-21,2,20,10,10
lccn/sn84026749/1922-06-15,2,14,2,12
lccn/sn84026749/1922-06-22,1,1,1,0
lccn/sn84026749/1922-06-30,2,6,2,4
lccn/sn84026749/1922-04-17,2,10,7,3
lccn/sn84026749/1922-12-08,2,9,6,3
lccn/sn84026749/1922-12-15,2,20,8,12
lccn/sn85042345/1922-06-25,1,6,6,0
lccn/sn85042345/1921-06-26,2,11,7,4
lccn/sn83045462/1901-10-15,2,13,4,9
lccn/sn83045462/1901-10-03,2,17,5,12
lccn/sn83030214/1904-10-24,1,0,0,0
lccn/sn83025060/1909-03-26,1,5,7,-2
lccn/sn86063952/1908-08-15,2,5,0,5
lccn/sn86063952/1908-08-17,2,6,1,5
lccn/sn86063952/1908-08-20,2,7,0,7
lccn/sn86063952/1908-08-21,2,8,0,8
lccn/sn86063952/1908-08-25,2,8,1,7
lccn/sn86063952/1908-08-28,2,7,1,6
lccn/sn86063952/1908-08-11,2,4,1,3
lccn/sn86063952/1908-08-18,2,7,2,5
lccn/sn86063952/1908-08-19,2,7,1,6
lccn/sn86063952/1903-08-10,2,15,5,10
lccn/sn86063952/1903-08-11,2,10,4,6
lccn/sn86063952/1903-08-18,2,9,6,3
lccn/sn86063952/1903-08-19,2,6,0,6
lccn/sn86063952/1903-08-21,2,10,2,8
lccn/sn86063952/1903-08-22,2,7,0,7
lccn/sn86063952/1903-08-24,2,6,5,1
lccn/sn86063952/1903-08-28,2,8,5,3
lccn/sn86063952/1903-08-29,2,11,2,9
lccn/sn86063952/1903-08-31,2,15,12,3
lccn/sn86063952/1903-09-01,2,6,1,5
lccn/sn86063952/1903-09-02,1,5,5,0
lccn/sn85025620/1892-09-01,2,5,2,3
lccn/sn96076776/1918-04-12,2,8,3,5
lccn/sn89081022/1921-08-31,2,18,11,7
lccn/sn84026749/1906-03-04,2,5,2,3
lccn/sn89081022/1922-05-24,1,3,5,-2
lccn/sn89081022/1922-07-19,2,15,6,9
lccn/sn89081022/1922-03-15,1,12,22,-10
lccn/sn85066387/1912-05-14,2,4,3,1
lccn/sn84027670/1882-04-06,2,8,2,6
lccn/sn99021999/1919-11-18,1,8,9,-1
lccn/sn85066387/1913-07-08,2,7,5,2
lccn/sn89081022/1911-03-01,2,17,12,5
lccn/sn89081022/1905-06-14,2,4,3,1
lccn/sn89081022/1921-12-28,1,1,3,-2
lccn/sn89081022/1920-09-22,1,3,7,-4
lccn/sn92053934/1914-06-10,2,10,6,4
lccn/sn89081022/1922-08-02,2,9,1,8
lccn/sn85066387/1912-06-21,1,2,9,-7
lccn/sn89081022/1922-08-16,2,8,7,1
lccn/sn89081022/1922-11-01,1,2,11,-9
lccn/sn89067273/1902-04-10,2,8,1,7
lccn/sn89067273/1902-10-09,2,9,7,2
lccn/sn89067273/1903-01-29,2,8,5,3
lccn/sn89067273/1904-02-25,1,4,6,-2
lccn/sn83045462/1913-10-18,2,10,4,6
lccn/sn89067273/1910-03-17,2,15,6,9
lccn/sn89067273/1911-03-16,2,11,1,10
lccn/sn89067273/1901-03-28,2,10,5,5
lccn/sn83045462/1904-02-13,1,5,5,0
lccn/sn83045462/1903-10-02,1,6,6,0
lccn/sn83045462/1903-12-16,2,8,2,6
lccn/sn90059523/1903-10-11,1,6,8,-2
lccn/sn86071593/1922-05-27,1,5,6,-1
lccn/sn86071593/1922-06-19,1,9,10,-1
lccn/sn98060050/1911-10-27,2,13,10,3
lccn/sn98060050/1912-04-12,1,3,4,-1
lccn/sn98060050/1912-04-12,2,18,9,9
lccn/sn84022871/1914-04-22,1,5,5,0
lccn/sn84022871/1915-04-28,2,8,5,3
lccn/sn84022871/1915-09-01,1,5,6,-1
lccn/sn84022871/1915-11-03,1,4,8,-4
lccn/sn84022871/1915-12-29,2,9,3,6
lccn/sn95066012/1906-06-01,1,3,12,-9
lccn/sn95066012/1905-09-15,2,13,1,12
lccn/sn95066012/1905-09-16,2,11,2,9
lccn/sn95066012/1905-09-18,2,6,5,1
lccn/sn95066012/1905-09-21,2,13,1,12
lccn/sn95066012/1905-09-23,2,12,0,12
lccn/sn95066012/1905-09-26,2,13,1,12
lccn/sn95066012/1905-09-27,2,6,0,6
lccn/sn95066012/1905-09-29,1,0,5,-5
lccn/sn87075048/1898-06-03,2,11,8,3
lccn/sn87075048/1905-07-20,2,9,6,3
lccn/sn84022871/1920-10-27,2,16,10,6
lccn/sn84022871/1921-04-27,2,7,2,5
lccn/sn84022871/1919-01-01,2,13,5,8
lccn/sn84022871/1919-01-22,1,4,11,-7
lccn/sn95066012/1905-03-03,2,9,3,6
lccn/sn84022871/1922-01-18,2,10,3,7
lccn/sn84022871/1914-01-21,1,8,8,0
lccn/sn84022871/1917-10-31,2,10,3,7
lccn/sn84022871/1920-01-07,1,3,11,-8
lccn/sn84022871/1920-01-28,2,13,7,6
lccn/sn92053934/1902-06-28,2,9,4,5
lccn/sn83016810/1922-07-29,2,9,2,7
lccn/sn83016810/1922-11-11,2,12,3,9
lccn/sn89064695/1903-04-16,2,13,8,5
lccn/sn83016810/1916-12-02,1,11,11,0
lccn/sn83016810/1916-12-16,1,0,0,0
lccn/sn83016810/1917-01-06,1,0,0,0
lccn/sn83016810/1917-04-14,1,0,0,0
lccn/sn83016810/1917-09-29,1,0,0,0
lccn/sn89067274/1922-06-08,1,4,11,-7
lccn/sn86063381/1912-05-25,1,4,5,-1
lccn/sn86063381/1912-05-27,1,0,2,-2
lccn/sn86063381/1912-05-28,2,3,0,3
lccn/sn86063381/1908-10-07,2,11,3,8
lccn/sn83016810/1920-02-21,2,11,7,4
lccn/sn83016810/1920-10-02,2,7,5,2
lccn/sn83016810/1920-10-16,1,7,7,0
lccn/sn86063381/1915-12-03,1,9,11,-2
lccn/sn89067274/1913-03-20,2,12,6,6
lccn/sn86063381/1914-04-30,2,11,3,8
lccn/sn86063381/1913-11-18,1,0,0,0
lccn/sn84020631/1893-09-09,2,22,15,7
lccn/sn85054468/1900-01-13,2,21,2,19
lccn/sn85054468/1900-01-14,2,16,4,12
lccn/sn85054468/1900-03-24,2,6,2,4
lccn/sn86069620/1922-09-21,1,4,5,-1
lccn/sn84031081/1922-08-31,1,3,3,0
lccn/sn84031081/1922-09-01,1,5,35,-30
lccn/sn84031081/1922-05-27,1,4,4,0
lccn/sn84031081/1922-06-01,2,14,2,12
lccn/sn84031081/1922-06-25,2,7,1,6
lccn/sn84031081/1922-09-03,1,6,10,-4
lccn/sn84020631/1889-08-30,1,0,0,0
lccn/sn84020631/1891-02-12,2,17,7,10
lccn/sn86069133/1912-02-24,2,12,3,9
lccn/sn86069395/1911-05-23,1,7,7,0
lccn/sn84031081/1921-12-08,2,7,2,5
lccn/sn84031081/1921-12-18,2,9,3,6
lccn/sn84031081/1922-02-25,2,15,12,3
lccn/sn84031081/1921-11-08,1,6,8,-2
lccn/sn84031081/1921-11-22,2,6,2,4
lccn/sn84031081/1922-03-14,1,2,3,-1
lccn/sn90059523/1902-02-16,2,11,6,5
lccn/sn86058226/1921-10-21,2,5,1,4
lccn/sn90061417/1896-04-10,2,12,5,7
lccn/sn90061417/1908-04-03,1,6,8,-2
lccn/sn90061417/1909-12-31,2,12,2,10
lccn/sn90061417/1910-09-30,2,8,4,4
lccn/sn88076144/1897-12-17,2,15,14,1
lccn/sn88076145/1898-10-21,2,10,2,8
lccn/sn87096017/1907-04-18,2,4,1,3
lccn/sn90061417/1910-12-30,2,3,1,2
lccn/sn87096017/1922-09-14,2,18,12,6
lccn/sn87096017/1919-04-03,1,12,15,-3
lccn/sn87096017/1919-06-05,1,5,9,-4
lccn/sn90061417/1902-08-08,2,9,4,5
lccn/sn90061417/1902-10-17,2,15,14,1
lccn/sn90061417/1906-02-09,2,9,3,6
lccn/sn90061417/1906-09-14,1,3,5,-2
lccn/sn90061417/1904-09-02,2,23,7,16
lccn/sn88064094/1910-09-07,2,21,11,10
lccn/sn83016943/1916-01-21,2,10,6,4
lccn/sn85052116/1901-10-11,2,4,2,2
lccn/sn85052116/1901-11-21,2,5,4,1
lccn/sn85052116/1901-09-07,1,3,9,-6
lccn/sn85052116/1901-10-01,2,9,8,1
lccn/sn86069180/1907-10-12,2,9,1,8
lccn/sn86069180/1900-06-30,2,15,7,8
lccn/sn85058397/1910-09-09,2,14,8,6
lccn/sn84025891/1887-08-20,2,12,2,10
lccn/sn84026355/1897-07-26,2,15,12,3
lccn/sn84026355/1897-08-02,1,3,3,0
lccn/sn84025891/1888-01-14,2,13,7,6
lccn/sn84026355/1900-03-06,2,18,2,16
lccn/sn84026355/1899-10-10,2,9,1,8
lccn/sn84026355/1899-12-27,1,1,5,-4
lccn/sn85058397/1910-10-28,2,26,11,15
lccn/sn85058397/1910-12-12,2,7,5,2
lccn/sn85058397/1910-11-19,2,15,14,1
lccn/sn86074011/1906-05-04,1,6,7,-1
lccn/sn86074011/1919-11-28,1,5,5,0
lccn/sn86074011/1921-12-02,2,11,10,1
lccn/sn90061371/1907-05-08,1,0,1,-1
lccn/sn90061371/1912-02-21,2,15,6,9
lccn/sn90061371/1912-04-10,1,0,0,0
lccn/sn90061371/1912-09-04,1,4,7,-3
lccn/sn90061371/1913-02-26,1,0,0,0
lccn/sn90061371/1913-10-01,2,9,3,6
lccn/sn90061371/1914-05-13,1,2,5,-3
lccn/sn90061371/1910-10-05,1,0,0,0
lccn/sn90061371/1902-09-10,1,12,19,-7
lccn/sn84036220/1915-10-07,1,5,5,0
lccn/sn84036220/1915-04-08,2,7,1,6
lccn/sn83045085/1919-07-26,2,9,7,2
lccn/sn84036276/1893-05-06,2,6,4,2
lccn/sn84036276/1892-12-24,2,4,1,3
lccn/sn84036276/1900-06-22,1,2,9,-7
lccn/sn84036276/1900-07-27,1,0,0,0
lccn/sn84036276/1901-07-26,1,5,8,-3
lccn/sn87065462/1910-01-06,2,9,8,1
lccn/sn84036220/1912-09-17,2,7,6,1
lccn/sn84036220/1913-01-21,1,5,6,-1
lccn/sn83030431/1918-03-14,2,9,4,5
lccn/sn85058130/1885-09-01,1,8,9,-1
lccn/sn85058130/1885-09-03,1,5,5,0
lccn/sn83045433/1921-04-30,2,6,4,2
lccn/sn83045433/1920-09-14,1,12,17,-5
lccn/sn83045433/1920-12-06,2,8,3,5
lccn/sn83045433/1921-09-12,1,6,7,-1
lccn/sn84026749/1915-07-07,1,3,4,-1
lccn/sn82014635/1901-09-05,2,11,8,3
lccn/sn82014296/1868-03-03,1,4,4,0
lccn/sn89064515/1915-05-21,1,3,6,-3
lccn/sn92053933/1922-03-25,2,21,8,13
lccn/sn90059028/1880-10-14,2,15,3,12
lccn/sn97070614/1901-02-22,2,10,4,6
lccn/sn97070614/1901-06-28,1,9,10,-1
lccn/sn97070614/1901-10-25,2,8,5,3
lccn/sn97070614/1902-06-13,1,6,11,-5
lccn/sn97070614/1902-11-21,1,10,10,0
lccn/sn97070614/1902-11-28,1,3,3,0
lccn/sn82014635/1904-04-06,2,12,9,3
lccn/sn82014635/1903-04-29,2,28,11,17
lccn/sn82014635/1903-06-20,2,9,8,1
lccn/sn82014635/1903-08-22,2,14,3,11
lccn/sn82014635/1903-09-12,2,15,11,4
lccn/sn85042461/1897-11-25,1,2,14,-12
lccn/sn92053933/1922-07-07,1,8,8,0
lccn/sn89064515/1918-06-21,1,2,13,-11
lccn/sn89064515/1919-12-05,1,0,3,-3
lccn/sn82014635/1902-09-12,2,15,4,11
lccn/sn85042461/1895-07-12,2,14,2,12
lccn/sn92053933/1922-05-30,2,13,3,10
lccn/sn92053933/1922-06-05,1,8,8,0
lccn/sn92053933/1922-10-04,2,7,1,6
lccn/sn90059028/1880-10-07,2,28,1,27
lccn/sn89064515/1917-08-24,2,8,6,2
lccn/sn89064515/1916-09-01,1,4,9,-5
lccn/sn82014296/1867-09-03,2,12,4,8
lccn/sn85042461/1897-12-19,2,17,15,2
lccn/sn85042461/1897-12-19,2,10,5,5
lccn/sn86071985/1901-02-16,2,11,1,10
lccn/sn91090200/1883-12-22,2,13,10,3
lccn/sn91068748/1921-06-24,2,17,15,2
lccn/sn99063952/1893-06-23,2,11,4,7
lccn/sn99063954/1893-09-18,2,11,9,2
lccn/sn99063952/1892-11-30,2,9,4,5
lccn/sn91068765/1918-05-10,2,11,5,6
lccn/sn99063952/1888-03-06,1,1,3,-2
lccn/sn91068748/1922-03-24,1,2,3,-1
lccn/sn91068748/1922-04-14,2,7,5,2
lccn/sn91068748/1920-03-12,1,8,11,-3
lccn/sn99063952/1889-10-22,1,5,10,-5
lccn/sn84020751/1904-08-25,2,4,1,3
lccn/sn85038615/1911-01-29,1,4,14,-10
lccn/sn85038615/1911-04-01,2,8,6,2
lccn/sn84026561/1862-02-05,1,9,14,-5
lccn/sn84036012/1895-01-13,2,10,8,2
lccn/sn99063957/1914-05-02,1,1,3,-2
lccn/sn99063957/1914-05-05,2,9,5,4
lccn/sn99063957/1914-02-06,2,19,4,15
lccn/sn99063957/1913-09-29,2,24,8,16
lccn/sn91068748/1919-03-07,2,5,1,4
lccn/sn99063957/1914-03-20,2,10,8,2
lccn/sn99063957/1915-03-10,1,1,6,-5
lccn/sn99063957/1915-03-13,2,13,11,2
lccn/sn99063957/1914-10-06,2,9,2,7
lccn/sn83045211/1920-07-08,2,2,1,1
lccn/sn83045211/1920-10-15,2,15,9,6
lccn/sn87078000/1893-06-27,2,8,7,1
lccn/sn87078000/1891-12-01,1,8,13,-5
lccn/sn87078000/1891-12-12,2,8,6,2
lccn/sn85058130/1885-10-22,1,4,4,0
lccn/sn85058130/1885-11-18,1,3,6,-3
lccn/sn85058130/1885-05-16,2,16,12,4
lccn/sn85058130/1885-05-26,2,13,8,5
lccn/sn85058130/1885-05-27,2,7,6,1
lccn/sn85058130/1885-05-28,2,13,5,8
lccn/sn85058130/1885-05-29,2,10,1,9
lccn/sn85058130/1885-05-31,2,11,1,10
lccn/sn85058130/1885-06-04,2,11,1,10
lccn/sn85058130/1885-06-09,2,8,2,6
lccn/sn85058130/1885-06-12,2,8,1,7
lccn/sn85058130/1885-06-13,2,8,1,7
lccn/sn85058130/1885-06-16,2,9,1,8
lccn/sn85058130/1885-12-19,2,8,3,5
lccn/sn85058130/1885-12-22,2,10,4,6
lccn/sn85058130/1885-12-30,2,7,2,5
lccn/sn85058130/1885-12-31,2,8,2,6
lccn/sn85058130/1882-10-08,2,16,10,6
lccn/sn83025316/1917-06-03,2,8,3,5
lccn/sn85053040/1885-09-12,2,6,4,2
lccn/sn90052434/1852-08-14,1,2,2,0
lccn/sn90052434/1853-12-17,2,8,0,8
lccn/sn90052434/1854-01-07,2,8,5,3
lccn/sn90052434/1854-01-14,2,9,1,8
lccn/sn90052434/1854-01-21,2,7,3,4
lccn/sn90052434/1854-02-04,2,9,7,2
lccn/sn85033295/1880-08-11,1,4,4,0
lccn/sn85040724/1906-11-09,2,8,3,5
lccn/sn83025316/1918-04-15,2,8,3,5
lccn/sn83025316/1918-01-06,2,10,2,8
lccn/sn84036256/1921-06-03,1,5,8,-3
lccn/sn84036256/1919-07-04,1,7,10,-3
lccn/sn86071593/1920-07-15,1,3,10,-7
lccn/sn86071593/1922-09-12,2,10,2,8
lccn/sn83025668/1908-06-04,1,10,12,-2
lccn/sn86082061/1909-09-09,1,4,17,-13
lccn/sn86082061/1904-08-11,1,2,8,-6
lccn/sn86082061/1904-12-08,1,7,7,0
lccn/sn86082061/1900-09-13,2,2,0,2
lccn/sn86082061/1900-09-13,2,12,5,7
lccn/sn83025668/1922-12-07,2,4,2,2
lccn/sn86082061/1897-04-15,1,10,12,-2
lccn/sn93063557/1914-08-14,1,0,0,0
lccn/sn93063557/1915-04-16,2,13,1,12
lccn/sn93063557/1915-06-18,1,5,11,-6
lccn/sn93063557/1907-11-22,1,0,0,0
lccn/sn93063557/1907-12-20,2,3,0,3
lccn/sn93063557/1905-03-31,2,8,1,7
lccn/sn83025668/1918-08-29,2,9,5,4
lccn/sn93063557/1903-10-02,1,10,10,0
lccn/sn86071593/1921-02-08,1,3,6,-3
lccn/sn86071593/1921-03-15,1,3,3,0
lccn/sn86071593/1920-10-14,2,10,9,1
lccn/sn86071593/1921-04-30,1,3,11,-8
lccn/sn86071593/1921-04-30,1,8,11,-3
lccn/sn86071593/1921-05-10,2,12,2,10
lccn/sn86071593/1921-05-13,2,5,3,2
lccn/sn86071593/1921-10-08,2,20,10,10
lccn/sn86071593/1921-10-15,2,14,4,10
lccn/sn86071593/1921-06-16,2,12,9,3
lccn/sn90000523/1896-03-27,1,5,8,-3
lccn/sn86082061/1900-07-19,1,1,10,-9
lccn/sn93063557/1913-01-31,2,16,8,8
lccn/sn93063557/1913-05-23,1,2,3,-1
lccn/sn93063557/1909-11-19,2,14,6,8
lccn/sn93063557/1909-12-31,2,13,1,12
lccn/sn93063557/1908-10-30,1,0,0,0
lccn/sn93063557/1911-11-24,2,4,2,2
lccn/sn93063557/1911-12-22,2,5,2,3
lccn/sn86082061/1910-06-30,1,2,2,0
lccn/sn86082061/1910-07-28,2,5,4,1
lccn/sn96088356/1915-12-31,2,8,4,4
lccn/sn89060136/1924-01-18,2,3,2,1
lccn/sn89060136/1924-11-21,2,3,2,1
lccn/sn89060136/1921-08-05,1,3,11,-8
lccn/sn89060136/1922-06-02,2,6,4,2
lccn/sn89060136/1922-04-21,2,6,4,2
lccn/sn89060136/1918-11-29,1,6,6,0
lccn/sn89060136/1918-11-22,2,11,4,7
lccn/sn89060136/1923-03-09,2,9,4,5
lccn/sn89060136/1923-04-20,2,10,9,1
lccn/sn89060136/1923-06-15,1,3,12,-9
lccn/sn89060136/1921-04-22,1,2,4,-2
lccn/sn85042400/1909-02-10,2,9,5,4
lccn/sn96088356/1917-09-28,2,15,12,3
lccn/sn89060136/1939-03-10,2,2,1,1
lccn/sn89060136/1939-05-19,2,8,3,5
lccn/sn89060136/1939-09-22,2,2,0,2
lccn/sn89060136/1940-11-01,1,1,1,0
lccn/sn89060136/1937-06-11,1,6,10,-4
lccn/sn89060136/1938-02-18,2,9,4,5
lccn/sn89060136/1938-06-17,1,8,8,0
lccn/sn89060136/1944-09-22,2,16,15,1
lccn/sn89060136/1945-06-01,1,7,11,-4
lccn/sn89060136/1945-09-14,2,20,8,12
lccn/sn89060136/1945-10-19,2,4,0,4
lccn/sn89060136/1935-09-27,1,0,0,0
lccn/sn89060136/1936-03-20,2,2,0,2
lccn/sn89060136/1942-07-31,1,5,17,-12
lccn/sn89060136/1944-03-17,2,11,3,8
lccn/sn89060136/1946-01-11,2,18,5,13
lccn/sn89060136/1946-09-13,1,2,9,-7
lccn/sn89060136/1946-09-20,1,3,4,-1
lccn/sn89060136/1946-09-20,2,16,9,7
lccn/sn89060136/1937-01-22,1,2,5,-3
lccn/sn89060136/1926-05-28,2,2,0,2
lccn/sn89060136/1926-06-18,1,4,5,-1
lccn/sn89060136/1927-07-01,1,6,10,-4
lccn/sn89060136/1925-02-06,2,14,7,7
lccn/sn89060136/1934-06-08,2,17,5,12
lccn/sn89060136/1926-04-16,1,2,8,-6
lccn/sn89060136/1929-07-19,2,16,9,7
lccn/sn89060136/1929-09-13,2,10,4,6
lccn/sn89060136/1927-11-04,1,3,5,-2
lccn/sn89060136/1932-05-13,1,6,13,-7
lccn/sn89060136/1922-08-11,2,7,4,3
lccn/sn84028140/1902-09-15,2,15,5,10
lccn/sn84028140/1902-02-13,2,11,2,9
lccn/sn84028140/1901-10-18,2,7,2,5
lccn/sn88064237/1892-12-03,2,13,1,12
lccn/sn86079080/1914-05-30,2,5,3,2
lccn/sn86079080/1877-08-18,2,3,1,2
lccn/sn88064402/1907-12-13,2,13,6,7
lccn/sn88064402/1910-08-19,1,0,0,0
lccn/sn88064402/1902-06-13,2,5,2,3
lccn/sn88064402/1921-09-03,1,5,8,-3
lccn/sn86063623/1902-12-27,2,5,2,3
lccn/sn86063623/1906-11-03,2,12,3,9
lccn/sn86063623/1907-05-18,2,11,10,1
lccn/sn89066901/1916-05-18,2,11,4,7
lccn/sn89066901/1914-04-23,2,17,14,3
lccn/sn89066901/1914-05-28,2,7,1,6
lccn/sn89066901/1914-06-04,1,7,10,-3
lccn/sn89066901/1914-10-15,1,16,18,-2
lccn/sn89066901/1915-03-04,2,4,2,2
lccn/sn89066901/1915-05-20,1,6,8,-2
lccn/sn89066901/1919-04-03,1,1,2,-1
lccn/sn89066901/1920-12-02,1,9,10,-1
lccn/sn89066901/1917-03-01,1,2,5,-3
lccn/sn89066901/1917-09-27,2,12,4,8
lccn/sn89066901/1918-03-21,1,4,9,-5
lccn/sn86091092/1912-11-22,2,10,2,8
lccn/sn89066901/1922-03-09,2,5,3,2
lccn/sn89066901/1922-10-26,2,20,10,10
lccn/sn84026909/1871-02-01,1,0,0,0
lccn/sn84026897/1844-01-03,1,0,0,0
lccn/sn93067705/1898-12-13,2,4,0,4
lccn/sn93067760/1914-09-09,2,8,2,6
lccn/sn93067760/1914-10-14,2,13,6,7
lccn/sn93067760/1914-10-21,2,7,2,5
lccn/sn93067760/1914-12-02,1,3,5,-2
lccn/sn93067705/1899-05-16,1,0,0,0
lccn/sn93067951/1922-04-13,2,7,1,6
lccn/sn93067951/1922-06-01,2,7,1,6
lccn/sn83025799/1870-05-04,1,0,0,0
lccn/sn85034375/1921-05-27,1,2,3,-1
lccn/sn85034375/1921-07-15,2,10,6,4
lccn/sn85034375/1918-03-22,2,19,12,7
lccn/sn85034375/1906-10-13,2,18,7,11
lccn/sn85032490/1886-11-10,1,0,0,0
lccn/sn85032490/1887-11-01,2,7,2,5
lccn/sn85032490/1887-11-02,1,0,0,0
lccn/sn85032490/1887-11-03,1,0,0,0
lccn/sn85032490/1887-11-05,1,0,0,0
lccn/sn85032490/1887-11-08,2,8,0,8
lccn/sn85032490/1887-11-10,1,3,3,0
lccn/sn85032490/1887-11-11,2,13,3,10
lccn/sn85032490/1887-11-12,2,8,3,5
lccn/sn85032490/1887-06-01,1,6,7,-1
lccn/sn83030431/1917-03-25,2,4,3,1
lccn/sn84028140/1899-06-21,2,7,6,1
lccn/sn84028140/1899-12-30,1,0,0,0
lccn/sn84028140/1900-03-30,1,5,7,-2
lccn/sn86071158/1891-05-28,2,23,4,19
lccn/sn86071158/1896-02-23,1,0,0,0
lccn/sn88085012/1909-09-09,2,7,3,4
lccn/sn82015679/1892-11-29,2,13,2,11
lccn/sn84024283/1882-12-07,1,11,11,0
lccn/sn86063381/1916-03-23,2,20,4,16
lccn/sn86063381/1919-02-14,1,1,4,-3
lccn/sn83045462/1907-09-13,2,11,1,10
lccn/sn89064939/1890-07-23,2,9,3,6
lccn/sn89064939/1891-06-10,1,4,5,-1
lccn/sn89064939/1891-06-17,1,0,0,0
lccn/sn83045462/1906-01-20,2,28,7,21
lccn/sn83045462/1907-12-07,1,11,16,-5
lccn/sn92053934/1909-03-12,1,0,0,0
lccn/sn92053934/1907-05-11,2,10,2,8
lccn/sn92053934/1907-07-20,2,21,2,19
lccn/sn92053934/1907-11-02,2,8,6,2
lccn/sn83045462/1906-03-15,2,8,5,3
lccn/sn83045462/1907-10-31,2,5,2,3
lccn/sn96076776/1912-05-10,2,8,5,3
lccn/sn96076776/1912-05-17,2,13,2,11
lccn/sn96076776/1912-09-06,1,4,7,-3
lccn/sn96076776/1913-06-13,2,18,1,17
lccn/sn96076776/1913-06-20,1,1,1,0
lccn/sn99021999/1921-08-28,1,1,9,-8
lccn/sn99021999/1920-12-19,1,8,8,0
lccn/sn99021999/1921-04-10,1,6,9,-3
lccn/sn99021999/1921-05-15,2,10,6,4
lccn/sn99021999/1921-06-17,2,17,8,9
lccn/sn99021999/1921-03-29,2,6,4,2
lccn/sn99021999/1921-04-21,1,4,9,-5
lccn/sn82016014/1915-03-02,2,13,0,13
lccn/sn85066387/1896-07-05,2,12,0,12
lccn/sn82016014/1914-11-13,2,6,0,6
lccn/sn85066387/1896-11-01,2,10,8,2
lccn/sn82016014/1915-06-22,2,10,5,5
lccn/sn82016014/1915-05-26,2,17,11,6
lccn/sn85066387/1896-08-30,2,9,3,6
lccn/sn82016014/1915-05-15,1,6,6,0
lccn/sn82016014/1915-05-29,2,13,3,10
lccn/sn82016014/1916-12-02,1,5,15,-10
lccn/sn82016014/1916-02-05,2,10,3,7
lccn/sn82016014/1916-03-20,1,9,12,-3
lccn/sn85066387/1912-12-12,2,19,2,17
lccn/sn85066387/1912-12-12,2,20,2,18
lccn/sn99021999/1920-06-23,1,0,0,0
lccn/sn99021999/1920-05-14,2,14,3,11
lccn/sn96077142/1897-09-11,1,2,6,-4
lccn/sn85066387/1896-11-08,2,15,5,10
lccn/sn85066387/1896-09-13,2,13,3,10
lccn/sn82016014/1915-11-16,1,10,12,-2
lccn/sn82016014/1915-12-04,2,16,11,5
lccn/sn82016014/1916-01-07,2,10,9,1
lccn/sn82016014/1916-01-08,1,2,6,-4
lccn/sn87055779/1921-12-07,2,8,2,6
lccn/sn87055779/1921-09-01,2,10,9,1
lccn/sn87055779/1921-07-08,1,3,7,-4
lccn/sn83045462/1923-02-19,1,0,0,0
lccn/sn83045462/1923-04-18,2,4,3,1
lccn/sn85066387/1913-01-16,1,6,9,-3
lccn/sn78000395/1904-09-10,1,10,12,-2
lccn/sn85066387/1913-06-30,2,5,2,3
lccn/sn85025620/1905-02-24,2,11,7,4
lccn/sn83045462/1923-05-13,2,8,2,6
lccn/sn83045462/1923-06-03,1,2,3,-1
lccn/sn99021999/1919-11-14,2,15,4,11
lccn/sn83045462/1923-06-19,2,9,4,5
lccn/sn96077142/1904-07-23,1,7,11,-4
lccn/sn84024055/1921-12-10,2,15,6,9
lccn/sn86058226/1908-03-26,2,8,6,2
lccn/sn86058226/1910-03-06,2,12,5,7
lccn/sn86058226/1910-03-08,2,11,3,8
lccn/sn86058226/1910-04-23,1,0,0,0
lccn/sn84024055/1916-12-02,1,0,0,0
lccn/sn84024055/1916-12-23,1,0,0,0
lccn/sn84024055/1916-12-30,1,5,6,-1
lccn/sn84024055/1917-01-06,2,9,5,4
lccn/sn84024055/1917-01-13,1,6,6,0
lccn/sn84024055/1920-03-20,2,7,1,6
lccn/sn86058226/1918-08-27,2,6,4,2
lccn/sn86058226/1918-02-21,1,4,6,-2
lccn/sn84024055/1898-12-10,2,10,9,1
lccn/sn84024055/1898-02-19,2,12,8,4
lccn/sn86058226/1916-03-07,1,4,12,-8
lccn/sn86058226/1916-03-11,2,2,0,2
lccn/sn86058226/1916-04-12,1,9,10,-1
lccn/sn86058226/1917-09-12,2,6,5,1
lccn/sn86058226/1916-10-09,1,2,2,0
lccn/sn86058226/1917-04-23,1,3,3,0
lccn/sn86058226/1917-05-14,1,8,10,-2
lccn/sn86058226/1916-10-23,1,4,9,-5
lccn/sn86058226/1916-12-27,1,3,6,-3
lccn/sn86058226/1917-01-13,2,9,7,2
lccn/sn86058226/1917-01-24,2,10,9,1
lccn/sn87052181/1912-05-04,2,11,6,5
lccn/sn87052181/1913-04-19,2,15,2,13
lccn/sn87052181/1914-11-21,2,7,2,5
lccn/sn87052181/1916-01-08,2,10,8,2
lccn/sn87052181/1916-02-12,2,13,6,7
lccn/sn87055779/1914-11-05,1,3,8,-5
lccn/sn87055779/1914-11-11,1,5,10,-5
lccn/sn87052181/1917-03-03,1,4,4,0
lccn/sn87052181/1917-04-21,2,26,10,16
lccn/sn87055779/1914-09-17,1,9,10,-1
lccn/sn87055779/1914-07-28,2,11,4,7
lccn/sn87055779/1914-03-17,2,23,5,18
lccn/sn87055779/1914-03-10,1,1,2,-1
lccn/sn87055779/1914-05-08,1,4,10,-6
lccn/sn87052181/1919-12-06,2,6,5,1
lccn/sn89066240/1913-05-09,2,17,13,4
lccn/sn89066240/1913-10-17,2,7,6,1
lccn/sn90061056/1902-02-21,2,19,9,10
lccn/sn86058226/1921-06-09,2,26,5,21
lccn/sn86058226/1920-04-16,2,13,7,6
lccn/sn86058226/1920-05-03,2,6,2,4
lccn/sn86058226/1920-07-30,1,1,2,-1
lccn/sn86058226/1920-06-05,2,6,2,4
lccn/sn86058226/1921-05-28,1,3,9,-6
lccn/sn86058226/1921-03-21,2,34,3,31
lccn/sn86058226/1921-03-30,1,8,9,-1
lccn/sn86058226/1920-11-01,2,12,3,9
lccn/sn86058226/1920-03-06,1,13,16,-3
lccn/sn86058226/1920-03-10,1,2,8,-6
lccn/sn86058226/1920-12-07,2,14,6,8
lccn/sn86058226/1920-12-28,2,7,0,7
lccn/sn86058226/1921-11-03,2,22,5,17
lccn/sn86058226/1921-10-28,2,7,1,6
lccn/sn86058226/1921-11-03,2,7,5,2
lccn/sn86058226/1920-09-08,1,7,8,-1
lccn/sn87055779/1913-12-01,1,0,0,0
lccn/sn90061056/1908-11-27,2,16,11,5
lccn/sn89066240/1911-12-21,2,5,4,1
lccn/sn89066240/1912-05-17,2,4,3,1
lccn/sn89066240/1912-05-31,1,2,5,-3
lccn/sn89066240/1908-09-18,2,6,5,1
lccn/sn86058226/1922-03-23,2,12,1,11
lccn/sn86058226/1922-02-14,2,11,6,5
lccn/sn84026897/1908-06-17,2,9,1,8
lccn/sn84026897/1897-06-16,1,0,0,0
lccn/sn84026897/1912-07-10,2,39,7,32
lccn/sn84026897/1913-02-19,1,7,9,-2
lccn/sn84026897/1914-12-02,2,24,9,15
lccn/sn93067846/1920-11-20,2,20,7,13
lccn/sn93067846/1918-02-02,1,5,10,-5
lccn/sn93067846/1917-04-21,2,10,3,7
lccn/sn93067846/1917-10-17,2,9,7,2
lccn/sn93067846/1915-12-04,2,11,2,9
lccn/sn84026897/1901-11-13,1,6,8,-2
lccn/sn84026897/1911-09-13,2,7,6,1
lccn/sn93067760/1914-11-04,2,8,5,3
lccn/sn93067760/1914-11-11,2,7,0,7
lccn/sn93067760/1922-09-27,2,4,0,4
lccn/sn93067760/1918-06-19,1,0,1,-1
lccn/sn93067846/1882-11-21,1,0,0,0
lccn/sn93067846/1882-11-28,1,8,10,-2
lccn/sn93067846/1882-12-05,1,9,10,-1
lccn/sn84027008/1874-10-04,1,0,0,0
lccn/sn84027008/1874-10-07,2,7,1,6
lccn/sn93067846/1901-01-02,1,0,0,0
lccn/sn93067846/1899-10-25,1,6,6,0
lccn/sn93067846/1904-08-10,2,11,3,8
lccn/sn93067846/1904-08-17,2,9,5,4
lccn/sn93067846/1904-08-17,2,9,5,4
lccn/sn93067846/1891-09-09,2,2,1,1
lccn/sn93067846/1891-12-16,1,2,6,-4
lccn/sn93067846/1912-09-18,2,7,5,2
lccn/sn93067846/1913-04-30,2,41,5,36
lccn/sn93067846/1913-05-28,2,16,1,15
lccn/sn93067846/1910-09-10,2,11,8,3
lccn/sn93067846/1911-08-30,1,2,5,-3
lccn/sn93067846/1914-04-22,2,13,4,9
lccn/sn84026897/1921-04-27,2,17,5,12
lccn/sn84026897/1921-11-23,2,7,2,5
lccn/sn84026897/1922-03-15,1,8,8,0
lccn/sn84026897/1918-07-03,1,7,16,-9
lccn/sn93067760/1912-09-11,1,5,8,-3
lccn/sn93067671/1918-08-15,1,0,0,0
lccn/sn93067671/1918-09-05,1,2,4,-2
lccn/sn93067846/1907-11-27,2,12,0,12
lccn/sn85033673/1880-05-18,2,15,9,6
lccn/sn85033673/1881-05-13,1,9,13,-4
lccn/sn91068476/1907-05-28,2,21,11,10
lccn/sn85038615/1912-04-17,1,1,2,-1
lccn/sn85038615/1912-05-12,1,24,24,0
lccn/sn91068476/1916-08-08,1,7,13,-6
lccn/sn96088376/1900-12-06,2,9,2,7
lccn/sn96088376/1901-03-07,2,11,3,8
lccn/sn96088376/1901-03-28,2,3,1,2
lccn/sn96088376/1901-04-18,2,15,1,14
lccn/sn91068476/1916-01-21,2,21,19,2
lccn/sn96088376/1892-05-20,2,18,7,11
lccn/sn96088034/1909-06-25,1,0,0,0
lccn/sn85038615/1912-08-04,2,3,2,1
lccn/sn85038615/1912-07-07,2,10,1,9
lccn/sn88086023/1908-05-19,2,24,19,5
lccn/sn93051637/1873-09-06,2,12,11,1
lccn/sn91068476/1913-03-25,2,12,7,5
lccn/sn96088034/1909-06-18,1,1,3,-2
lccn/sn91068476/1911-04-18,2,7,4,3
lccn/sn91068476/1911-07-18,2,11,3,8
lccn/sn91068476/1911-07-25,1,10,10,0
lccn/sn91068476/1911-08-01,2,11,4,7
lccn/sn91068476/1917-01-16,1,6,11,-5
lccn/sn91068476/1919-01-28,2,11,5,6
lccn/sn91068476/1920-10-22,1,0,0,0
lccn/sn91068476/1920-04-02,2,7,3,4
lccn/sn95068565/1881-11-16,2,8,5,3
lccn/sn83025308/1892-01-08,1,4,4,0
lccn/sn83025316/1913-02-02,2,6,3,3
lccn/sn83025316/1913-04-22,2,9,3,6
lccn/sn99061556/1898-05-17,1,4,11,-7
lccn/sn88086023/1908-12-25,2,8,2,6
lccn/sn88061179/1905-04-27,1,0,0,0
lccn/sn83025316/1913-03-11,1,5,11,-6
lccn/sn88061179/1899-12-21,2,5,1,4
lccn/sn84038119/1877-01-16,2,7,1,6
lccn/sn84022472/1909-06-16,1,7,10,-3
lccn/sn85049554/1908-04-11,1,4,13,-9
lccn/sn84022472/1909-06-23,2,14,6,8
lccn/sn85047084/1894-07-24,1,0,0,0
lccn/sn85049554/1906-12-28,1,3,18,-15
lccn/sn84022472/1909-07-19,2,13,6,7
lccn/sn84022472/1909-07-31,2,7,0,7
lccn/sn85049554/1908-02-13,2,11,2,9
lccn/sn85049554/1908-07-13,2,10,2,8
lccn/sn85049554/1908-03-27,2,6,4,2
lccn/sn85049554/1908-03-30,2,23,4,19
lccn/sn92051227/1922-04-22,2,19,7,12
lccn/sn92051227/1921-12-01,2,8,5,3
lccn/sn92051227/1922-02-16,2,8,5,3
lccn/sn85049554/1906-10-25,1,7,7,0
lccn/sn85049554/1906-12-28,2,12,8,4
lccn/sn85049554/1907-09-14,2,13,8,5
lccn/sn85049554/1907-09-24,2,19,6,13
lccn/sn85049554/1907-10-03,1,0,0,0
lccn/sn85049554/1907-05-11,1,7,8,-1
lccn/sn85049554/1907-02-21,2,7,5,2
lccn/sn84022472/1909-02-20,2,12,5,7
lccn/sn92051227/1921-06-17,2,12,9,3
lccn/sn85049554/1909-05-31,1,7,10,-3
lccn/sn92051227/1921-08-30,1,6,16,-10
lccn/sn85049554/1909-06-12,2,15,4,11
lccn/sn92051227/1921-09-23,2,6,3,3
lccn/sn92051227/1921-12-02,2,5,3,2
lccn/sn99021999/1908-10-07,2,10,0,10
lccn/sn85049554/1909-01-26,2,8,3,5
lccn/sn99021999/1908-06-08,2,19,6,13
lccn/sn85049554/1908-12-31,2,7,3,4
lccn/sn88053087/1898-12-07,1,5,8,-3
lccn/sn85049554/1906-07-02,1,6,6,0
lccn/sn82016014/1906-09-29,2,6,2,4
lccn/sn87062268/1910-01-16,2,9,8,1
lccn/sn87062268/1910-05-31,1,3,4,-1
lccn/sn82016014/1907-03-26,2,17,4,13
lccn/sn99021999/1909-08-25,2,18,4,14
lccn/sn78001466/1922-03-03,1,3,9,-6
lccn/sn99021999/1909-09-07,2,19,7,12
lccn/sn92051227/1922-05-12,1,11,12,-1
lccn/sn92051227/1922-11-15,2,10,3,7
lccn/sn99021999/1909-05-13,2,6,1,5
lccn/sn82016014/1908-02-03,2,18,1,17
lccn/sn95047299/1916-05-26,2,14,6,8
lccn/sn95047299/1915-11-26,2,24,7,17
lccn/sn95060791/1922-06-02,1,10,13,-3
lccn/sn95047299/1911-04-28,1,12,12,0
lccn/sn99021999/1910-03-05,1,6,7,-1
lccn/sn82016014/1907-12-02,2,6,0,6
lccn/sn95047299/1911-03-10,2,15,4,11
lccn/sn99021999/1910-03-03,2,7,5,2
lccn/sn99021999/1910-03-27,2,15,2,13
lccn/sn99021999/1910-04-01,2,5,2,3
lccn/sn95047298/1905-05-19,2,15,6,9
lccn/sn99021999/1909-07-08,1,6,8,-2
lccn/sn82016014/1906-10-18,1,3,7,-4
lccn/sn82016014/1906-12-04,1,10,21,-11
lccn/sn78001466/1922-05-17,2,15,2,13
lccn/sn82016014/1906-09-25,2,10,5,5
lccn/sn99021999/1909-05-27,1,0,0,0
lccn/sn87062268/1910-03-29,2,16,7,9
lccn/sn92051227/1922-12-28,1,17,17,0
lccn/sn85049554/1906-01-03,2,10,6,4
lccn/sn85042461/1896-03-27,2,14,9,5
lccn/sn84025968/1892-01-16,2,8,1,7
lccn/sn82016014/1909-02-10,2,14,6,8
lccn/sn95047299/1917-05-11,1,8,10,-2
lccn/sn82016014/1907-02-09,2,4,2,2
lccn/sn82016014/1907-08-07,2,10,6,4
lccn/sn83045462/1907-05-12,2,20,5,15
lccn/sn83045462/1907-03-28,2,6,2,4
lccn/sn89064939/1886-10-13,2,18,1,17
lccn/sn83045433/1916-02-22,1,5,6,-1
lccn/sn90059228/1917-05-09,2,5,3,2
lccn/sn89067390/1910-03-10,2,5,3,2
lccn/sn89067390/1914-05-14,2,8,5,3
lccn/sn90059228/1918-01-30,2,11,6,5
lccn/sn83045433/1916-04-01,2,12,3,9
lccn/sn90059228/1922-05-10,2,5,2,3
lccn/sn90059228/1922-09-13,2,9,5,4
lccn/sn90059228/1922-11-29,2,19,2,17
lccn/sn90059228/1921-03-02,1,2,4,-2
lccn/sn90059228/1921-11-02,2,4,3,1
lccn/sn90059228/1921-11-02,1,11,15,-4
lccn/sn90059228/1921-11-23,2,4,1,3
lccn/sn90059228/1918-03-20,1,3,10,-7
lccn/sn89067390/1919-02-27,1,2,10,-8
lccn/sn89067390/1919-09-04,2,3,2,1
lccn/sn89067390/1920-07-01,2,10,2,8
lccn/sn90059228/1907-07-25,1,1,5,-4
lccn/sn90059228/1907-02-14,2,5,2,3
lccn/sn84024283/1899-07-20,2,8,3,5
lccn/sn84024283/1899-09-14,1,1,4,-3
lccn/sn84024283/1899-11-30,2,11,5,6
lccn/sn89066178/1919-07-05,2,14,5,9
lccn/sn89066178/1919-10-04,2,13,8,5
lccn/sn89066178/1919-03-01,1,7,9,-2
lccn/sn90059228/1915-03-24,2,8,5,3
lccn/sn90059228/1913-01-23,2,10,0,10
lccn/sn92053934/1903-09-01,2,20,12,8
lccn/sn86063381/1907-03-25,2,10,3,7
lccn/sn92053934/1909-08-23,2,9,7,2
lccn/sn92053934/1909-06-22,1,6,6,0
lccn/sn86063381/1916-01-29,1,9,12,-3
lccn/sn89067390/1902-03-06,1,6,6,0
lccn/sn90059228/1911-05-04,2,12,1,11
lccn/sn90059228/1911-05-04,2,12,2,10
lccn/sn90059228/1913-02-20,2,8,3,5
lccn/sn90059228/1913-04-17,2,16,4,12
lccn/sn90059228/1909-10-07,2,8,7,1
lccn/sn92053934/1906-01-20,1,6,7,-1
lccn/sn90059228/1912-02-22,2,8,1,7
lccn/sn92053934/1904-05-24,2,8,1,7
lccn/sn92053934/1904-06-03,2,18,6,12
lccn/sn90059228/1895-08-29,2,6,5,1
lccn/sn92053934/1901-02-12,1,0,0,0
lccn/sn85038411/1917-06-21,1,6,21,-15
lccn/sn85038411/1917-07-09,1,6,6,0
lccn/sn2001063549/1914-05-,2,5,4,1
lccn/sn85038411/1917-10-03,1,4,7,-3
lccn/sn85038411/1917-11-17,2,3,0,3
lccn/sn85038411/1917-05-14,2,12,2,10
lccn/sn85038411/1917-05-25,2,12,4,8
lccn/sn2001063549/1914-05-,2,12,2,10
lccn/sn83045462/1910-03-05,2,9,1,8
lccn/sn83045462/1909-11-28,2,12,4,8
lccn/sn83045462/1909-12-07,2,3,0,3
lccn/sn85042303/1917-03-27,2,13,8,5
lccn/sn83045462/1909-03-20,1,8,12,-4
lccn/sn85042303/1917-06-21,1,0,0,0
lccn/sn83045462/1910-02-09,1,0,0,0
lccn/sn83045462/1910-03-24,1,4,9,-5
lccn/sn85042303/1917-06-13,2,7,0,7
lccn/sn83045462/1910-01-26,2,6,4,2
lccn/sn91099608/1882-07-08,2,9,1,8
lccn/sn85042303/1918-04-08,2,10,6,4
lccn/sn85042303/1919-05-30,1,0,0,0
lccn/sn85038411/1917-02-23,2,6,3,3
lccn/sn85038411/1917-02-24,2,16,8,8
lccn/sn85038411/1917-04-12,2,19,10,9
lccn/sn85038411/1916-11-14,2,14,3,11
lccn/sn83045462/1917-05-30,2,7,1,6
lccn/sn85042303/1919-12-02,1,2,7,-5
lccn/sn85042303/1918-03-20,2,14,6,8
lccn/sn85042303/1918-05-03,2,8,0,8
lccn/sn85042303/1918-05-26,1,4,6,-2
lccn/sn85042303/1918-01-22,2,7,6,1
lccn/sn85042303/1918-05-07,1,0,0,0
lccn/sn85042303/1918-05-14,1,2,7,-5
lccn/sn83045462/1917-07-19,2,9,5,4
lccn/sn85042303/1918-02-18,2,14,5,9
lccn/sn83045462/1910-03-25,1,5,5,0
lccn/sn85038411/1918-07-11,2,8,3,5
lccn/sn2001063549/1917-06-,1,2,9,-7
lccn/sn85038411/1918-04-03,1,4,12,-8
lccn/sn85038411/1918-04-24,1,3,3,0
lccn/sn85038411/1918-05-11,1,8,9,-1
lccn/sn85038411/1918-02-20,1,1,3,-2
lccn/sn2001063133/1892-05-,2,5,2,3
lccn/sn2001063133/1892-01-,2,10,6,4
lccn/sn2001063133/1892-02-,1,8,8,0
lccn/sn2001063133/1892-02-,2,9,1,8
lccn/sn2001063133/1894-11-,2,6,1,5
lccn/sn2001063133/1893-10-,2,10,9,1
lccn/sn2001063133/1894-05-,2,2,1,1
lccn/sn87080287/1895-02-04,2,18,12,6
lccn/sn91099608/1880-04-26,2,13,7,6
lccn/sn91099608/1880-04-27,1,5,7,-2
lccn/sn91099608/1880-04-28,2,15,3,12
lccn/sn91099608/1880-04-29,2,12,3,9
lccn/sn91099608/1880-04-30,1,1,6,-5
lccn/sn91099608/1880-05-03,2,13,4,9
lccn/sn91099608/1880-05-04,2,15,2,13
lccn/sn85042303/1921-01-05,2,6,5,1
lccn/sn85038411/1919-09-10,1,0,0,0
lccn/sn85038411/1919-02-13,2,10,9,1
lccn/sn85042303/1921-04-20,2,9,8,1
lccn/sn85042303/1921-05-22,2,27,1,26
lccn/sn85042303/1921-05-29,2,5,2,3
lccn/sn85038411/1918-12-19,2,8,2,6
lccn/sn2001063133/1896-04-,2,4,3,1
lccn/sn85042303/1921-03-20,2,17,1,16
lccn/sn85042303/1921-01-19,2,8,4,4
lccn/sn85038411/1918-11-06,1,3,10,-7
lccn/sn85038411/1919-11-05,2,10,8,2
lccn/sn85038411/1919-10-02,1,4,6,-2
lccn/sn85038411/1919-10-03,2,18,11,7
lccn/sn85042303/1920-03-07,2,11,5,6
lccn/sn96090259/1917-09-21,2,12,8,4
lccn/sn85042303/1922-06-11,2,7,6,1
lccn/sn85038411/1919-06-14,2,7,1,6
lccn/sn93057084/1907-08-29,1,6,10,-4
lccn/sn93057084/1912-08-29,1,8,10,-2
lccn/sn96090259/1914-06-12,2,8,6,2
lccn/sn85038411/1918-05-24,1,5,7,-2
lccn/sn85042303/1913-06-02,1,5,6,-1
lccn/sn88076086/1917-03-29,2,6,1,5
lccn/sn85042303/1920-09-08,2,9,1,8
lccn/sn83045462/1914-01-16,2,9,4,5
lccn/sn98066406/1898-05-13,2,3,1,2
lccn/sn98066406/1898-06-17,2,8,2,6
lccn/sn98066406/1906-08-24,1,6,7,-1
lccn/sn98066406/1901-05-24,2,18,2,16
lccn/sn98066406/1905-06-02,2,16,11,5
lccn/sn82015485/1895-09-14,2,5,1,4
lccn/sn98066406/1907-03-01,2,16,5,11
lccn/sn98066406/1907-06-07,2,5,4,1
lccn/sn95073194/1910-04-20,2,10,7,3
lccn/sn95073194/1910-06-01,2,8,6,2
lccn/sn95073194/1911-02-01,2,6,4,2
lccn/sn89064515/1904-01-22,1,3,3,0
lccn/sn95073194/1911-04-12,2,11,8,3
lccn/sn89064515/1904-01-29,2,13,11,2
lccn/sn95073194/1911-06-14,2,11,4,7
lccn/sn95073194/1911-06-07,2,14,3,11
lccn/sn89064515/1904-06-03,1,6,6,0
lccn/sn89064515/1901-08-09,2,16,9,7
lccn/sn98066406/1900-05-11,2,28,7,21
lccn/sn89064515/1905-12-15,1,3,6,-3
lccn/sn89064515/1907-08-16,1,4,9,-5
lccn/sn89064515/1906-07-20,1,0,0,0
lccn/sn83045462/1914-03-16,2,10,8,2
lccn/sn82015485/1906-02-17,1,6,7,-1
lccn/sn82015485/1906-05-12,2,4,3,1
lccn/sn83045462/1914-01-01,2,8,0,8
lccn/sn83045462/1913-10-31,1,3,3,0
lccn/sn85066387/1909-09-19,2,11,4,7
lccn/sn83045462/1913-10-24,2,8,3,5
lccn/sn92053934/1919-05-23,2,16,5,11
lccn/sn82015485/1913-05-10,2,11,7,4
lccn/sn82015485/1914-08-01,2,26,12,14
lccn/sn82015485/1917-03-03,1,0,0,0
lccn/sn82015485/1910-01-29,2,11,0,11
lccn/sn98066406/1917-03-22,2,10,5,5
lccn/sn89064515/1910-06-10,2,20,9,11
lccn/sn98066406/1916-12-28,1,4,5,-1
lccn/sn89064515/1910-12-23,2,9,3,6
lccn/sn89064515/1910-11-04,2,27,8,19
lccn/sn89064515/1911-06-09,1,6,6,0
lccn/sn89064515/1909-07-09,2,15,12,3
lccn/sn89064515/1908-06-05,2,8,6,2
lccn/sn89064515/1908-04-10,1,6,6,0
lccn/sn92053934/1918-04-10,2,7,2,5
lccn/sn92053933/1920-08-23,1,8,12,-4
lccn/sn97070614/1906-05-11,1,8,14,-6
lccn/sn97070614/1916-06-23,2,9,1,8
lccn/sn97070614/1916-02-04,1,2,4,-2
lccn/sn97070614/1909-05-21,2,13,9,4
lccn/sn97070614/1912-01-12,1,4,10,-6
lccn/sn97070614/1912-04-19,1,4,8,-4
lccn/sn83045462/1913-04-27,2,5,4,1
lccn/sn92053934/1919-05-28,1,7,7,0
lccn/sn92053934/1919-06-26,1,3,6,-3
lccn/sn83045462/1914-09-14,2,6,3,3
lccn/sn85025431/1887-08-17,1,16,16,0
lccn/sn85042462/1908-03-14,1,14,15,-1
lccn/sn99021999/1889-10-27,2,23,2,21
lccn/sn99021999/1883-04-30,2,6,3,3
lccn/sn85042461/1897-12-12,1,12,12,0
lccn/sn99021999/1885-09-18,2,8,6,2
lccn/sn99021999/1889-10-27,2,24,2,22
lccn/sn97070614/1913-06-13,1,6,8,-2
lccn/sn99021999/1903-09-01,2,17,5,12
lccn/sn99021999/1903-11-05,1,5,5,0
lccn/sn84038306/1902-10-29,2,5,1,4
lccn/sn87062268/1918-11-02,2,20,4,16
lccn/sn82016014/1900-07-19,2,18,17,1
lccn/sn82016014/1900-06-16,2,14,7,7
lccn/sn99021999/1904-04-25,1,9,15,-6
lccn/sn93049267/1922-02-04,2,6,4,2
lccn/sn84021930/1918-05-10,1,4,4,0
lccn/sn84021930/1919-02-21,1,4,6,-2
lccn/sn84021930/1918-11-29,2,6,5,1
lccn/sn84020558/1915-09-24,2,8,3,5
lccn/sn84020657/1913-09-09,1,8,9,-1
lccn/sn84020657/1913-09-18,1,0,5,-5
lccn/sn84020657/1913-09-23,1,3,18,-15
lccn/sn85042461/1895-05-05,1,10,12,-2
lccn/sn84020558/1914-10-08,2,5,4,1
lccn/sn84020657/1913-11-21,1,2,9,-7
lccn/sn84038306/1905-06-07,2,4,1,3
lccn/sn85047084/1900-10-17,2,10,2,8
lccn/sn84020558/1914-05-16,2,19,8,11
lccn/sn87062268/1918-05-21,2,7,0,7
lccn/sn84020657/1914-04-02,2,11,2,9
lccn/sn84020657/1914-06-23,1,0,0,0
lccn/sn84020657/1914-06-25,2,6,4,2
lccn/sn87057096/1907-11-07,2,13,5,8
lccn/sn87057096/1908-03-05,1,3,5,-2
lccn/sn87057096/1909-02-04,1,2,6,-4
lccn/sn87057096/1909-09-09,2,8,4,4
lccn/sn87057096/1907-01-17,2,12,5,7
lccn/sn84020657/1915-08-03,1,4,6,-2
lccn/sn84020657/1916-05-30,1,3,5,-2
lccn/sn84020657/1914-12-23,1,5,6,-1
lccn/sn84038306/1909-12-29,2,7,6,1
lccn/sn84020558/1914-04-19,2,24,14,10
lccn/sn87062268/1919-09-23,2,7,2,5
lccn/sn87057096/1903-02-05,2,22,4,18
lccn/sn87057096/1903-03-19,2,14,7,7
lccn/sn82016014/1901-07-22,1,9,14,-5
lccn/sn99021999/1904-11-23,2,7,3,4
lccn/sn99021999/1904-11-26,2,28,3,25
lccn/sn84020558/1915-05-17,2,12,5,7
lccn/sn84020657/1913-09-08,2,4,1,3
lccn/sn82014635/1901-06-09,2,15,6,9
lccn/2016270502/1896-12-08,2,12,8,4
lccn/2016270502/1897-06-29,2,13,1,12
lccn/2016270502/1897-06-19,2,7,3,4
lccn/2016270502/1897-05-27,1,0,0,0
lccn/2016270502/1897-10-28,2,7,3,4
lccn/sn84020558/1921-02-10,2,7,2,5
lccn/2016270503/1898-06-22,2,37,14,23
lccn/2016270503/1898-06-17,2,8,5,3
lccn/2016270503/1898-01-24,1,10,12,-2
lccn/sn84020558/1921-03-21,2,9,3,6
lccn/sn85066387/1898-06-21,2,10,6,4
lccn/sn95060914/1910-06-03,2,4,1,3
lccn/sn95060914/1910-05-13,2,11,7,4
lccn/sn95060914/1902-03-21,2,18,5,13
lccn/sn95060914/1900-12-14,2,13,8,5
lccn/sn95060914/1912-04-19,2,15,8,7
lccn/sn95060914/1912-09-13,2,29,16,13
lccn/sn95060914/1916-09-15,2,10,2,8
lccn/sn95060914/1913-12-05,1,8,9,-1
lccn/sn85066387/1898-03-16,2,6,4,2
lccn/sn85066387/1898-03-13,1,3,4,-1
lccn/sn95060914/1902-09-05,2,15,13,2
lccn/sn95060914/1922-02-28,2,18,10,8
lccn/sn95060914/1918-09-06,2,8,5,3
lccn/sn95060914/1913-08-08,2,18,10,8
lccn/sn86058226/1922-09-16,2,8,3,5
lccn/sn86058226/1922-11-03,1,10,14,-4
lccn/sn83045462/1908-03-12,2,5,4,1
lccn/sn90061066/1882-03-07,2,12,3,9
lccn/sn90061417/1911-09-01,2,2,1,1
lccn/sn90061417/1911-03-17,2,6,5,1
lccn/sn83045462/1913-01-08,1,3,8,-5
lccn/sn83045462/1908-04-26,2,19,6,13
lccn/sn83045462/1908-06-10,1,0,0,0
lccn/sn83045462/1908-06-18,1,2,2,0
lccn/sn90061417/1915-12-03,1,16,21,-5
lccn/sn90061417/1916-01-14,2,8,4,4
lccn/sn90061417/1916-04-28,1,2,6,-4
lccn/sn90061417/1916-06-09,1,2,3,-1
lccn/sn90061417/1915-01-29,2,5,4,1
lccn/sn90061417/1915-01-01,1,0,0,0
lccn/sn90061417/1915-04-02,2,5,3,2
lccn/sn83045462/1913-01-10,1,3,5,-2
lccn/sn90061417/1913-05-23,2,23,6,17
lccn/sn86058226/1919-07-23,2,9,6,3
lccn/sn86058226/1919-07-29,2,5,0,5
lccn/sn86058226/1919-05-22,1,5,11,-6
lccn/sn86058226/1919-05-29,1,0,0,0
lccn/sn86058226/1919-04-10,2,12,6,6
lccn/sn90061417/1919-01-17,2,6,4,2
lccn/sn86058226/1912-09-07,2,11,7,4
lccn/sn86058226/1912-09-11,1,2,7,-5
lccn/sn86058226/1912-09-24,1,5,18,-13
lccn/sn86058226/1913-12-01,1,1,6,-5
lccn/sn89066234/1911-09-23,1,5,7,-2
lccn/sn89066234/1910-04-02,2,8,4,4
lccn/sn89066234/1914-04-25,2,10,9,1
lccn/sn86063984/1878-10-16,2,3,1,2
lccn/sn89066234/1902-08-16,2,7,6,1
lccn/sn86063984/1877-06-27,2,6,4,2
lccn/sn86058226/1911-01-18,1,14,17,-3
lccn/sn86058226/1911-04-29,1,0,0,0
lccn/sn86063984/1878-08-14,2,12,3,9
lccn/sn86058226/1911-10-08,1,2,4,-2
lccn/sn86058226/1911-10-26,1,4,4,0
lccn/sn86058226/1911-10-29,2,15,7,8
lccn/sn86058226/1915-11-23,2,10,4,6
lccn/sn86058226/1911-06-21,2,9,3,6
lccn/sn86058226/1911-08-02,1,3,4,-1
lccn/sn86058226/1911-08-17,2,7,2,5
lccn/sn87055779/1915-06-04,2,10,6,4
lccn/sn87055779/1915-10-01,2,6,5,1
lccn/sn83016758/1913-04-03,2,9,5,4
lccn/sn87055779/1915-03-22,2,6,2,4
lccn/sn87055779/1915-02-19,2,8,2,6
lccn/sn87055779/1915-02-12,1,6,11,-5
lccn/sn83016758/1922-02-23,2,10,6,4
lccn/sn83016758/1922-06-29,2,18,4,14
lccn/sn83016758/1916-11-23,1,12,12,0
lccn/sn83016758/1916-06-08,2,7,6,1
lccn/sn83016758/1918-11-28,2,10,8,2
lccn/sn83016758/1919-12-11,1,4,4,0
lccn/sn86058242/1910-06-09,2,8,4,4
lccn/sn83040340/1880-09-10,2,1,0,1
lccn/sn94056415/1897-12-03,2,9,1,8
lccn/sn86058242/1912-10-28,2,11,5,6
lccn/sn86058242/1912-08-24,2,12,6,6
lccn/sn00065127/1903-03-13,1,8,8,0
lccn/sn00065127/1900-08-24,2,6,3,3
lccn/sn00065127/1897-01-22,2,10,6,4
lccn/sn00065127/1897-02-05,2,36,19,17
lccn/sn00065127/1897-03-26,2,16,8,8
lccn/sn86058242/1911-12-09,2,3,1,2
lccn/sn94050892/1920-12-10,2,12,7,5
lccn/sn86058242/1911-12-15,2,11,2,9
lccn/sn82015104/1896-02-11,1,2,7,-5
lccn/sn83040340/1886-09-24,2,11,9,2
lccn/sn86058242/1912-05-20,2,10,6,4
lccn/sn86058242/1912-06-11,2,7,5,2
lccn/sn83040340/1885-10-02,2,14,1,13
lccn/sn83040340/1885-12-18,2,8,6,2
lccn/sn83040340/1885-05-01,2,14,3,11
lccn/sn94050892/1922-04-07,2,5,4,1
lccn/sn94056415/1899-01-20,2,10,4,6
lccn/sn94056415/1899-11-10,1,0,0,0
lccn/sn86058242/1917-10-10,2,7,6,1
lccn/sn86058242/1913-01-16,2,5,3,2
lccn/sn94056415/1902-03-21,1,6,7,-1
lccn/sn94056415/1902-05-09,2,18,9,9
lccn/sn86058242/1913-05-17,2,9,6,3
lccn/sn94056415/1904-08-19,2,20,9,11
lccn/sn86058242/1913-05-28,2,12,4,8
lccn/sn86058242/1913-06-09,2,5,4,1
lccn/sn86058242/1913-06-19,1,8,8,0
lccn/sn86058242/1913-06-30,1,7,19,-12
lccn/sn94056415/1905-05-12,1,6,18,-12
lccn/sn94056415/1907-07-26,2,18,6,12
lccn/sn94056415/1907-08-02,2,14,4,10
lccn/sn94056415/1908-04-03,2,21,6,15
lccn/sn94056415/1908-01-31,1,21,21,0
lccn/sn94056415/1908-03-13,2,15,9,6
lccn/sn95069778/1897-04-15,1,13,19,-6
lccn/sn95069780/1900-09-27,2,11,6,5
lccn/sn95069780/1901-03-07,1,4,5,-1
lccn/sn95069778/1898-03-31,2,11,6,5
lccn/sn85033781/1907-06-14,2,10,2,8
lccn/sn94056415/1895-09-20,2,17,7,10
lccn/sn94056415/1896-02-07,2,6,5,1
lccn/sn85033781/1905-10-06,2,6,5,1
lccn/sn00065127/1902-05-16,2,21,3,18
lccn/sn86058242/1912-04-11,2,7,3,4
lccn/sn94050892/1920-11-05,2,32,9,23
lccn/sn94056415/1898-10-21,2,17,6,11
lccn/sn86058242/1912-02-02,2,5,3,2
lccn/sn95069780/1901-05-16,2,12,9,3
lccn/sn95070060/1900-11-01,2,8,3,5
lccn/sn95070060/1900-04-12,2,7,2,5
lccn/sn95070060/1900-05-31,2,14,8,6
lccn/sn85033781/1915-06-04,1,3,4,-1
lccn/sn85033781/1918-05-10,2,10,7,3
lccn/sn86058242/1913-04-09,2,6,5,1
lccn/sn82015104/1899-10-06,2,6,0,6
lccn/sn94056415/1902-09-05,1,5,5,0
lccn/sn83040340/1891-01-23,2,14,3,11
lccn/sn86058242/1913-04-01,2,9,6,3
lccn/sn94056415/1903-12-25,2,14,7,7
lccn/sn85033781/1900-08-17,1,4,7,-3
lccn/sn85033781/1900-09-07,2,15,10,5
lccn/sn84029386/1922-04-13,2,14,10,4
lccn/sn85033781/1892-10-19,2,13,4,9
lccn/sn85033781/1892-12-21,2,7,6,1
lccn/sn85042462/1910-07-10,2,11,3,8
lccn/sn95070058/1906-11-02,1,5,7,-2
lccn/sn95070058/1908-04-24,1,6,12,-6
lccn/sn92053240/1917-09-01,1,7,12,-5
lccn/sn92053240/1917-12-07,2,6,5,1
lccn/sn92053240/1917-12-19,1,1,3,-2
lccn/sn84029386/1920-08-05,2,8,5,3
lccn/sn85042462/1910-08-23,1,10,11,-1
lccn/sn84029386/1919-12-04,2,12,9,3
lccn/sn84029386/1919-03-27,1,10,13,-3
lccn/sn95070058/1911-09-29,1,11,13,-2
lccn/sn86058242/1920-09-16,1,8,8,0
lccn/sn85033781/1900-09-14,2,4,2,2
lccn/sn85033781/1900-09-28,1,4,5,-1
lccn/sn85033781/1900-10-05,2,10,7,3
lccn/sn85033781/1900-10-19,2,8,6,2
lccn/sn85033781/1900-10-26,2,15,1,14
lccn/sn85033781/1900-11-02,2,8,6,2
lccn/sn85033781/1900-11-16,1,7,9,-2
lccn/sn85033781/1900-11-23,2,10,2,8
lccn/sn85033781/1900-11-30,2,7,3,4
lccn/sn85033781/1900-12-07,2,3,1,2
lccn/sn85033781/1900-12-14,2,6,3,3
lccn/sn85033781/1900-12-21,1,0,0,0
lccn/sn85033781/1901-01-18,2,7,5,2
lccn/sn92053240/1917-03-03,2,11,2,9
lccn/sn85042462/1910-09-08,2,9,5,4
lccn/sn84029386/1921-09-08,2,8,2,6
lccn/sn95070058/1907-02-22,2,6,1,5
lccn/sn95070058/1908-03-13,2,9,7,2
lccn/sn84029386/1916-04-06,2,8,7,1
lccn/sn95070058/1909-11-19,2,8,3,5
lccn/sn95070058/1910-03-04,1,6,7,-1
lccn/sn00065127/1911-05-26,1,7,7,0
lccn/sn93055779/1910-06-02,2,6,4,2
lccn/sn00065127/1914-04-17,2,12,6,6
lccn/sn85033781/1883-02-02,2,11,0,11
lccn/sn86075021/1885-06-17,1,0,0,0
lccn/sn85053305/1919-12-12,2,7,4,3
lccn/sn86075298/1917-06-15,1,10,19,-9
lccn/sn86075021/1886-04-04,1,9,11,-2
lccn/sn85033078/1902-08-28,1,2,21,-19
lccn/sn83025323/1914-05-07,1,3,18,-15
lccn/sn85033078/1901-12-26,2,19,4,15
lccn/sn85033078/1902-02-13,2,7,4,3
lccn/sn85033078/1904-08-23,2,13,7,6
lccn/sn85033078/1899-09-28,1,10,10,0
lccn/sn86075242/1894-02-02,2,9,8,1
lccn/sn89058321/1922-10-20,1,7,8,-1
lccn/sn85033078/1904-03-18,2,20,3,17
lccn/sn83025323/1910-05-25,2,5,1,4
lccn/sn83025323/1911-02-16,2,8,2,6
lccn/sn83025323/1911-05-11,2,10,6,4
lccn/sn85033078/1903-02-26,2,14,3,11
lccn/sn92073907/1895-07-11,2,14,6,8
lccn/sn92073908/1896-06-18,1,6,11,-5
lccn/sn85033139/1911-02-09,1,0,0,0
lccn/sn85033139/1915-01-28,2,8,6,2
lccn/sn89058250/1911-05-25,2,8,5,3
lccn/sn85033139/1907-01-17,2,15,12,3
lccn/sn85033139/1904-06-23,2,16,0,16
lccn/sn85033139/1906-07-05,2,13,6,7
lccn/sn85038153/1903-09-08,2,8,6,2
lccn/sn85038153/1903-10-20,1,4,8,-4
lccn/sn85038153/1903-11-03,1,8,17,-9
lccn/sn85038153/1899-12-29,1,1,7,-6
lccn/sn83030431/1919-06-22,2,7,2,5
lccn/sn85053089/1912-09-06,1,4,7,-3
lccn/sn92073908/1906-11-22,2,13,5,8
lccn/sn92073908/1912-07-04,2,16,3,13
lccn/sn92073908/1912-07-11,1,2,11,-9
lccn/sn92073908/1912-11-21,1,2,3,-1
lccn/sn92073908/1915-04-22,1,4,4,0
lccn/sn92073908/1909-11-04,1,3,3,0
lccn/sn85033139/1918-11-28,2,14,9,5
lccn/sn89058321/1901-09-06,1,10,11,-1
lccn/sn85033139/1917-05-17,2,10,8,2
lccn/sn85033139/1918-02-14,1,4,9,-5
lccn/sn85033139/1918-05-02,1,0,3,-3
lccn/sn85033139/1918-07-25,1,2,4,-2
lccn/sn85033139/1919-01-30,2,25,9,16
lccn/sn88061072/1891-02-09,2,16,11,5
lccn/sn85042052/1894-04-14,2,9,6,3
lccn/sn85033139/1911-10-19,1,9,17,-8
lccn/sn85038145/1880-01-08,2,8,1,7
lccn/sn84038119/1875-09-11,2,8,6,2
lccn/sn88053087/1898-06-28,1,5,14,-9
lccn/sn85042461/1896-11-29,2,10,4,6
lccn/sn85049554/1903-11-07,2,14,5,9
lccn/sn84027621/1911-09-05,2,11,10,1
lccn/sn82014086/1909-09-22,2,10,1,9
lccn/sn82014086/1909-02-12,2,13,6,7
lccn/sn85049554/1902-12-23,1,3,6,-3
lccn/sn85049554/1902-12-29,1,7,13,-6
lccn/sn84027621/1915-06-10,1,12,15,-3
lccn/sn85049554/1903-06-01,2,9,7,2
lccn/sn85049554/1903-05-18,2,16,2,14
lccn/sn84027621/1913-04-03,2,9,2,7
lccn/sn84027621/1913-04-18,2,15,2,13
lccn/sn85049554/1904-01-16,2,16,9,7
lccn/sn84027621/1912-08-21,1,3,3,0
lccn/sn84027621/1913-05-03,2,20,3,17
lccn/sn82014086/1909-07-29,1,8,9,-1
lccn/sn84027621/1912-12-19,2,22,5,17
lccn/sn84027621/1912-12-20,2,15,13,2
lccn/sn85049554/1904-12-21,2,9,2,7
lccn/sn85049554/1904-12-26,1,2,6,-4
lccn/sn85049554/1904-12-06,2,12,6,6
lccn/sn96060796/1899-08-26,2,10,6,4
lccn/sn96060796/1903-02-14,1,3,4,-1
lccn/sn85049554/1905-06-05,2,9,5,4
lccn/sn85049554/1905-05-26,2,6,5,1
lccn/sn82016014/1909-09-28,2,8,6,2
lccn/sn84025968/1892-07-09,2,8,1,7
lccn/sn99021999/1913-07-28,2,33,7,26
lccn/sn82016014/1910-02-17,1,1,2,-1
lccn/sn99021999/1914-01-31,1,7,11,-4
lccn/sn92051227/1919-05-03,2,14,5,9
lccn/sn92051227/1919-06-18,2,11,8,3
lccn/sn82016014/1910-06-28,1,1,20,-19
lccn/sn82016014/1910-05-27,1,9,11,-2
lccn/sn99021999/1914-01-08,2,14,9,5
lccn/sn82015536/1919-11-21,2,12,4,8
lccn/sn99021999/1914-04-20,2,8,3,5
lccn/sn82016014/1910-09-08,1,1,11,-10
lccn/sn92051227/1919-09-03,1,3,4,-1
lccn/sn99021999/1914-03-08,1,3,5,-2
lccn/sn85049554/1903-12-23,2,12,6,6
lccn/sn82015536/1919-09-05,1,3,9,-6
lccn/sn99021999/1913-01-15,1,0,0,0
lccn/sn82016014/1911-01-06,2,20,11,9
lccn/sn82016014/1911-01-28,1,5,5,0
lccn/sn99021999/1914-06-07,1,10,10,0
lccn/sn82016014/1911-02-01,2,8,1,7
lccn/sn82016014/1911-02-04,2,13,7,6
lccn/sn82016014/1911-02-11,2,10,2,8
lccn/sn85049554/1919-02-22,2,4,3,1
lccn/sn82015411/1913-04-08,2,6,2,4
lccn/sn85049554/1919-05-24,2,7,5,2
lccn/2010270508/1904-09-30,2,27,17,10
lccn/sn85049554/1920-09-14,2,17,3,14
lccn/sn85049554/1911-02-02,2,12,8,4
lccn/sn85049554/1911-02-20,2,8,4,4
lccn/sn85049554/1911-03-11,1,3,10,-7
lccn/sn85049554/1910-10-24,2,4,1,3
lccn/sn85049554/1911-07-08,2,12,2,10
lccn/sn85049554/1910-05-17,1,9,13,-4
lccn/sn85049554/1911-04-11,2,8,3,5
lccn/sn85049554/1911-05-09,2,6,5,1
lccn/sn85049554/1910-07-02,2,11,5,6
lccn/sn82014086/1916-03-20,2,9,6,3
lccn/sn82014086/1915-07-23,2,3,1,2
lccn/sn82014086/1916-02-18,1,5,6,-1
lccn/sn82014086/1916-09-22,2,11,6,5
lccn/sn82014086/1916-10-20,2,16,8,8
lccn/sn82014086/1916-05-02,1,4,10,-6
lccn/sn85050913/1916-05-16,2,7,4,3
lccn/sn85050913/1918-02-25,1,1,1,0
lccn/sn85050913/1920-09-20,1,2,9,-7
lccn/sn85050913/1921-05-23,2,7,3,4
lccn/sn82014086/1916-06-14,1,3,3,0
lccn/sn82014086/1915-12-09,1,4,4,0
lccn/sn82014086/1915-12-20,2,16,1,15
lccn/sn82014086/1915-10-07,1,2,8,-6
lccn/sn82014086/1915-10-09,2,6,4,2
lccn/sn82014086/1915-06-25,1,0,0,0
lccn/sn82014086/1915-06-29,2,12,6,6
lccn/sn82014086/1915-06-25,1,3,8,-5
lccn/sn82014086/1915-06-29,2,10,5,5
lccn/sn82014086/1915-09-07,2,15,4,11
lccn/sn92062121/1909-05-14,1,3,3,0
lccn/sn89058426/1911-10-06,2,6,4,2
lccn/sn92062121/1909-07-23,1,14,16,-2
lccn/sn84020558/1908-07-21,2,13,2,11
lccn/sn84020558/1908-07-25,2,9,1,8
lccn/sn89058426/1910-11-25,1,2,2,0
lccn/sn82014086/1916-01-18,2,9,4,5
lccn/sn82015411/1920-05-25,2,4,0,4
lccn/sn82015411/1917-08-28,2,11,2,9
lccn/sn82014086/1914-03-13,2,11,3,8
lccn/sn82014086/1914-03-26,1,5,6,-1
lccn/sn85032801/1893-11-03,2,8,6,2
lccn/sn82014086/1914-04-04,2,12,2,10
lccn/sn82014086/1914-04-16,2,16,7,9
lccn/sn83040052/1904-09-02,2,6,5,1
lccn/sn85032801/1895-01-24,2,14,8,6
lccn/sn82015415/1911-12-26,2,9,7,2
lccn/sn82014086/1914-01-15,1,5,10,-5
lccn/sn82014086/1914-10-07,2,9,8,1
lccn/sn82014086/1914-07-02,1,0,5,-5
lccn/sn85032801/1896-09-17,2,8,7,1
lccn/sn82014086/1914-06-19,1,1,1,0
lccn/sn82014086/1914-07-18,1,6,7,-1
lccn/sn94051692/1895-06-06,2,8,7,1
lccn/sn85049554/1920-06-03,1,5,8,-3
lccn/sn83040052/1902-08-22,2,14,6,8
lccn/sn83040052/1904-02-26,1,4,7,-3
lccn/sn82014086/1914-12-23,2,14,3,11
lccn/sn82014086/1915-05-10,2,9,7,2
lccn/sn82014086/1915-05-19,1,8,13,-5
lccn/sn82014086/1915-03-13,1,16,17,-1
lccn/sn82014086/1915-02-15,2,16,10,6
lccn/sn82014086/1915-03-27,2,13,5,8
lccn/sn82014086/1915-03-30,2,11,6,5
lccn/sn85049554/1919-06-30,2,3,2,1
lccn/sn82015411/1922-06-06,2,3,2,1
lccn/sn84020558/1909-05-08,1,3,3,0
lccn/sn82014086/1916-07-26,1,5,5,0
lccn/sn82014086/1916-08-30,2,11,4,7
lccn/sn82014896/1873-03-15,2,30,7,23
lccn/sn86086852/1897-09-16,2,8,7,1
lccn/sn89058354/1921-09-09,2,15,9,6
lccn/sn86086852/1902-05-29,2,6,3,3
lccn/sn86086852/1905-02-23,2,25,7,18
lccn/sn86086852/1907-11-14,1,4,14,-10
lccn/sn86086852/1911-06-15,2,6,4,2
lccn/sn86086852/1913-01-09,2,11,5,6
lccn/sn86086852/1914-08-20,2,5,1,4
lccn/sn86086852/1915-06-10,2,37,10,27
lccn/sn86086852/1917-10-04,2,18,3,15
lccn/sn86086852/1915-11-25,2,11,10,1
lccn/sn86086852/1916-01-20,1,1,12,-11
lccn/sn86086852/1921-10-13,2,5,3,2
lccn/sn86086852/1922-02-23,2,16,2,14
lccn/sn86086852/1920-10-28,2,5,2,3
lccn/sn86086852/1922-10-19,2,16,4,12
lccn/sn86086852/1922-12-14,2,13,5,8
lccn/sn85033395/1867-09-05,2,9,7,2
lccn/sn85033395/1867-09-12,2,12,5,7
lccn/sn86086770/1907-09-12,1,5,15,-10
lccn/sn86086852/1881-01-07,2,6,3,3
lccn/sn85033019/1866-05-10,2,11,3,8
lccn/sn86071278/1919-11-27,1,10,10,0
lccn/sn86086770/1897-07-15,1,6,6,0
lccn/sn86086770/1903-07-30,1,0,0,0
lccn/sn83030193/1922-05-03,1,2,2,0
lccn/sn86086770/1922-11-02,1,0,0,0
lccn/sn86086770/1921-10-13,2,15,2,13
lccn/sn86086770/1918-03-14,1,7,9,-2
lccn/sn86086770/1914-09-17,2,14,5,9
lccn/sn86086770/1913-05-01,1,2,3,-1
lccn/sn89058318/1904-03-03,2,8,7,1
lccn/sn89058154/1922-05-26,2,8,5,3
lccn/sn89058318/1914-07-23,1,7,7,0
lccn/sn83030193/1922-04-14,2,8,5,3
lccn/sn88061288/1913-12-04,1,0,0,0
lccn/sn86086770/1912-08-29,2,9,7,2
lccn/sn86086770/1917-04-26,1,1,1,0
lccn/sn82015104/1897-11-07,1,6,10,-4
lccn/sn90059180/1903-11-13,2,8,7,1
lccn/sn96077142/1912-12-07,2,10,9,1
lccn/sn96077142/1913-07-26,2,9,5,4
lccn/sn96077142/1914-03-21,1,0,0,0
lccn/sn96077142/1915-10-09,1,0,3,-3
lccn/sn96077142/1913-11-08,1,2,7,-5
lccn/sn96077142/1914-07-18,2,6,3,3
lccn/sn96077142/1914-11-21,2,15,6,9
lccn/sn96077142/1912-06-15,2,18,3,15
lccn/sn82015104/1896-11-24,2,12,7,5
lccn/sn90059180/1899-04-28,2,12,10,2
lccn/sn90059180/1899-07-14,2,11,10,1
lccn/sn90059180/1900-03-23,2,13,5,8
lccn/sn90059180/1902-01-24,2,11,4,7
lccn/sn92053942/1874-12-04,2,6,3,3
lccn/sn99021999/1919-07-13,2,15,2,13
lccn/sn99021999/1919-06-17,2,13,7,6
lccn/sn99021999/1919-05-25,1,6,7,-1
lccn/sn78000395/1920-01-17,1,3,17,-14
lccn/sn78000395/1918-05-18,1,6,6,0
lccn/sn78000395/1918-07-13,1,2,5,-3
lccn/sn96077142/1908-11-14,2,21,3,18
lccn/sn96077142/1911-06-24,2,6,3,3
lccn/sn96077142/1910-04-23,2,16,5,11
lccn/sn90059180/1906-03-02,2,13,2,11
lccn/sn90059180/1909-06-11,2,14,5,9
lccn/sn96077142/1919-01-24,1,4,5,-1
lccn/sn99021999/1918-10-13,2,22,6,16
lccn/sn78000395/1909-05-29,2,16,14,2
lccn/sn99021999/1918-10-13,2,3,0,3
lccn/sn96077142/1920-07-02,1,1,4,-3
lccn/sn96077142/1921-02-18,2,8,4,4
lccn/sn99021999/1919-04-11,1,8,11,-3
lccn/sn96077142/1923-11-30,2,12,5,7
lccn/sn99021999/1919-01-26,1,5,7,-2
lccn/sn96077142/1923-08-24,2,7,3,4
lccn/sn78000395/1913-03-08,2,7,6,1
lccn/sn96077142/1922-11-03,2,9,2,7
lccn/sn96077142/1922-02-03,2,15,3,12
lccn/sn99021999/1918-04-11,2,5,2,3
lccn/sn99021999/1918-05-02,2,9,4,5
lccn/sn83045462/1910-04-27,2,7,2,5
lccn/sn83045462/1909-02-20,1,5,5,0
lccn/sn82016014/1894-08-14,2,15,2,13
lccn/sn82016014/1895-05-06,2,12,7,5
lccn/sn2006060001/1887-12-,2,5,1,4
lccn/sn99021999/1917-11-10,2,9,1,8
lccn/sn99021999/1917-11-25,1,12,12,0
lccn/sn99021999/1918-02-10,2,13,7,6
lccn/sn99021999/1918-05-26,1,0,0,0
lccn/sn99021999/1918-06-06,1,2,8,-6
lccn/sn82016014/1895-08-28,2,9,4,5
lccn/sn82016014/1895-05-14,1,22,26,-4
lccn/sn82016014/1896-09-11,2,7,5,2
lccn/sn82016014/1896-02-03,2,8,5,3
lccn/sn82016014/1896-05-30,2,15,2,13
lccn/sn85026455/1880-01-03,2,16,9,7
lccn/sn82016014/1894-08-07,2,8,7,1
lccn/sn99021999/1917-12-30,1,3,5,-2
lccn/sn90059180/1905-03-03,2,12,9,3
lccn/sn96077142/1913-10-11,1,0,2,-2
lccn/sn96077142/1923-11-30,1,7,9,-2
lccn/sn99021999/1920-02-29,2,10,4,6
lccn/sn85042345/1920-09-14,1,2,2,0
lccn/sn84026399/1877-01-11,2,15,0,15
lccn/sn84026497/1906-09-12,1,0,0,0
lccn/sn84026497/1908-06-17,2,19,14,5
lccn/sn84026497/1910-05-11,2,6,5,1
lccn/sn84026497/1910-07-27,2,7,3,4
lccn/sn84026497/1911-09-06,2,10,8,2
lccn/sn85042345/1922-03-12,2,2,0,2
lccn/sn85042345/1920-12-12,1,2,10,-8
lccn/sn87078321/1907-12-04,2,6,2,4
lccn/sn87078321/1908-04-01,2,9,2,7
lccn/sn86081889/1911-12-14,2,5,3,2
lccn/sn87078321/1907-05-08,2,6,5,1
lccn/sn87078321/1909-10-20,2,9,3,6
lccn/sn87078321/1910-07-20,1,4,5,-1
lccn/sn97070124/1907-08-06,2,10,5,5
lccn/sn96093062/1915-07-23,2,9,5,4
lccn/sn97070125/1908-12-11,2,11,4,7
lccn/sn84026749/1918-02-25,1,0,0,0
lccn/sn85042303/1906-12-20,2,7,5,2
lccn/sn84026749/1918-09-20,2,33,11,22
lccn/sn85042303/1909-04-30,2,15,5,10
lccn/sn85042303/1910-02-02,2,11,3,8
lccn/sn85042303/1910-03-10,2,5,3,2
lccn/sn85042303/1907-01-15,2,6,3,3
lccn/sn85042303/1907-01-18,2,13,5,8
lccn/sn85042303/1910-04-10,2,16,7,9
lccn/sn85042303/1906-02-28,2,14,2,12
lccn/sn85042303/1906-04-04,2,5,2,3
lccn/sn85042303/1905-10-17,1,0,0,0
lccn/sn85042345/1922-05-16,2,14,6,8
lccn/sn85042345/1920-12-26,1,2,4,-2
lccn/sn85042345/1922-09-14,2,8,4,4
lccn/sn85042345/1921-02-06,1,1,4,-3
lccn/sn88059319/1899-08-01,2,17,4,13
lccn/sn99021999/1911-05-23,1,5,7,-2
lccn/sn85049554/1909-12-18,1,5,7,-2
lccn/sn99021999/1911-06-18,2,8,4,4
lccn/sn88059319/1895-09-13,2,8,2,6
lccn/sn88059319/1907-08-20,1,3,5,-2
lccn/sn99021999/1911-03-19,2,14,4,10
lccn/sn99021999/1911-04-01,1,2,7,-5
lccn/sn85049554/1909-11-10,2,10,9,1
lccn/sn84020358/1895-11-16,1,0,6,-6
lccn/sn84020358/1896-02-29,1,2,7,-5
lccn/sn82016014/1905-05-13,1,4,8,-4
lccn/sn82016014/1904-01-06,2,13,5,8
lccn/sn88059319/1904-01-19,2,9,3,6
lccn/sn84020358/1897-11-12,2,8,4,4
lccn/sn88059319/1898-09-30,2,6,2,4
lccn/sn82016014/1904-11-02,2,18,2,16
lccn/sn82016014/1904-12-12,1,8,10,-2
lccn/sn84020358/1898-09-13,2,7,1,6
lccn/sn84020358/1897-11-04,2,13,1,12
lccn/sn84020558/1899-03-31,2,13,2,11
lccn/sn95047324/1913-11-20,2,12,5,7
lccn/sn84020358/1898-01-20,2,13,1,12
lccn/sn95047324/1918-12-12,2,9,5,4
lccn/sn84020558/1897-09-12,2,8,6,2
lccn/sn85042461/1898-03-05,2,8,7,1
lccn/sn87062268/1913-02-07,2,26,3,23
lccn/sn87062268/1912-09-04,2,28,1,27
lccn/sn84020558/1898-12-22,2,7,5,2
lccn/sn85047084/1903-05-09,2,21,20,1
lccn/sn84020358/1898-08-24,1,10,37,-27
lccn/sn84020358/1898-06-17,1,5,7,-2
lccn/sn94050572/1899-09-02,1,5,5,0
lccn/sn87062268/1913-06-29,1,0,0,0
lccn/sn87062268/1914-05-10,2,24,10,14
lccn/sn87057096/1900-03-08,2,10,8,2
lccn/sn99021999/1910-05-18,1,2,9,-7
lccn/sn82016014/1904-02-09,1,9,15,-6
lccn/sn84020358/1895-12-03,2,8,6,2
lccn/sn99021999/1910-10-09,1,0,0,0
lccn/sn84020274/1901-05-05,2,5,3,2
lccn/sn84020274/1901-05-12,2,7,1,6
lccn/sn84020274/1901-05-19,1,0,0,0
lccn/sn89074274/1921-12-22,2,9,4,5
lccn/sn85042243/1922-08-26,2,6,3,3
lccn/sn85042243/1922-09-02,1,3,4,-1
lccn/sn85042243/1922-09-09,1,5,5,0
lccn/sn85042243/1922-08-19,2,12,6,6
lccn/sn85042243/1922-08-05,2,5,2,3
lccn/sn88076270/1901-09-05,1,0,1,-1
lccn/sn88076270/1902-01-16,1,6,6,0
lccn/sn88076421/1922-04-06,2,11,4,7
lccn/sn89074274/1914-01-22,2,26,17,9
lccn/sn89074274/1921-03-03,1,6,9,-3
lccn/sn89074274/1921-05-26,2,19,4,15
lccn/sn89074274/1922-05-25,2,15,1,14
lccn/sn88076270/1903-06-18,1,11,11,0
lccn/sn88076270/1905-03-16,1,6,6,0
lccn/sn89074274/1912-12-05,1,3,5,-2
lccn/sn89074274/1913-06-12,2,2,0,2
lccn/sn89074274/1913-08-28,1,7,10,-3
lccn/sn89074274/1919-04-24,2,28,9,19
lccn/sn89074274/1919-05-01,1,4,4,0
lccn/sn85042243/1920-06-28,2,5,3,2
lccn/sn85042243/1920-10-07,1,4,9,-5
lccn/sn85042243/1921-08-29,2,4,2,2
lccn/sn85042243/1919-06-20,2,14,10,4
lccn/sn85042405/1897-01-28,1,2,11,-9
lccn/sn85042405/1897-04-08,2,5,4,1
lccn/sn85042405/1898-11-24,2,7,5,2
lccn/sn85042405/1889-03-28,2,15,7,8
lccn/sn85042405/1891-09-10,2,6,5,1
lccn/sn85042405/1892-04-21,1,6,7,-1
lccn/sn85042405/1895-01-17,1,4,5,-1
lccn/sn85042405/1895-05-23,1,0,0,0
lccn/sn84020274/1904-12-18,1,7,8,-1
lccn/sn85042404/1880-12-14,2,13,0,13
lccn/sn85042243/1922-07-22,2,10,5,5
lccn/sn85042243/1922-07-24,1,1,4,-3
lccn/sn89074274/1917-03-08,2,10,6,4
lccn/sn89074274/1917-03-15,2,13,6,7
lccn/sn89074274/1917-04-19,1,0,0,0
lccn/sn89074274/1917-05-31,1,6,6,0
lccn/sn89074274/1918-02-07,2,8,2,6
lccn/sn89074274/1915-04-15,1,1,5,-4
lccn/sn89074274/1915-11-04,2,12,5,7
lccn/sn89074274/1915-11-11,1,8,15,-7
lccn/sn89074274/1916-02-10,2,17,8,9
lccn/sn89074274/1916-04-06,1,7,8,-1
lccn/sn89074274/1916-04-27,2,16,13,3
lccn/sn89074274/1916-07-06,2,9,4,5
lccn/sn89074274/1916-11-09,1,3,7,-4
lccn/sn85042243/1922-08-12,1,4,6,-2
lccn/sn85042243/1920-01-30,2,16,5,11
lccn/sn85042243/1921-02-04,2,14,5,9
lccn/sn85042243/1922-03-02,2,5,2,3
lccn/sn89074274/1913-01-02,2,17,5,12
lccn/sn85033681/1874-07-29,1,3,3,0
lccn/sn89058128/1902-05-29,1,7,20,-13
lccn/sn89058128/1890-08-21,2,11,2,9
lccn/sn89058128/1899-09-07,2,14,7,7
lccn/sn96088281/1904-11-03,2,12,5,7
lccn/sn96088281/1907-08-23,2,7,5,2
lccn/sn99063957/1916-05-30,2,13,7,6
lccn/sn99063957/1916-06-19,2,10,9,1
lccn/sn99063957/1916-09-12,2,16,10,6
lccn/sn99063957/1916-03-27,2,11,8,3
lccn/sn83045217/1922-02-07,1,16,16,0
lccn/sn83045217/1921-12-12,2,13,4,9
lccn/sn83045217/1921-08-24,1,4,6,-2
lccn/sn83045217/1921-08-24,1,5,6,-1
lccn/sn83045217/1921-08-28,2,11,8,3
lccn/sn83045217/1921-09-09,2,3,2,1
lccn/sn89058128/1908-05-07,2,11,4,7
lccn/sn89058128/1906-04-05,2,12,7,5
lccn/sn00063676/1914-05-29,2,5,2,3
lccn/sn00063676/1907-02-08,2,10,4,6
lccn/sn00063676/1909-10-01,2,11,3,8
lccn/sn83045217/1921-03-11,2,8,6,2
lccn/sn83045217/1921-01-25,2,2,0,2
lccn/sn84024808/1920-12-09,2,12,10,2
lccn/sn84024808/1920-12-20,1,0,0,0
lccn/97071090/1916-03-09/e,2,15,2,13
lccn/97071090/1916-03-09/e,2,11,3,8
lccn/sn89058370/1899-04-22,2,14,3,11
lccn/sn83016348/1904-02-06,2,23,14,9
lccn/sn83016348/1904-10-29,1,8,8,0
lccn/sn83016348/1903-04-04,2,21,18,3
lccn/sn83016348/1898-12-31,2,6,5,1
lccn/sn83016348/1899-03-18,2,6,5,1
lccn/sn83016348/1899-11-18,1,4,7,-3
lccn/sn83016348/1900-12-15,2,14,10,4
lccn/sn83016348/1901-02-09,1,5,5,0
lccn/sn83016348/1898-11-12,1,2,4,-2
lccn/97071090/1916-03-27/e,2,4,1,3
lccn/97071090/1916-04-10/e,2,10,7,3
lccn/97071090/1916-05-30/e,1,3,5,-2
lccn/97071090/1916-06-15/e,1,5,6,-1
lccn/sn89058248/1894-01-11,1,3,5,-2
lccn/sn89058370/1886-02-24,2,8,5,3
lccn/sn89058248/1900-09-07,1,6,6,0
lccn/sn89058248/1898-10-07,2,13,6,7
lccn/sn83016348/1896-08-22,2,8,7,1
lccn/sn89058370/1898-09-03,2,16,9,7
lccn/sn85038615/1910-04-27,2,6,4,2
lccn/sn83016348/1907-12-28,1,1,1,0
lccn/sn83016348/1908-02-22,1,6,6,0
lccn/sn83016348/1910-12-10,1,5,7,-2
lccn/sn83016348/1901-03-16,2,6,1,5
lccn/sn84024808/1920-11-23,1,8,9,-1
lccn/sn84024808/1920-08-30,1,4,12,-8
lccn/sn83016348/1913-04-19,1,2,6,-4
lccn/sn83016348/1909-09-04,2,11,5,6
lccn/sn83016348/1905-02-18,2,2,0,2
lccn/sn84024808/1919-02-06,1,9,9,0
lccn/sn84024808/1919-08-25,1,6,7,-1
lccn/sn84024808/1919-11-02,2,12,10,2
lccn/sn84024808/1919-05-24,2,8,3,5
lccn/sn99063957/1916-10-17,2,11,9,2
lccn/sn99063957/1916-10-24,2,12,7,5
lccn/sn84026749/1911-04-15,1,8,11,-3
lccn/sn83045389/1914-12-01,1,3,11,-8
lccn/sn88064476/1855-02-24,1,3,3,0
lccn/sn88064476/1855-03-10,2,9,5,4
lccn/sn88064476/1855-01-20,2,8,3,5
lccn/sn88064476/1855-03-03,1,0,0,0
lccn/sn88064476/1855-04-07,2,7,5,2
lccn/sn85052114/1910-05-13,1,2,3,-1
lccn/sn85052114/1909-12-17,2,14,10,4
lccn/sn89055004/1909-09-17,1,3,4,-1
lccn/sn89055004/1909-10-01,1,0,2,-2
lccn/sn89055004/1912-08-23,1,2,5,-3
lccn/sn85052114/1908-11-07,2,7,5,2
lccn/sn85052114/1908-11-11,1,2,8,-6
lccn/sn84026749/1911-12-07,2,13,8,5
lccn/sn85052114/1910-12-09,1,11,12,-1
lccn/sn83045389/1921-08-07,2,5,2,3
lccn/sn85052114/1909-09-28,1,6,12,-6
lccn/sn85052114/1909-10-13,2,7,4,3
lccn/sn85052114/1909-03-26,2,4,2,2
lccn/sn85052114/1909-09-10,2,4,1,3
lccn/sn84026749/1911-10-30,2,3,2,1
lccn/sn85052114/1909-03-10,1,4,13,-9
lccn/sn85052114/1909-03-29,2,4,0,4
lccn/sn89055004/1916-08-18,1,0,0,0
lccn/sn89055004/1916-09-29,1,0,0,0
lccn/sn85052114/1907-07-17,1,6,12,-6
lccn/sn85034375/1904-02-13,2,20,8,12
lccn/sn84031081/1909-05-25,2,15,5,10
lccn/sn85034375/1903-05-16,2,8,7,1
lccn/sn85007266/1915-07-15,2,1,0,1
lccn/sn85007266/1912-10-31,2,7,4,3
lccn/sn85007266/1918-04-04,1,0,0,0
lccn/sn85007266/1915-07-08,2,6,3,3
lccn/sn85052076/1911-11-23,2,20,11,9
lccn/sn86091197/1918-10-01,2,14,1,13
lccn/sn86091197/1918-10-01,2,11,10,1
lccn/sn86091197/1922-03-09,1,3,4,-1
lccn/sn86091197/1921-06-02,1,2,10,-8
lccn/sn86091197/1921-06-27,2,11,10,1
lccn/sn86069201/1921-10-13,2,17,9,8
lccn/sn86091197/1920-01-09,2,19,6,13
lccn/sn86091197/1922-06-01,2,6,5,1
lccn/sn86092536/1922-04-14,2,5,2,3
lccn/sn87055779/1918-03-31,2,5,0,5
lccn/sn87055779/1918-10-09,2,15,3,12
lccn/sn86092536/1922-11-17,2,6,1,5
lccn/sn85059812/1910-02-10,2,8,7,1
lccn/sn86076367/1917-02-07,2,10,7,3
lccn/sn86076367/1918-03-13,2,6,4,2
lccn/sn84023963/1882-01-13,2,11,3,8
lccn/sn85059812/1908-02-27,2,4,2,2
lccn/sn82014682/1913-10-09,2,14,0,14
lccn/sn85059812/1909-05-13,2,5,2,3
lccn/sn82014682/1913-10-09,2,4,1,3
lccn/sn85059812/1909-06-10,2,2,0,2
lccn/sn82014682/1914-05-27,2,6,0,6
lccn/sn92063852/1936-02-29,2,10,3,7
lccn/sn82014682/1914-12-07,2,12,4,8
lccn/sn82014682/1914-12-07,1,5,11,-6
lccn/sn82014682/1914-11-21,2,2,0,2
lccn/sn92063852/1936-01-11,2,8,2,6
lccn/sn87055779/1919-02-22,2,4,2,2
lccn/sn84038034/1878-09-12,1,5,7,-2
lccn/sn82014189/1907-02-20,1,7,7,0
lccn/sn87055779/1919-07-02,1,10,10,0
lccn/sn87055779/1919-05-04,1,4,13,-9
lccn/sn87055779/1919-09-02,2,17,3,14
lccn/sn87055779/1919-08-31,2,15,6,9
lccn/sn87056251/1899-11-17,1,7,9,-2
lccn/sn84023963/1899-09-22,2,3,1,2
lccn/sn84023963/1898-03-04,2,7,0,7
lccn/sn84023963/1917-03-09,1,7,11,-4
lccn/sn84023963/1918-03-22,2,5,4,1
lccn/sn84023963/1911-10-06,2,8,7,1
lccn/sn82015679/1904-02-01,2,6,3,3
lccn/sn87056250/1896-01-04,2,9,5,4
lccn/sn84023963/1882-08-11,1,8,18,-10
lccn/sn84023963/1877-01-19,2,11,2,9
lccn/sn83045462/1906-05-16,2,4,3,1
lccn/sn82014682/1915-01-27,2,15,6,9
lccn/sn83045462/1905-10-22,2,9,3,6
lccn/sn83045462/1905-11-07,1,4,8,-4
lccn/sn83045462/1905-09-15,2,28,3,25
lccn/sn83045462/1905-04-30,2,30,13,17
lccn/sn83045462/1905-05-04,1,2,10,-8
lccn/sn84020558/1906-11-21,2,14,2,12
lccn/sn83045462/1926-06-20,1,9,13,-4
lccn/sn84020558/1909-09-10,2,8,5,3
lccn/sn84020558/1909-10-11,2,12,4,8
lccn/sn84020558/1909-09-12,2,13,0,13
lccn/sn84020558/1909-09-13,2,10,0,10
lccn/sn00065152/1890-02-04,2,9,6,3
lccn/sn00065154/1895-05-31,1,0,0,0
lccn/sn00065154/1895-10-18,2,5,2,3
lccn/sn00065154/1897-06-18,1,5,8,-3
lccn/sn83045462/1928-09-30,2,9,0,9
lccn/sn83045462/1928-10-07,2,7,4,3
lccn/sn83045462/1926-04-25,2,1,0,1
lccn/sn87065069/1916-05-25,1,9,11,-2
lccn/sn87065069/1916-10-19,2,10,2,8
lccn/sn83045462/1926-09-26,2,7,6,1
lccn/sn83045462/1928-09-10,2,15,10,5
lccn/sn83045462/1926-10-04,1,6,15,-9
lccn/sn83045462/1926-11-09,2,19,3,16
lccn/sn83045462/1926-02-25,2,9,2,7
lccn/sn88064430/1914-09-19,2,10,2,8
lccn/sn82015679/1901-05-26,2,14,4,10
lccn/sn88064430/1919-12-20,2,3,0,3
lccn/sn82015679/1901-11-24,2,10,3,7
lccn/sn88064430/1914-10-17,2,7,2,5
lccn/sn88064430/1919-10-25,2,8,4,4
lccn/sn86092536/1921-10-11,1,0,0,0
lccn/sn87056244/1910-06-02,1,1,6,-5
lccn/sn86092536/1921-10-04,1,0,4,-4
lccn/sn87056244/1910-01-06,1,5,8,-3
lccn/sn87056244/1910-02-03,2,11,1,10
lccn/sn87056244/1910-06-23,1,3,6,-3
lccn/sn87056245/1911-06-08,2,3,1,2
lccn/sn87056244/1909-05-13,2,5,4,1
lccn/sn84023963/1922-03-31,2,6,1,5
lccn/sn87056244/1901-11-21,1,7,7,0
lccn/sn82015679/1903-11-05,1,8,20,-12
lccn/sn86092536/1922-04-08,1,1,4,-3
lccn/sn83032040/1906-09-13,1,0,0,0
lccn/sn83032040/1908-02-27,2,10,4,6
lccn/sn84020630/1910-11-09,1,5,9,-4
lccn/sn84020558/1905-10-08,1,6,13,-7
lccn/sn84020630/1911-05-25,2,13,9,4
lccn/sn84020558/1906-06-09,2,10,3,7
lccn/sn84020558/1906-03-13,2,15,1,14
lccn/sn84020630/1912-05-18,2,18,2,16
lccn/sn84020630/1912-05-08,2,10,3,7
lccn/sn84020630/1910-05-19,2,6,2,4
lccn/sn88064492/1880-03-06,2,7,2,5
lccn/sn86083264/1909-03-11,1,7,7,0
lccn/sn86083264/1908-07-02,2,8,7,1
lccn/sn85066387/1900-03-15,1,7,31,-24
lccn/sn85030529/1898-11-11,2,4,2,2
lccn/sn85030529/1905-01-20,2,11,6,5
lccn/sn85030529/1903-09-18,1,5,6,-1
lccn/sn85030529/1905-05-26,2,11,8,3
lccn/sn87082573/1883-02-14,1,3,4,-1
lccn/sn87082573/1884-06-17,1,1,7,-6
lccn/sn85030529/1908-08-14,2,12,3,9
lccn/sn85030529/1912-09-06,1,4,7,-3
lccn/sn83032040/1907-04-04,2,12,3,9
lccn/sn84020630/1911-03-28,1,2,7,-5
lccn/sn86083264/1908-02-20,2,11,6,5
lccn/sn85025407/1917-06-15,2,23,3,20
lccn/sn89060127/1924-02-16,1,8,8,0
lccn/sn89060127/1923-05-12,2,6,5,1
lccn/sn85025407/1934-05-18,1,4,5,-1
lccn/sn89060127/1921-12-03,2,19,14,5
lccn/sn00065154/1898-05-06,2,5,4,1
lccn/sn00065154/1898-05-06,2,5,3,2
lccn/sn91068401/1940-09-07,2,8,2,6
lccn/sn83045462/1928-07-24,1,0,0,0
lccn/sn89066097/1889-07-26,2,14,4,10
lccn/sn89066313/1916-03-29,2,15,9,6
lccn/sn89066316/1921-08-24,1,6,6,0
lccn/sn89066316/1921-08-27,2,10,3,7
lccn/sn89066316/1921-09-20,1,6,6,0
lccn/sn89066313/1910-04-12,2,15,6,9
lccn/sn90061052/1912-09-19,1,4,5,-1
lccn/sn89066316/1921-10-29,2,13,4,9
lccn/sn89066316/1921-11-08,2,7,5,2
lccn/sn89066313/1910-01-19,1,1,1,0
lccn/sn89066313/1913-09-21,2,14,12,2
lccn/sn89066313/1910-03-08,2,8,2,6
lccn/sn89066315/1919-09-10,2,7,4,3
lccn/sn89066996/1917-04-06,1,0,8,-8
lccn/2004260419/1919-04-04,2,4,0,4
lccn/sn88076432/1910-11-17,2,12,2,10
lccn/sn88076432/1910-09-22,2,8,2,6
lccn/sn88076432/1910-10-20,2,8,2,6
lccn/sn84028262/1918-11-15,1,6,11,-5
lccn/sn84020613/1902-10-04,2,13,3,10
lccn/sn84020613/1902-09-27,2,14,6,8
lccn/sn89066996/1909-08-19,1,6,9,-3
lccn/sn87065609/1916-05-12,2,5,1,4
lccn/sn89066996/1910-04-28,1,9,9,0
lccn/sn99063812/1919-09-24,1,4,4,0
lccn/sn85033162/1917-02-23,2,6,5,1
lccn/sn85033162/1917-03-02,1,7,12,-5
lccn/sn88076432/1912-08-22,2,5,2,3
lccn/sn88076432/1912-01-04,2,23,13,10
lccn/sn96088042/1909-04-22,2,9,2,7
lccn/sn85033162/1916-10-27,2,9,2,7
lccn/sn84026259/1871-11-30,1,4,6,-2
lccn/sn85033162/1916-06-16,2,11,2,9
lccn/2004260419/1916-12-15,1,1,7,-6
lccn/2004260419/1917-01-26,2,15,5,10
lccn/sn88076432/1908-04-09,2,12,9,3
lccn/2004260419/1916-05-19,2,19,12,7
lccn/sn88076432/1907-12-05,2,5,3,2
lccn/2004260419/1917-12-21,1,8,11,-3
lccn/sn85033162/1920-04-09,2,12,1,11
lccn/sn88076432/1916-06-01,1,5,11,-6
lccn/sn88076432/1916-05-04,1,7,9,-2
lccn/sn85042399/1912-09-05,2,13,7,6
lccn/sn85042399/1912-06-06,2,20,8,12
lccn/sn85042399/1912-10-07,1,8,8,0
lccn/sn87065535/1922-01-12,2,11,6,5
lccn/sn87065535/1922-03-02,1,7,10,-3
lccn/sn93060090/1904-04-14,2,6,1,5
lccn/sn85025759/1880-05-17,2,18,3,15
lccn/sn84020615/1905-11-02,2,6,2,4
lccn/sn89066996/1922-12-01,2,18,8,10
lccn/sn84026497/1885-08-26,1,6,10,-4
lccn/sn85042399/1913-10-27,2,26,12,14
lccn/sn85042399/1914-01-19,2,23,8,15
lccn/sn96088043/1908-03-26,2,7,2,5
lccn/sn85033162/1921-04-08,2,24,8,16
lccn/sn85058396/1913-12-10,2,12,4,8
lccn/sn85058396/1913-11-20,1,4,5,-1
lccn/sn85058396/1914-01-28,2,21,6,15
lccn/sn85058396/1920-01-10,2,11,3,8
lccn/sn91066782/1920-01-26,2,5,3,2
lccn/sn85058396/1914-03-03,2,8,7,1
lccn/sn85058396/1914-09-02,2,7,6,1
lccn/sn95079246/1906-05-18,2,12,3,9
lccn/sn95079246/1906-05-18,2,12,4,8
lccn/sn95079246/1906-04-27,2,8,6,2
lccn/sn95079246/1906-05-04,2,13,4,9
lccn/sn95079246/1906-05-11,2,14,5,9
lccn/sn95079246/1906-04-20,2,7,3,4
lccn/sn91066782/1920-09-18,1,1,12,-11
lccn/sn85058396/1914-09-01,1,0,0,0
lccn/sn95079246/1909-03-26,1,2,6,-4
lccn/sn85058396/1914-11-17,2,11,10,1
lccn/sn95079246/1908-04-03,1,4,4,0
lccn/sn85058396/1914-11-06,2,19,9,10
lccn/sn95079246/1906-11-30,2,16,8,8
lccn/sn91066782/1920-06-01,2,10,5,5
lccn/sn91066782/1920-06-14,2,9,4,5
lccn/sn95079246/1903-04-10,1,7,8,-1
lccn/sn85058396/1915-03-02,2,18,2,16
lccn/sn91066782/1921-09-14,1,8,12,-4
lccn/sn84037217/1895-10-03,2,8,2,6
lccn/sn84037217/1921-03-04,1,1,3,-2
lccn/sn86072041/1910-01-05,2,7,3,4
lccn/sn86072041/1910-01-06,2,7,3,4
lccn/sn86072041/1910-01-13,2,5,2,3
lccn/sn86072041/1910-01-03,2,6,3,3
lccn/sn86072041/1910-01-01,2,6,3,3
lccn/sn84037217/1919-12-12,1,11,16,-5
lccn/sn91066782/1921-04-11,1,4,5,-1
lccn/sn85058396/1914-05-05,2,9,5,4
lccn/sn85058396/1914-05-05,1,1,5,-4
lccn/sn85058396/1914-04-08,1,17,22,-5
lccn/sn85058396/1914-04-08,2,8,6,2
lccn/sn84028262/1915-04-23,1,8,17,-9
lccn/sn84028262/1917-04-20,1,9,9,0
lccn/sn84028262/1917-08-03,1,3,4,-1
lccn/sn84020613/1902-02-08,2,8,2,6
lccn/sn84028262/1915-12-10,2,12,9,3
lccn/sn84020613/1902-03-01,2,21,8,13
lccn/sn84028262/1917-02-09,2,20,11,9
lccn/sn86063289/1922-06-08,1,2,7,-5
lccn/sn84028262/1919-08-29,2,11,6,5
lccn/sn84020613/1902-10-08,2,12,3,9
lccn/sn84020613/1902-09-29,1,3,8,-5
lccn/sn84020613/1902-09-26,1,9,13,-4
lccn/sn99063812/1920-12-11,2,7,2,5
lccn/sn89066996/1912-10-31,2,7,4,3
lccn/sn87065609/1917-01-12,1,0,0,0
lccn/sn89066996/1916-12-29,1,5,11,-6
lccn/sn89066996/1917-01-19,2,7,0,7
lccn/sn89066996/1917-04-20,1,1,17,-16
lccn/sn84020613/1903-02-07,2,14,13,1
lccn/sn89066996/1916-07-28,2,10,4,6
lccn/sn85025759/1878-03-14,2,14,3,11
lccn/sn89066996/1918-03-29,2,15,4,11
lccn/sn89066996/1918-05-03,1,1,4,-3
lccn/sn85025759/1878-05-25,2,13,4,9
lccn/sn89066996/1915-12-24,1,0,0,0
lccn/sn89066996/1913-09-18,2,7,2,5
lccn/sn99063812/1921-04-25,2,15,5,10
lccn/sn89066489/1906-03-22,2,21,6,15
lccn/sn85025759/1878-06-20,1,4,7,-3
lccn/sn84020613/1901-09-14,2,6,5,1
lccn/sn89066996/1919-01-24,1,11,14,-3
lccn/sn89066996/1919-05-23,1,5,5,0
lccn/sn99063812/1922-10-24,2,13,11,2
lccn/sn89066996/1920-08-06,2,4,3,1
lccn/sn89066996/1920-07-16,2,14,6,8
lccn/sn89066996/1920-07-23,2,3,1,2
lccn/sn89066996/1919-05-09,1,2,3,-1
lccn/sn89066489/1910-08-11,2,59,14,45
lccn/sn89066996/1921-09-30,2,6,2,4
lccn/sn89066996/1922-01-20,2,11,7,4
lccn/sn89066996/1921-05-27,1,7,8,-1
lccn/sn89066996/1921-05-27,1,2,4,-2
lccn/sn84020613/1903-04-04,2,10,3,7
lccn/sn89066996/1913-02-06,2,10,7,3
lccn/sn91066782/1922-09-21,2,8,6,2
lccn/sn84037217/1922-05-05,2,8,5,3
lccn/sn87093220/1903-01-29,1,0,0,0
lccn/sn87093220/1899-02-23,1,5,8,-3
lccn/sn84022549/1898-08-31,1,3,4,-1
lccn/sn84022549/1898-09-17,1,1,7,-6
lccn/sn84022549/1901-01-10,1,8,9,-1
lccn/sn84022549/1901-03-07,1,7,13,-6
lccn/sn84022549/1900-12-06,1,6,6,0
lccn/sn85038102/1897-10-01,2,17,12,5
lccn/sn85038102/1897-09-17,2,14,10,4
lccn/sn87093220/1899-08-31,2,15,5,10
lccn/sn93067951/1916-09-21,2,6,3,3
lccn/sn85058396/1919-04-12,2,9,4,5
lccn/sn85058396/1915-06-05,1,3,9,-6
lccn/sn85058396/1915-05-27,2,7,3,4
lccn/sn84037217/1919-07-25,2,9,4,5
lccn/sn87093407/1922-03-14,2,6,2,4
lccn/sn87093220/1901-01-17,1,8,9,-1
lccn/sn98069146/1903-10-02,2,5,3,2
lccn/sn87093220/1901-02-07,2,14,6,8
lccn/sn84022549/1896-04-04,1,9,10,-1
lccn/sn84022549/1896-04-11,2,12,5,7
lccn/sn85038102/1900-12-07,1,5,7,-2
lccn/sn84026965/1903-09-16,2,18,3,15
lccn/2010218505/1916-04-15,2,6,2,4
lccn/sn93067841/1922-10-26,2,4,2,2
lccn/sn89066489/1917-03-08,2,3,2,1
lccn/2004260419/1917-09-07,2,7,5,2
lccn/2004260419/1918-02-01,1,7,13,-6
lccn/sn86063756/1908-08-04,1,0,0,0
lccn/sn86063756/1911-07-11,1,0,0,0
lccn/sn93067841/1922-11-30,2,21,8,13
lccn/sn86063758/1909-03-23,2,17,5,12
lccn/sn93067841/1922-11-16,2,5,3,2
lccn/sn86064199/1897-04-21,2,14,4,10
lccn/sn85058393/1920-04-08,1,6,9,-3
lccn/sn84026918/1877-07-20,1,0,0,0
lccn/sn84026918/1877-07-27,1,0,0,0
lccn/sn84026965/1902-10-15,1,12,12,0
lccn/sn86064199/1898-02-08,2,13,6,7
lccn/sn93067853/1899-03-31,1,6,7,-1
lccn/sn84026918/1877-10-12,2,15,8,7
lccn/sn93067853/1897-04-30,1,0,0,0
lccn/sn85058393/1920-05-05,1,2,5,-3
lccn/sn85058396/1918-04-02,2,11,6,5
lccn/sn93067853/1913-04-04,1,1,8,-7
lccn/sn86063782/1922-05-11,2,11,4,7
lccn/sn93067951/1916-11-09,2,26,8,18
lccn/sn84026965/1900-10-10,1,0,0,0
lccn/sn84026965/1901-05-15,2,6,1,5
lccn/sn86064199/1896-12-24,2,17,6,11
lccn/sn93067846/1922-06-07,1,5,14,-9
lccn/sn93067846/1920-06-16,1,5,5,0
lccn/sn84026918/1881-04-22,2,13,2,11
lccn/sn86071063/1921-12-12,1,6,7,-1
lccn/sn86071063/1921-11-26,1,3,4,-1
lccn/sn93067853/1900-01-26,1,0,0,0
lccn/sn86071063/1922-11-20,2,9,2,7
lccn/sn85058396/1918-05-24,2,5,4,1
lccn/sn85058396/1918-06-10,1,0,0,0
lccn/sn86063790/1912-09-12,1,6,10,-4
lccn/sn86063790/1912-09-19,2,7,2,5
lccn/sn86063790/1911-07-20,2,9,5,4
lccn/sn85058396/1913-07-09,1,5,5,0
lccn/sn85058396/1919-05-28,2,16,3,13
lccn/sn85058396/1913-06-13,1,6,6,0
lccn/sn85058396/1913-05-27,1,0,0,0
lccn/sn85058396/1919-04-14,2,4,3,1
lccn/sn85058396/1913-09-26,2,6,5,1
lccn/sn85058396/1913-10-22,2,10,1,9
lccn/sn85058396/1919-06-28,2,18,2,16
lccn/sn85058396/1913-09-08,2,19,10,9
lccn/sn85058396/1913-09-12,1,7,9,-2
lccn/sn93067777/1902-05-16,2,15,12,3
lccn/sn85042399/1914-05-18,2,9,7,2
lccn/sn93067841/1921-11-24,1,4,5,-1
lccn/sn93067841/1920-12-16,2,12,4,8
lccn/sn93067669/1914-03-27,2,10,5,5
lccn/sn84026920/1868-02-01,1,0,0,0
lccn/sn84026920/1868-02-01,2,12,2,10
lccn/sn84026918/1887-12-02,2,16,4,12
lccn/sn84026918/1877-07-27,1,0,0,0
lccn/sn93067669/1915-04-21,1,2,4,-2
lccn/2010218505/1915-06-04,1,3,3,0
lccn/sn84026918/1881-01-21,1,1,5,-4
lccn/sn86063774/1920-11-04,2,8,4,4
lccn/sn93067669/1915-01-30,2,7,2,5
lccn/sn93067669/1915-02-09,2,10,4,6
lccn/sn93067822/1880-01-23,2,5,1,4
lccn/sn93067822/1880-03-12,1,3,4,-1
lccn/sn93067822/1879-11-07,2,10,1,9
lccn/sn93067822/1879-11-14,2,14,4,10
lccn/sn93067822/1880-02-27,2,8,5,3
lccn/sn93067669/1915-02-28,2,9,4,5
lccn/sn93067822/1879-10-31,1,9,10,-1
lccn/sn86063774/1911-05-11,2,8,7,1
lccn/sn84026965/1900-09-19,2,13,5,8
lccn/sn93067822/1879-08-08,2,12,1,11
lccn/sn93067669/1915-01-13,2,13,7,6
lccn/sn93067822/1880-04-09,2,10,6,4
lccn/sn93067822/1880-04-23,2,5,3,2
lccn/sn83045462/1932-10-26,2,5,0,5
lccn/sn85067315/1904-03-10,2,13,3,10
lccn/sn85067315/1904-04-21,2,32,13,19
lccn/sn82014189/1921-05-28,1,5,5,0
lccn/sn85067315/1905-05-11,1,0,0,0
lccn/sn83045462/1930-09-28,2,10,6,4
lccn/sn83045462/1934-04-14,1,0,0,0
lccn/sn83045462/1932-10-29,2,10,0,10
lccn/sn85067315/1897-09-02,2,9,5,4
lccn/sn85067315/1908-01-16,2,8,2,6
lccn/sn85067315/1909-08-05,1,1,3,-2
lccn/sn85067315/1908-09-10,2,19,6,13
lccn/sn85067315/1908-12-24,1,0,0,0
lccn/sn85067315/1898-04-07,2,10,6,4
lccn/sn83045462/1932-07-30,2,11,7,4
lccn/sn83045462/1934-05-12,1,0,0,0
lccn/sn83045462/1934-04-21,2,17,8,9
lccn/sn83045462/1934-05-29,1,0,0,0
lccn/sn85035720/1921-06-24,2,18,8,10
lccn/sn85035720/1921-11-12,2,17,8,9
lccn/sn83045462/1944-12-12,1,6,7,-1
lccn/sn85035720/1921-04-27,2,13,8,5
lccn/sn83045462/1945-01-25,2,11,4,7
lccn/sn83045462/1945-01-21,2,15,5,10
lccn/sn85035720/1921-04-20,2,13,2,11
lccn/sn78002169/1946-01-19,1,8,8,0
lccn/sn85036014/1891-11-01,2,15,5,10
lccn/sn78002169/1946-04-27,2,11,1,10
lccn/sn85035720/1921-10-06,1,4,6,-2
lccn/sn78002169/1945-01-17,1,4,10,-6
lccn/sn78002169/1945-03-08,1,5,5,0
lccn/sn78002169/1945-03-07,2,15,8,7
lccn/sn83016689/1912-04-24,1,0,0,0
lccn/sn78000873/1918-12-05,1,2,10,-8
lccn/sn78000873/1918-09-05,2,5,1,4
lccn/sn78000873/1917-06-07,2,10,1,9
lccn/sn78000873/1915-11-18,1,6,12,-6
lccn/sn83016689/1912-02-01,2,11,7,4
lccn/sn78000873/1915-12-09,2,5,2,3
lccn/sn78000873/1916-02-03,2,4,3,1
lccn/sn78000873/1914-12-03,2,12,1,11
lccn/sn78000873/1913-10-30,2,13,6,7
lccn/sn78000873/1918-03-28,2,2,1,1
lccn/sn83045462/1945-08-10,2,17,3,14
lccn/sn83045462/1945-08-11,2,13,2,11
lccn/sn83045462/1945-08-12,2,14,2,12
lccn/sn83045462/1945-04-15,2,12,1,11
lccn/sn83045462/1945-04-25,1,3,7,-4
lccn/sn83045462/1945-03-20,2,18,2,16
lccn/sn87068097/1889-11-08,2,9,6,3
lccn/sn85035720/1922-08-31,2,15,5,10
lccn/sn85035720/1922-09-09,1,0,0,0
lccn/sn85035720/1922-10-26,2,10,7,3
lccn/sn85035720/1922-12-14,2,11,1,10
lccn/sn85035720/1922-05-12,1,3,3,0
lccn/sn85035720/1922-03-15,1,12,15,-3
lccn/sn85035720/1922-03-16,2,11,8,3
lccn/sn78002169/1946-01-26,2,4,1,3
lccn/sn85035720/1922-06-24,2,5,1,4
lccn/sn85035720/1922-08-08,1,4,8,-4
lccn/sn85035720/1921-12-29,1,0,0,0
lccn/sn83045462/1943-05-02,1,1,5,-4
lccn/sn83045462/1943-05-02,1,3,3,0
lccn/sn83045462/1944-05-14,1,2,10,-8
lccn/sn83045462/1944-05-18,2,3,0,3
lccn/sn91068748/1923-12-14,2,20,7,13
lccn/sn91068748/1923-12-14,1,0,0,0
lccn/sn83045462/1944-07-23,2,19,0,19
lccn/sn83045462/1944-08-02,2,11,6,5
lccn/sn83045462/1940-09-09,1,3,8,-5
lccn/sn83045462/1940-09-15,2,16,1,15
lccn/sn83045462/1940-09-08,2,27,7,20
lccn/sn83045462/1940-08-29,2,11,6,5
lccn/sn83045462/1943-04-04,1,0,0,0
lccn/sn83045462/1940-05-08,2,4,3,1
lccn/sn83045462/1940-03-31,2,6,0,6
lccn/sn83045462/1944-05-16,2,10,3,7
lccn/2017236973/1931-03-26,2,19,2,17
lccn/sn83045462/1943-06-10,2,7,0,7
lccn/sn83045462/1943-05-31,2,6,1,5
lccn/sn83045462/1942-11-22,1,4,4,0
lccn/sn83045462/1937-01-04,1,3,6,-3
lccn/sn83045462/1940-03-03,2,15,4,11
lccn/sn83045462/1940-03-09,1,0,0,0
lccn/sn83045462/1943-01-11,1,2,15,-13
lccn/sn83045462/1943-01-05,2,14,4,10
lccn/sn83045462/1940-04-20,1,0,0,0
lccn/sn83045462/1942-12-06,2,8,3,5
lccn/sn78000873/1922-05-04,1,1,2,-1
lccn/sn78000873/1921-12-08,2,6,1,5
lccn/sn78000873/1920-11-25,2,13,4,9
lccn/sn78002169/1943-10-20,2,9,5,4
lccn/sn78002169/1943-12-02,2,11,4,7
lccn/sn78000873/1910-09-15,1,5,5,0
lccn/sn78000873/1911-11-09,2,19,8,11
lccn/sn78000873/1911-12-14,2,15,3,12
lccn/2017236974/1932-06-02,1,2,6,-4
lccn/sn83045462/1944-12-04,2,6,4,2
lccn/sn83016689/1911-05-23,1,4,15,-11
lccn/sn83016689/1911-05-23,1,0,0,0
lccn/sn78002169/1944-01-13,1,6,6,0
lccn/sn78002169/1944-01-12,1,5,7,-2
lccn/sn78000873/1909-12-23,1,0,0,0
lccn/sn83016689/1911-08-30,1,15,19,-4
lccn/sn83016689/1911-09-01,1,7,10,-3
lccn/sn78000873/1912-07-18,2,23,3,20
lccn/sn78002169/1944-05-26,1,7,12,-5
lccn/sn78002169/1944-05-02,2,12,3,9
lccn/sn78002169/1944-06-05,2,7,4,3
lccn/sn83016689/1911-03-18,1,4,9,-5
lccn/sn78000873/1914-12-31,2,7,0,7
lccn/sn83016689/1912-01-09,1,9,12,-3
lccn/sn78002169/1944-07-18,1,7,15,-8
lccn/sn78002169/1942-05-12,2,4,2,2
lccn/sn78002169/1942-08-06,2,13,4,9
lccn/sn78002169/1942-11-09,2,13,8,5
lccn/sn78002169/1942-11-01,1,4,4,0
lccn/sn78002169/1942-11-24,2,4,3,1
lccn/sn78002169/1941-12-21,1,2,7,-5
lccn/sn78002169/1941-11-25,2,4,0,4
lccn/sn78002169/1941-08-08,2,18,2,16
lccn/sn78002169/1942-09-30,1,3,3,0
lccn/sn78002169/1943-05-30,1,4,4,0
lccn/sn78002169/1941-03-31,2,10,2,8
lccn/sn78002169/1941-04-20,2,11,2,9
lccn/sn78002169/1941-05-10,2,16,1,15
lccn/sn78002169/1942-04-11,2,14,2,12
lccn/sn78002169/1941-10-15,1,8,10,-2
lccn/sn90051033/1906-12-14,2,9,3,6
lccn/sn86063397/1920-02-26,2,7,6,1
lccn/sn90051265/1895-11-14,2,22,14,8
lccn/sn86063397/1899-11-14,1,0,0,0
lccn/sn86063397/1903-05-26,2,8,7,1
lccn/sn83045462/1935-08-11,2,11,0,11
lccn/sn83045462/1935-08-31,1,3,3,0
lccn/sn99062034/1894-05-29,1,1,4,-3
lccn/sn86063459/1908-09-19,1,0,0,0
lccn/sn83045462/1935-09-29,2,20,16,4
lccn/sn83045462/1935-09-08,2,7,1,6
lccn/sn83045462/1937-09-11,1,5,10,-5
lccn/sn83045462/1937-10-25,2,20,7,13
lccn/sn88065721/1900-01-27,1,13,28,-15
lccn/sn88065726/1913-03-08,2,7,6,1
lccn/sn83045462/1934-02-22,1,0,0,0
lccn/sn83045462/1933-09-24,2,4,1,3
lccn/sn88065726/1919-05-10,2,4,3,1
lccn/sn88065726/1919-05-13,2,14,4,10
lccn/sn88065726/1917-11-14,2,6,2,4
lccn/sn88065726/1919-02-06,1,6,8,-2
lccn/sn88065726/1910-06-20,2,9,3,6
lccn/sn88065726/1919-04-23,1,0,0,0
lccn/sn88065721/1899-11-03,2,40,3,37
lccn/sn99062034/1895-11-15,2,9,5,4
lccn/sn99062034/1895-11-15,2,9,5,4
lccn/sn83045462/1935-09-29,1,1,15,-14
lccn/sn83045462/1937-09-27,2,16,6,10
lccn/sn99062034/1894-09-11,1,5,6,-1
lccn/sn83045462/1937-12-07,1,0,0,0
lccn/sn85035720/1916-06-01,1,1,1,0
lccn/sn85035720/1916-05-19,1,4,6,-2
lccn/sn85035720/1916-04-28,2,7,2,5
lccn/sn85035720/1915-10-13,2,11,4,7
lccn/sn85035720/1915-10-14,2,11,2,9
lccn/sn85035720/1916-03-10,2,13,1,12
lccn/sn85035720/1917-02-07,1,1,5,-4
lccn/sn85035720/1917-02-15,1,8,11,-3
lccn/sn85035720/1917-02-08,1,7,11,-4
lccn/sn85035720/1917-06-20,2,9,1,8
lccn/sn85035720/1917-06-26,2,5,0,5
lccn/sn85035720/1917-06-05,2,11,1,10
lccn/sn85035720/1917-03-28,1,0,0,0
lccn/sn85035720/1918-01-16,2,7,3,4
lccn/sn85035720/1918-02-08,1,11,11,0
lccn/sn85035720/1918-06-07,1,11,12,-1
lccn/sn85035720/1918-04-29,2,10,3,7
lccn/sn85035720/1916-12-20,2,11,8,3
lccn/sn85035720/1917-10-10,2,3,1,2
lccn/sn85035720/1917-12-18,2,10,6,4
lccn/sn85035720/1917-09-04,2,13,7,6
lccn/sn83045462/1937-11-11,2,4,3,1
lccn/sn83045462/1930-05-27,2,5,1,4
lccn/sn00065154/1921-08-05,1,5,9,-4
lccn/sn83045462/1931-09-13,2,22,1,21
lccn/sn83045462/1931-03-16,2,7,6,1
lccn/sn00065154/1921-03-11,2,14,6,8
lccn/sn00065154/1921-02-18,2,36,19,17
lccn/sn00065154/1921-02-18,2,35,16,19
lccn/sn83045462/1931-09-05,1,0,0,0
lccn/sn00065154/1906-11-02,2,3,2,1
lccn/sn00065154/1906-04-06,1,2,3,-1
lccn/sn00065154/1911-05-26,2,11,3,8
lccn/sn00065154/1910-02-25,2,4,1,3
lccn/sn83045462/1933-02-11,2,5,0,5
lccn/sn83045462/1933-04-15,1,0,0,0
lccn/sn83045462/1933-03-11,1,0,0,0
lccn/sn83045462/1931-05-19,1,1,2,-1
lccn/sn83045462/1931-06-06,2,5,4,1
lccn/sn83045462/1936-05-23,1,8,8,0
lccn/sn83009667/1922-11-09,1,0,0,0
lccn/sn99062034/1909-01-29,1,0,0,0
lccn/sn85025350/1911-09-16,1,6,6,0
lccn/sn99062034/1909-03-09,1,1,1,0
lccn/sn83009667/1923-05-05,2,9,3,6
lccn/sn99062034/1906-05-31,1,8,15,-7
lccn/sn90057193/1914-09-17,2,14,9,5
lccn/sn99062034/1905-11-29,2,5,2,3
lccn/sn90057212/1916-11-25,2,23,11,12
lccn/sn88065726/1922-02-16,2,12,1,11
lccn/sn88065726/1922-03-08,1,9,15,-6
lccn/sn88065726/1922-04-29,2,8,1,7
lccn/sn90057193/1914-04-02,2,24,10,14
lccn/sn88065726/1920-03-27,2,12,5,7
lccn/sn82014073/1849-02-22,1,12,12,0
lccn/sn90051033/1906-04-13,2,5,2,3
lccn/sn83009667/1922-12-16,2,10,8,2
lccn/sn83009667/1923-01-03,1,0,2,-2
lccn/sn99062034/1911-12-20,2,22,10,12
lccn/sn88065726/1921-03-02,1,5,5,0
lccn/sn88065726/1921-02-04,1,0,1,-1
lccn/sn88065726/1920-12-20,1,6,7,-1
lccn/sn88065726/1920-08-16,1,0,0,0
lccn/sn88065726/1920-07-21,2,8,1,7
lccn/sn85025350/1912-09-14,2,5,4,1
lccn/sn88065726/1919-10-23,1,0,0,0
lccn/sn88065726/1921-08-08,2,9,3,6
lccn/sn88065726/1921-08-03,1,3,7,-4
lccn/sn90051033/1909-05-14,1,16,31,-15
lccn/sn90051033/1910-07-29,2,13,12,1
lccn/sn90051033/1910-01-28,2,13,5,8
lccn/sn90051033/1910-12-16,1,6,8,-2
lccn/sn90051265/1907-03-08,2,5,2,3
lccn/sn90051033/1917-03-09,2,12,2,10
lccn/sn90051033/1917-01-05,2,12,3,9
lccn/sn90051033/1916-12-01,1,6,11,-5
lccn/sn90051033/1914-05-29,2,7,5,2
lccn/sn90051033/1912-02-23,2,3,0,3
lccn/sn99062034/1912-06-06,1,2,4,-2
lccn/sn90057212/1916-02-19,1,3,15,-12
lccn/sn83045462/1935-03-21,2,20,9,11
lccn/sn83045462/1932-06-13,1,0,2,-2
lccn/sn83045462/1935-03-17,2,5,1,4
lccn/sn83045462/1934-12-20,2,4,3,1
lccn/sn90051267/1901-05-15,2,10,8,2
lccn/sn83045462/1934-09-30,2,8,2,6
lccn/sn83045462/1935-02-08,2,16,8,8
lccn/sn83045462/1932-03-27,2,4,2,2
lccn/sn90051267/1907-07-13,2,10,6,4
lccn/sn83045462/1929-04-03,2,6,3,3
lccn/sn83045462/1929-09-22,2,5,2,3
lccn/sn83045462/1929-08-25,2,11,4,7
lccn/sn83045462/1929-09-11,2,9,4,5
lccn/sn83045462/1929-09-08,2,2,0,2
lccn/sn83045462/1929-05-03,1,4,9,-5
lccn/sn83045462/1929-01-23,2,5,1,4
lccn/sn84031042/1866-06-09,2,2,1,1
lccn/sn83045462/1929-08-18,1,8,23,-15
lccn/sn83045462/1929-05-06,2,15,8,7
lccn/sn83045462/1929-03-30,2,20,5,15
lccn/sn87065327/1908-12-11,1,4,6,-2
lccn/sn87065327/1909-04-23,1,3,7,-4
lccn/sn87065327/1916-03-03,2,9,3,6
lccn/sn87065327/1918-03-01,2,4,2,2
lccn/sn87065327/1904-07-08,2,4,2,2
lccn/sn87065327/1904-06-10,1,3,4,-1
lccn/sn87065327/1904-07-01,2,13,5,8
lccn/sn87065327/1906-02-02,1,16,20,-4
lccn/sn87065327/1899-06-15,1,0,0,0
lccn/sn86091145/1899-04-07,1,0,0,0
lccn/sn86091145/1899-03-03,2,11,7,4
lccn/sn86086499/1901-03-30,2,10,5,5
lccn/sn85040652/1922-04-08,2,8,7,1
lccn/sn85042354/1910-07-28,1,6,7,-1
lccn/sn85042354/1909-06-18,1,7,8,-1
lccn/sn82014519/1920-03-10,2,12,5,7
lccn/sn82014519/1920-03-15,1,0,1,-1
lccn/sn83016025/1892-12-23,1,3,3,0
lccn/sn83016025/1892-12-19,2,13,7,6
lccn/sn83016025/1892-07-26,2,15,1,14
lccn/sn83016025/1892-08-02,2,16,5,11
lccn/sn83016025/1892-09-15,1,4,16,-12
lccn/sn85040451/1908-02-05,1,13,14,-1
lccn/sn85040451/1908-10-14,2,30,17,13
lccn/sn83016025/1894-07-19,2,22,13,9
lccn/sn92051283/1923-11-24,1,10,10,0
lccn/sn83016025/1895-05-28,1,5,7,-2
lccn/sn85040451/1909-07-14,1,12,12,0
lccn/sn85058376/1918-06-22,2,7,0,7
lccn/sn85058376/1915-10-02,1,8,10,-2
lccn/sn85058376/1915-12-18,2,8,3,5
lccn/sn85058376/1915-05-29,1,4,4,0
lccn/sn87068192/1900-09-20,2,13,2,11
lccn/sn85058376/1918-06-01,1,3,4,-1
lccn/sn85042354/1910-09-27,1,0,0,0
lccn/sn87068192/1900-04-05,1,5,13,-8
lccn/sn85042354/1909-06-17,1,3,3,0
lccn/sn84022960/1906-03-09,1,0,0,0
lccn/sn87068192/1901-05-09,2,9,3,6
lccn/sn87068192/1912-10-03,1,4,10,-6
lccn/sn87068192/1913-07-24,1,5,13,-8
lccn/sn87068192/1914-09-03,1,2,5,-3
lccn/sn87068192/1917-01-25,2,15,7,8
lccn/sn87068192/1915-11-25,2,6,5,1
lccn/sn84022960/1901-04-12,2,15,11,4
lccn/sn85042354/1910-03-19,2,20,1,19
lccn/sn85042354/1910-03-21,1,2,3,-1
lccn/sn88065721/1886-01-25,2,15,7,8
lccn/sn84022960/1897-10-29,1,0,0,0
lccn/sn84022960/1897-10-08,1,0,0,0
lccn/sn84022960/1897-09-03,1,0,0,0
lccn/sn84022960/1897-10-22,1,0,0,0
lccn/sn88065721/1888-06-02,2,15,4,11
lccn/sn85042354/1909-03-05,1,6,7,-1
lccn/sn84022960/1897-12-10,2,9,5,4
lccn/sn84022960/1897-11-12,1,0,0,0
lccn/sn84022960/1897-12-03,2,5,2,3
lccn/sn84022960/1898-10-21,2,14,7,7
lccn/sn88065721/1888-01-19,2,5,3,2
lccn/sn84022960/1898-10-28,2,8,3,5
lccn/sn84022960/1897-08-20,2,12,7,5
lccn/sn88065721/1887-11-11,1,0,0,0
lccn/sn88065721/1888-01-31,2,20,3,17
lccn/sn85042354/1909-11-05,2,14,5,9
lccn/sn85042354/1909-09-27,2,7,4,3
lccn/sn85042354/1908-08-19,2,11,8,3
lccn/sn85042354/1908-08-05,1,4,11,-7
lccn/sn88065721/1886-01-18,2,10,8,2
lccn/sn87068192/1888-05-24,1,3,10,-7
lccn/sn88065721/1891-01-29,2,10,5,5
lccn/sn85042354/1910-01-15,2,4,1,3
lccn/sn84022960/1899-01-20,2,7,3,4
lccn/sn84022960/1898-01-07,2,6,4,2
lccn/sn84022960/1897-07-16,1,0,0,0
lccn/sn84022960/1897-11-26,1,1,1,0
lccn/sn85042354/1908-09-26,2,6,5,1
lccn/sn84022960/1908-12-04,2,17,7,10
lccn/sn87068192/1903-06-04,1,9,11,-2
lccn/sn84022960/1911-12-15,2,7,4,3
lccn/sn87068192/1911-12-14,2,23,13,10
lccn/sn85042224/1906-01-09,2,10,2,8
lccn/sn84022265/1905-06-08,2,11,5,6
lccn/sn87065632/1916-11-03,2,18,5,13
lccn/sn87065599/1907-02-21,2,12,3,9
lccn/sn84022265/1909-05-26,2,9,1,8
lccn/sn84022265/1909-06-16,1,10,17,-7
lccn/sn84022265/1912-05-02,2,10,8,2
lccn/sn84022265/1910-05-05,1,2,5,-3
lccn/sn84022265/1912-04-25,2,6,3,3
lccn/sn84022265/1912-09-26,2,10,2,8
lccn/sn84022265/1911-11-02,1,5,11,-6
lccn/sn84022265/1912-03-07,1,8,11,-3
lccn/sn84022265/1912-05-09,1,1,7,-6
lccn/sn84022265/1912-10-31,1,0,0,0
lccn/sn84022265/1912-11-28,2,9,4,5
lccn/sn84022265/1911-06-15,1,4,12,-8
lccn/sn84022265/1911-06-08,1,7,10,-3
lccn/sn92051342/1946-09-21,1,13,14,-1
lccn/sn96060002/1914-12-21,2,9,6,3
lccn/sn83045462/1939-01-14,1,0,0,0
lccn/sn83045462/1939-03-11,2,12,4,8
lccn/sn83045462/1939-03-12,2,5,2,3
lccn/sn83045462/1939-06-22,2,14,4,10
lccn/sn86072239/1922-05-15,1,6,11,-5
lccn/sn83016689/1910-04-30,2,9,3,6
lccn/sn78002169/1946-05-16,1,2,5,-3
lccn/sn78002169/1946-11-09,2,5,3,2
lccn/sn78002169/1947-02-16,2,12,1,11
lccn/sn78002169/1947-02-06,2,6,0,6
lccn/sn78002169/1947-01-06,2,12,11,1
lccn/sn78002169/1947-01-26,1,7,13,-6
lccn/sn83016689/1910-08-17,2,12,3,9
lccn/sn83016689/1910-08-24,1,0,4,-4
lccn/sn83016689/1910-08-24,2,14,0,14
lccn/2017270205/1896-04-30,2,16,15,1
lccn/sn83045462/1939-05-08,2,12,0,12
lccn/sn83045462/1939-03-29,2,15,3,12
lccn/sn83045462/1939-04-30,2,5,3,2
lccn/sn83045462/1939-02-25,2,4,1,3
lccn/sn83045462/1939-02-05,2,12,4,8
lccn/sn83045462/1939-02-05,2,7,3,4
lccn/sn83016689/1910-12-20,1,3,6,-3
lccn/sn78002169/1947-04-04,2,7,2,5
lccn/sn78002169/1947-12-11,2,7,1,6
lccn/sn78002169/1947-07-03,2,7,4,3
lccn/sn83045462/1944-02-18,1,1,3,-2
lccn/sn83045462/1944-03-19,2,5,2,3
lccn/sn83045462/1943-10-27,2,14,2,12
lccn/sn84020657/1920-08-27,1,20,20,0
lccn/sn84020657/1920-11-04,2,8,0,8
lccn/sn85025202/1879-07-12,2,15,11,4
lccn/sn86074065/1905-12-27,2,18,6,12
lccn/sn86074065/1905-12-06,2,13,7,6
lccn/sn86074065/1906-01-03,1,6,12,-6
lccn/sn86074065/1906-01-10,1,12,17,-5
lccn/sn86074065/1905-12-20,2,16,6,10
lccn/sn86074065/1906-01-24,2,15,1,14
lccn/sn86074063/1905-11-15,2,4,3,1
lccn/sn86074065/1906-09-05,2,19,1,18
lccn/sn86074065/1906-08-22,2,14,2,12
lccn/sn86074065/1906-08-08,2,12,1,11
lccn/sn86074065/1906-09-26,2,20,5,15
lccn/sn86074065/1908-04-15,1,8,20,-12
lccn/sn86074065/1908-03-11,2,27,22,5
lccn/sn86074065/1908-04-04,1,11,11,0
lccn/sn86074065/1908-02-26,2,19,8,11
lccn/sn86074065/1908-03-04,2,12,10,2
lccn/sn86074065/1908-01-29,2,36,11,25
lccn/sn86074065/1908-02-12,2,16,10,6
lccn/sn86074065/1908-01-08,2,17,14,3
lccn/sn86074065/1908-02-19,1,16,17,-1
lccn/sn86074065/1907-02-06,2,11,10,1
lccn/sn86074065/1907-11-06,2,12,6,6
lccn/sn86074065/1907-10-23,2,15,12,3
lccn/sn86074065/1907-11-20,2,14,13,1
lccn/sn86074065/1907-11-13,2,19,12,7
lccn/sn86074065/1907-12-04,2,9,6,3
lccn/sn86074065/1907-11-27,2,10,7,3
lccn/sn86074065/1907-10-30,2,14,8,6
lccn/sn86074065/1908-06-24,2,13,5,8
lccn/sn86074065/1908-05-06,2,6,3,3
lccn/sn86074065/1907-10-16,2,13,5,8
lccn/sn86074065/1907-08-17,2,10,9,1
lccn/sn86074065/1907-08-28,2,8,1,7
lccn/sn86074065/1907-08-10,2,13,4,9
lccn/sn86074065/1907-09-04,2,14,12,2
lccn/sn86074065/1907-09-11,1,7,11,-4
lccn/sn86074065/1907-08-24,2,12,4,8
lccn/sn86074065/1907-05-25,2,13,2,11
lccn/sn86074065/1907-06-01,1,3,7,-4
lccn/sn86074065/1907-07-20,2,11,3,8
lccn/sn86074065/1907-07-27,2,10,5,5
lccn/sn86074065/1907-06-29,2,7,4,3
lccn/sn86074065/1907-06-08,2,10,6,4
lccn/sn86074065/1907-08-03,2,19,9,10
lccn/sn86074065/1907-06-15,2,11,3,8
lccn/sn86074065/1907-07-13,2,13,3,10
lccn/sn86074065/1907-02-23,2,15,6,9
lccn/sn86074065/1907-01-02,2,14,5,9
lccn/sn86074065/1907-03-09,1,8,10,-2
lccn/sn86074065/1906-12-19,2,11,7,4
lccn/sn86074065/1907-04-06,2,15,7,8
lccn/sn86074065/1907-05-11,1,2,3,-1
lccn/sn86074065/1907-04-27,2,14,1,13
lccn/sn83045462/1943-12-03,2,15,10,5
lccn/sn83045462/1943-12-03,2,5,1,4
lccn/sn85033000/1914-02-26,1,3,10,-7
lccn/sn83045462/1944-01-30,2,1,0,1
lccn/sn83045462/1944-02-06,2,21,15,6
lccn/sn83045462/1944-02-06,2,18,1,17
lccn/sn83045462/1943-11-14,2,14,12,2
lccn/sn85033000/1916-10-03,2,12,4,8
lccn/sn85042354/1900-10-05,1,0,0,0
lccn/sn85042354/1901-09-06,2,4,1,3
lccn/sn83045462/1943-11-21,2,11,4,7
lccn/sn85042354/1902-02-05,2,9,3,6
lccn/sn83045462/1944-04-01,1,0,0,0
lccn/sn83045462/1944-04-04,2,15,0,15
lccn/sn85033000/1917-02-06,1,4,4,0
lccn/sn84022960/1914-05-29,1,4,5,-1
lccn/sn83045462/1944-01-30,2,16,0,16
lccn/sn83045462/1944-01-16,2,3,2,1
lccn/sn83045462/1944-01-23,2,18,1,17
lccn/sn83045462/1947-06-19,2,13,2,11
lccn/sn83045462/1947-05-19,1,4,8,-4
lccn/sn83045462/1942-06-11,2,6,1,5
lccn/sn83045462/1938-11-13,2,10,3,7
lccn/sn85035720/1915-05-19,1,6,6,0
lccn/sn85035720/1909-06-15,1,4,7,-3
lccn/sn85035720/1915-06-10,2,13,8,5
lccn/sn85035720/1915-06-03,1,4,9,-5
lccn/sn83045462/1946-08-24,2,8,1,7
lccn/sn83045462/1946-09-02,1,1,2,-1
lccn/sn83045462/1946-09-02,1,7,7,0
lccn/sn83045462/1946-09-08,2,8,3,5
lccn/sn83045462/1946-08-14,2,10,1,9
lccn/sn83045462/1947-07-24,2,24,8,16
lccn/sn83045462/1947-08-27,2,7,1,6
lccn/sn83045462/1946-04-28,2,7,1,6
lccn/sn83045462/1946-04-27,2,8,0,8
lccn/sn86091084/1915-09-17,2,8,5,3
lccn/sn86091084/1917-04-24,2,8,5,3
lccn/sn83045462/1947-04-18,2,16,5,11
lccn/sn86091084/1919-06-10,2,8,4,4
lccn/sn86091084/1918-05-07,2,13,2,11
lccn/sn83045462/1947-04-20,2,18,2,16
lccn/sn86091084/1908-06-13,2,17,6,11
lccn/sn86091084/1910-07-23,1,0,0,0
lccn/sn86091084/1911-09-16,2,8,7,1
lccn/sn85035720/1910-01-18,2,7,5,2
lccn/sn85035720/1910-02-03,1,3,3,0
lccn/sn85035720/1910-03-28,2,8,4,4
lccn/sn85035720/1909-11-15,2,17,10,7
lccn/sn85035720/1915-02-15,1,10,14,-4
lccn/sn85035720/1915-04-29,1,3,5,-2
lccn/sn85035720/1909-05-17,1,7,12,-5
lccn/sn85035720/1915-04-23,2,15,8,7
lccn/sn85035720/1909-02-19,1,4,8,-4
lccn/sn85035720/1914-12-19,2,12,3,9
lccn/sn85035720/1914-12-19,2,15,6,9
lccn/sn85035720/1910-06-30,1,7,12,-5
lccn/sn83045462/1939-01-08,2,6,4,2
lccn/sn99062034/1922-09-02,2,10,9,1
lccn/sn95076625/1908-06-19,1,5,5,0
lccn/sn86074063/1897-04-28,2,11,9,2
lccn/sn95076626/1912-09-05,2,4,3,1
lccn/sn86074063/1897-11-24,2,6,5,1
lccn/2018270504/1878-01-19,2,5,4,1
lccn/2018270504/1877-11-24,2,12,5,7
lccn/sn99062034/1922-05-03,2,4,0,4
lccn/sn83045462/1948-09-12,2,11,6,5
lccn/sn83045462/1948-09-19,1,0,0,0
lccn/sn83045462/1948-08-22,2,13,2,11
lccn/sn83045462/1948-09-15,2,11,3,8
lccn/sn86074063/1905-08-09,2,13,8,5
lccn/sn86074063/1905-08-16,2,13,7,6
lccn/sn86074063/1905-07-19,2,25,4,21
lccn/sn83045462/1946-11-11,1,0,0,0
lccn/sn83045462/1946-10-20,2,4,2,2
lccn/sn83045462/1946-10-24,2,13,3,10
lccn/sn86074063/1905-08-23,1,10,14,-4
lccn/sn86074063/1905-10-11,2,6,2,4
lccn/sn86074063/1905-10-25,1,9,13,-4
lccn/sn86074063/1905-10-18,2,11,4,7
lccn/sn86074063/1904-06-04,2,15,7,8
lccn/sn86074063/1903-05-27,1,10,14,-4
lccn/sn86074063/1905-03-08,2,15,4,11
lccn/sn86074063/1905-02-08,2,12,7,5
lccn/sn86074063/1905-01-25,2,19,8,11
lccn/sn86074063/1905-01-18,2,16,10,6
lccn/sn86074063/1905-02-01,2,17,3,14
lccn/sn86074063/1905-05-17,2,11,6,5
lccn/sn86074063/1905-05-31,2,16,0,16
lccn/sn86074063/1905-05-24,2,11,1,10
lccn/sn86074063/1905-01-04,2,22,6,16
lccn/sn86074063/1905-01-11,2,6,5,1
lccn/sn86074063/1905-06-14,1,9,9,0
lccn/sn86074063/1905-06-07,2,18,2,16
lccn/sn86074063/1905-07-12,2,10,6,4
lccn/sn91068749/1948-09-29,1,3,6,-3
lccn/sn91068749/1948-09-27,2,12,10,2
lccn/2017236974/1948-09-09,2,2,0,2
lccn/sn91068749/1948-09-20,1,0,0,0
lccn/sn85035720/1907-09-13,2,6,4,2
lccn/sn85035720/1907-09-05,1,2,8,-6
lccn/sn85042354/1890-06-24,2,7,2,5
lccn/sn85042354/1890-08-30,2,13,8,5
lccn/sn83045462/1948-06-06,2,8,7,1
lccn/sn83045462/1947-07-31,2,15,3,12
lccn/sn83045462/1947-09-07,1,11,12,-1
lccn/sn83045462/1947-09-07,2,15,11,4
lccn/sn83045462/1947-09-28,1,2,3,-1
lccn/sn83045462/1947-09-25,2,10,9,1
lccn/sn83045462/1948-08-14,2,8,2,6
lccn/sn83045462/1948-05-28,1,2,4,-2
lccn/sn83045462/1948-06-07,1,1,5,-4
lccn/sn83045462/1948-05-17,2,18,1,17
lccn/sn83045462/1948-04-02,1,0,0,0
lccn/sn83045462/1947-09-20,2,11,0,11
lccn/sn83045462/1947-01-10,1,0,0,0
lccn/sn83016244/1943-04-21,1,0,0,0
lccn/sn83016244/1941-10-06,1,0,0,0
lccn/sn83016244/1941-12-09,1,2,6,-4
lccn/sn83016244/1946-03-18,2,9,0,9
lccn/sn91068761/1947-02-14,1,9,10,-1
lccn/sn90051521/1913-02-04,1,3,8,-5
lccn/sn91068761/1949-02-23,2,8,6,2
lccn/sn86076200/1898-12-17,2,22,5,17
lccn/sn86076201/1910-06-18,2,3,1,2
lccn/sn86076201/1910-03-26,1,8,16,-8
lccn/sn85025570/1896-11-05,2,6,2,4
lccn/sn85025570/1897-03-25,2,4,1,3
lccn/sn83016244/1938-05-04,1,9,14,-5
lccn/sn86076201/1910-12-31,1,4,4,0
lccn/sn83016244/1937-11-20,2,22,6,16
lccn/sn86076201/1908-08-10,2,3,1,2
lccn/sn83016244/1937-10-30,2,5,1,4
lccn/sn85025570/1896-09-10,2,12,5,7
lccn/sn86076201/1912-06-22,1,3,5,-2
lccn/sn86076201/1913-02-08,2,12,6,6
lccn/sn85025570/1899-01-04,2,28,7,21
lccn/sn86076201/1912-12-14,2,4,0,4
lccn/sn85025570/1892-09-22,2,21,4,17
lccn/sn83016244/1937-02-25,2,7,2,5
lccn/sn83016244/1940-06-04,1,2,3,-1
lccn/sn83016244/1937-07-10,2,9,6,3
lccn/sn86076201/1905-06-10,2,6,3,3
lccn/sn83016244/1937-09-04,2,18,6,12
lccn/sn86076201/1906-06-23,2,4,3,1
lccn/sn86076201/1913-11-08,1,4,14,-10
lccn/sn86076201/1918-06-08,1,3,5,-2
lccn/sn83016244/1939-05-10,2,7,3,4
lccn/sn86076201/1920-01-17,1,3,10,-7
lccn/sn84022044/1880-09-01,1,4,4,0
lccn/sn84022044/1880-09-05,1,3,3,0
lccn/sn84022044/1880-09-09,2,7,5,2
lccn/sn84022044/1880-08-29,2,5,3,2
lccn/sn84022044/1880-08-26,1,3,4,-1
lccn/sn90051521/1914-05-05,1,0,0,0
lccn/sn90051521/1914-03-19,2,3,1,2
lccn/sn90051521/1914-05-09,1,1,5,-4
lccn/sn89052133/1917-03-30,1,4,6,-2
lccn/sn89052133/1917-04-06,2,8,6,2
lccn/sn84027718/1918-09-26,1,5,8,-3
lccn/sn84027718/1922-10-26,1,6,16,-10
lccn/sn83016025/1892-07-12,1,5,7,-2
lccn/sn84027718/1922-12-21,1,6,7,-1
lccn/sn83016025/1892-06-28,1,6,6,0
lccn/sn83016025/1892-06-17,1,2,2,0
lccn/sn84027718/1920-09-02,1,7,24,-17
lccn/sn84027718/1921-09-29,1,8,9,-1
lccn/sn89052133/1906-03-30,1,1,2,-1
lccn/sn89052133/1906-05-11,2,19,4,15
lccn/sn89052133/1907-05-03,1,0,0,0
lccn/sn89052133/1907-01-31,2,15,8,7
lccn/sn89052133/1907-04-19,1,4,9,-5
lccn/sn89052133/1906-12-14,2,5,1,4
lccn/sn92051501/1897-08-12,2,10,2,8
lccn/sn84027718/1919-01-02,2,3,2,1
lccn/sn84027718/1919-11-13,1,5,10,-5
lccn/sn83016244/1947-05-29,2,15,9,6
lccn/sn84022137/1910-04-21,1,5,8,-3
lccn/sn86074065/1914-08-15,2,8,4,4
lccn/sn86074065/1922-10-07,2,7,5,2
lccn/sn86074065/1915-12-04,2,14,2,12
lccn/sn86074065/1914-02-18,2,20,4,16
lccn/sn86074065/1919-05-17,1,5,8,-3
lccn/sn86074065/1915-10-06,2,28,6,22
lccn/sn86074065/1919-11-15,2,12,3,9
lccn/sn86074065/1909-02-03,2,39,31,8
lccn/sn86074065/1909-11-03,1,7,12,-5
lccn/sn86074065/1910-03-30,2,18,10,8
lccn/sn86074065/1910-03-09,2,11,8,3
lccn/sn86074065/1910-02-02,2,13,6,7
lccn/sn86074065/1913-05-14,2,23,3,20
lccn/sn85042354/1902-09-30,1,6,7,-1
lccn/sn85042354/1902-09-05,2,15,6,9
lccn/sn85042354/1916-05-06,1,1,6,-5
lccn/sn85042354/1916-10-19,2,2,0,2
lccn/sn85042354/1916-09-08,2,19,3,16
lccn/sn85042354/1916-11-21,2,11,5,6
lccn/sn85042354/1916-06-27,2,9,4,5
lccn/sn85042354/1916-03-08,1,2,2,0
lccn/sn85042354/1916-06-15,2,6,2,4
lccn/sn85042354/1917-03-09,2,13,5,8
lccn/sn85042354/1917-11-12,2,5,2,3
lccn/sn85042354/1917-12-06,1,6,8,-2
lccn/sn85042354/1918-05-04,1,4,4,0
lccn/sn85042354/1917-05-02,2,17,7,10
lccn/sn85042354/1917-05-08,2,10,3,7
lccn/sn85042354/1918-05-11,2,26,5,21
lccn/sn89053684/1902-06-22,2,12,3,9
lccn/sn82014519/1922-08-25,1,5,15,-10
lccn/sn89053684/1902-05-13,2,15,7,8
lccn/sn89053684/1903-03-10,2,9,5,4
lccn/sn89053684/1902-12-22,1,0,0,0
lccn/sn82014519/1922-01-04,1,5,5,0
lccn/sn82014519/1921-06-28,1,3,4,-1
lccn/sn82014519/1921-11-01,2,7,3,4
lccn/sn82014519/1921-11-09,2,17,2,15
lccn/sn82014519/1922-08-01,1,2,4,-2
lccn/sn82014519/1922-05-03,2,5,2,3
lccn/sn82014519/1922-03-24,2,13,9,4
lccn/sn82014519/1922-03-28,1,6,6,0
lccn/sn82014519/1922-02-16,2,5,1,4
lccn/sn82014519/1921-05-28,1,2,8,-6
lccn/sn82014519/1922-02-24,2,5,3,2
lccn/sn82014519/1922-02-25,1,7,7,0
lccn/sn82014519/1922-08-09,2,16,8,8
lccn/sn82014519/1922-10-05,2,9,2,7
lccn/sn82014519/1922-10-10,2,7,1,6
lccn/sn82014519/1922-10-10,1,8,9,-1
lccn/sn85042224/1912-02-19,2,19,9,10
lccn/sn85042224/1914-06-24,1,5,9,-4
lccn/sn85042224/1914-06-25,2,18,1,17
lccn/sn85042224/1914-05-20,2,15,2,13
lccn/sn85042224/1912-05-18,2,17,5,12
lccn/sn85042224/1912-05-24,2,12,4,8
lccn/sn85042224/1914-01-10,1,6,8,-2
lccn/sn85042224/1913-06-18,2,15,3,12
lccn/sn85042224/1913-06-25,2,11,5,6
lccn/sn85042224/1913-06-03,1,6,9,-3
lccn/sn85042224/1913-05-15,2,15,3,12
lccn/sn85042224/1912-09-14,2,19,6,13
lccn/sn85042224/1913-02-11,2,12,9,3
lccn/sn85042224/1912-12-19,2,16,6,10
lccn/sn85042224/1912-10-10,2,9,6,3
lccn/sn85042224/1913-11-05,1,5,8,-3
lccn/sn85042224/1913-11-06,2,14,7,7
lccn/sn86074053/1922-01-26,2,4,0,4
lccn/sn86074053/1904-06-09,1,6,9,-3
lccn/sn86074053/1905-07-06,2,4,1,3
lccn/sn86074053/1914-01-29,2,12,5,7
lccn/sn86074053/1910-07-21,1,5,5,0
lccn/sn85040437/1919-08-21,2,6,0,6
lccn/sn85040437/1922-02-02,2,8,2,6
lccn/sn85040437/1922-05-11,1,8,8,0
lccn/sn85040437/1921-11-24,2,5,3,2
lccn/sn82014519/1925-07-14,2,17,2,15
lccn/sn82014519/1925-08-25,2,24,9,15
lccn/sn82014519/1925-11-25,2,10,7,3
lccn/sn82014519/1925-11-02,1,3,19,-16
lccn/sn82014519/1925-09-11,2,10,6,4
lccn/sn82014519/1924-12-17,1,4,7,-3
lccn/sn82014519/1925-01-24,2,10,3,7
lccn/sn82014519/1925-03-19,1,4,19,-15
lccn/sn82014519/1925-04-02,1,6,9,-3
lccn/sn85040437/1913-07-03,2,7,3,4
lccn/sn85040437/1917-10-25,2,14,2,12
lccn/sn85042354/1919-03-25,2,7,4,3
lccn/sn85042354/1919-03-11,2,10,4,6
lccn/sn85042354/1919-11-19,2,9,2,7
lccn/sn85042354/1920-03-15,2,6,4,2
lccn/sn86092536/1914-05-18,1,4,4,0
lccn/sn86092536/1914-03-27,2,9,5,4
lccn/sn85042354/1919-06-11,1,11,12,-1
lccn/sn85042354/1919-04-08,1,13,13,0
lccn/sn86092536/1914-09-14,1,3,4,-1
lccn/sn86092536/1914-10-07,1,5,7,-2
lccn/sn86092536/1915-02-20,2,9,8,1
lccn/sn86092536/1915-04-30,2,5,4,1
lccn/sn86092536/1915-04-12,2,2,1,1
lccn/sn86092536/1915-05-12,2,10,8,2
lccn/sn85042243/1926-02-01,1,0,0,0
lccn/sn86092536/1915-01-28,1,5,5,0
lccn/sn86092536/1914-12-23,2,4,1,3
lccn/sn86092536/1915-04-03,2,15,2,13
lccn/sn85042243/1927-03-22,2,8,3,5
lccn/sn85042243/1927-02-19,1,3,11,-8
lccn/sn85042243/1927-04-30,2,13,5,8
lccn/sn85042243/1927-09-24,2,9,1,8
lccn/sn85042243/1927-07-15,2,13,1,12
lccn/sn85042243/1927-05-13,2,17,13,4
lccn/sn85042243/1926-10-06,2,20,4,16
lccn/sn85042243/1926-05-29,2,21,10,11
lccn/sn85042243/1926-06-14,1,4,5,-1
lccn/sn86092536/1915-09-03,2,9,2,7
lccn/sn86092536/1915-10-09,1,7,7,0
lccn/sn86092536/1915-07-19,1,2,7,-5
lccn/sn86092536/1915-10-23,1,0,0,0
lccn/sn85042243/1927-11-18,2,9,2,7
lccn/sn86092536/1914-08-28,2,16,4,12
lccn/sn82014519/1923-11-10,1,0,0,0
lccn/sn82014519/1923-08-13,1,4,12,-8
lccn/sn82014519/1923-10-06,1,4,4,0
lccn/sn82014519/1923-10-11,2,7,6,1
lccn/sn82014519/1924-02-05,2,5,1,4
lccn/sn82014519/1923-12-15,2,6,2,4
lccn/sn82014519/1923-08-29,1,2,5,-3
lccn/sn85042243/1929-04-18,2,7,3,4
lccn/sn82015679/1885-02-11,2,16,8,8
lccn/sn82015679/1884-05-17,1,3,4,-1
lccn/sn82015679/1886-03-23,2,14,13,1
lccn/sn89051213/1911-03-23,2,16,6,10
lccn/sn89051213/1911-03-02,1,4,8,-4
lccn/sn89051213/1919-08-21,2,41,17,24
lccn/sn89051213/1910-05-19,2,10,7,3
lccn/sn89051213/1920-09-30,2,13,6,7
lccn/sn89051213/1913-12-04,2,12,3,9
lccn/sn89051213/1913-11-20,1,8,15,-7
lccn/sn89051213/1913-05-15,1,3,7,-4
lccn/sn89051213/1922-02-02,1,5,7,-2
lccn/sn89051213/1916-06-22,2,23,6,17
lccn/sn89051285/1912-02-18,2,12,6,6
lccn/sn89051285/1911-03-22,2,9,1,8
lccn/sn85042243/1928-10-24,1,5,6,-1
lccn/sn85042243/1928-10-10,1,5,9,-4
lccn/sn85047611/1920-04-07,2,11,3,8
lccn/sn85047611/1920-11-05,2,11,8,3
lccn/sn85047611/1920-09-24,1,5,7,-2
lccn/sn85047611/1920-09-11,1,1,7,-6
lccn/sn85047611/1920-09-18,2,8,7,1
lccn/sn85047611/1921-07-08,1,6,12,-6
lccn/sn85047611/1921-08-31,1,2,7,-5
lccn/sn85047611/1921-08-06,2,13,5,8
lccn/sn86086499/1911-10-20,1,8,23,-15
lccn/sn86086499/1912-09-27,1,7,8,-1
lccn/sn86086499/1919-07-04,1,2,8,-6
lccn/sn86086586/1903-10-02,1,2,3,-1
lccn/sn86086586/1903-06-26,1,0,0,0
lccn/sn86086586/1903-04-10,1,3,3,0
lccn/sn94050542/1937-02-18,2,12,10,2
lccn/sn94050542/1936-03-20,2,17,2,15
lccn/sn94050542/1939-01-19,1,4,5,-1
lccn/sn94050542/1938-02-17,1,2,6,-4
lccn/sn94050542/1939-11-09,1,1,2,-1
lccn/sn94050542/1942-12-04,2,12,0,12
lccn/sn94050542/1942-09-18,2,12,10,2
lccn/sn94050542/1946-11-22,2,21,0,21
lccn/sn94050542/1946-12-06,2,22,0,22
lccn/sn87065645/1916-02-12,1,0,0,0
lccn/sn87065645/1919-11-29,2,10,4,6
lccn/sn89051213/1918-10-10,2,20,5,15
lccn/sn89051213/1918-10-17,2,6,4,2
lccn/sn89051213/1918-11-07,2,17,3,14
lccn/sn89051213/1918-11-14,1,0,0,0
lccn/sn89051213/1918-02-28,2,3,0,3
lccn/sn86092066/1907-11-11,1,0,0,0
lccn/sn86092066/1907-06-25,1,0,0,0
lccn/sn89051213/1919-04-24,1,1,2,-1
lccn/sn86092066/1908-07-10,2,9,8,1
lccn/sn87065501/1906-01-27,2,9,3,6
lccn/sn87065497/1922-05-19,2,19,7,12
lccn/sn87065497/1921-11-25,2,6,1,5
lccn/sn86091145/1901-03-01,1,0,5,-5
lccn/sn89055261/1918-03-12,1,6,6,0
lccn/sn89055261/1917-12-27,2,13,7,6
lccn/sn89055261/1917-03-27,2,2,1,1
lccn/sn88087183/1908-06-20,2,15,5,10
lccn/sn86091218/1916-10-31,1,8,8,0
lccn/sn83045462/1931-04-22,2,9,8,1
lccn/sn83045462/1931-10-11,1,0,0,0
lccn/sn00065154/1904-02-05,1,3,6,-3
lccn/sn83045462/1930-06-14,1,3,3,0
lccn/sn83045462/1931-07-12,1,0,0,0
lccn/sn00065154/1902-07-25,2,7,3,4
lccn/sn83045462/1931-09-13,1,1,2,-1
lccn/sn83045462/1931-06-30,1,2,5,-3
lccn/sn00065154/1914-06-26,1,8,15,-7
lccn/sn00065154/1916-10-20,2,13,11,2
lccn/sn00065154/1920-02-27,2,20,8,12
lccn/sn83045462/1931-03-10,2,9,8,1
lccn/sn00065154/1908-03-20,1,3,8,-5
lccn/sn83045462/1933-06-21,1,5,6,-1
lccn/sn84027718/1909-06-10,2,10,3,7
lccn/sn84027718/1909-03-11,1,5,6,-1
lccn/sn84027718/1911-01-05,1,5,15,-10
lccn/sn84027718/1906-12-20,1,1,11,-10
lccn/sn84027718/1907-02-21,1,7,14,-7
lccn/sn84027718/1908-02-27,1,5,8,-3
lccn/sn84027718/1906-10-25,2,13,2,11
lccn/sn87068192/1885-02-05,2,16,11,5
lccn/sn84027718/1909-07-29,2,15,5,10
lccn/sn84027718/1909-08-26,1,4,8,-4
lccn/sn84027718/1907-01-31,1,8,10,-2
lccn/sn84027718/1913-02-13,2,10,2,8
lccn/sn84027718/1913-04-24,2,10,4,6
lccn/sn84027718/1914-10-15,2,10,2,8
lccn/sn83016244/1934-08-21,2,10,8,2
lccn/sn85025570/1880-07-08,2,8,6,2
lccn/sn83016244/1934-11-13,2,6,4,2
lccn/sn83016244/1936-01-25,2,12,2,10
lccn/sn86076200/1895-09-28,1,9,14,-5
lccn/sn83016244/1936-05-16,2,40,14,26
lccn/sn83016244/1936-04-16,2,6,1,5
lccn/sn84022044/1881-02-20,2,19,3,16
lccn/sn84022044/1880-09-14,2,8,3,5
lccn/sn84022044/1881-04-03,2,18,3,15
lccn/sn84022044/1881-04-05,2,17,5,12
lccn/sn83016244/1939-10-27,2,8,7,1
lccn/sn86076201/1921-10-29,2,19,12,7
lccn/sn83016244/1939-10-28,1,0,0,0
lccn/sn84022044/1881-01-07,2,21,3,18
lccn/sn84022044/1880-12-22,2,10,2,8
lccn/sn84022044/1880-12-23,2,10,2,8
lccn/sn84022044/1881-02-24,2,17,3,14
lccn/sn84022044/1881-02-17,2,14,3,11
lccn/sn84022044/1881-02-18,2,14,3,11
lccn/sn84022044/1881-03-09,2,14,4,10
lccn/sn86076201/1922-04-29,1,5,5,0
lccn/sn84022044/1881-03-05,2,14,2,12
lccn/sn84022044/1881-02-19,2,14,2,12
lccn/sn84022044/1880-09-07,2,7,4,3
lccn/sn84022044/1880-09-17,2,9,3,6
lccn/sn86076201/1920-09-11,1,5,6,-1
lccn/sn84022044/1880-09-23,2,11,6,5
lccn/sn84022044/1880-09-15,2,8,4,4
lccn/sn84022044/1880-09-16,2,13,1,12
lccn/sn84022044/1880-09-11,2,6,5,1
lccn/sn84022044/1880-09-19,2,9,4,5
lccn/sn84022044/1880-11-05,2,11,5,6
lccn/sn86076201/1921-06-25,2,11,10,1
lccn/sn84022044/1880-11-06,2,13,4,9
lccn/sn84022044/1880-11-07,2,13,3,10
lccn/sn84022044/1880-11-02,1,0,0,0
lccn/sn84022044/1880-11-10,2,15,4,11
lccn/sn86076201/1921-06-11,2,5,4,1
lccn/sn84022044/1880-11-04,2,11,8,3
lccn/sn84022044/1881-05-07,2,9,2,7
lccn/sn86076201/1903-09-12,1,0,10,-10
lccn/sn84022044/1881-02-15,1,0,0,0
lccn/sn84022044/1881-02-16,2,15,3,12
lccn/sn84022044/1881-02-11,2,7,4,3
lccn/sn86076201/1922-12-09,2,10,0,10
lccn/sn84022044/1881-02-12,2,15,3,12
lccn/sn84022044/1881-02-13,2,14,3,11
lccn/sn84022044/1881-01-29,2,22,3,19
lccn/sn84022044/1881-01-30,2,23,3,20
lccn/sn84022044/1881-02-09,2,10,2,8
lccn/sn84022044/1881-02-05,2,23,3,20
lccn/sn86076201/1922-10-28,2,10,9,1
lccn/sn84022044/1881-02-06,1,0,0,0
lccn/sn84022044/1881-02-03,2,23,3,20
lccn/sn84022044/1881-02-04,2,25,4,21
lccn/sn84022044/1881-02-01,2,14,3,11
lccn/sn84022044/1881-02-02,2,20,3,17
lccn/sn83016244/1940-11-23,1,0,0,0
lccn/sn84022044/1880-10-06,2,8,3,5
lccn/sn84022044/1880-10-03,2,17,3,14
lccn/sn84022044/1881-01-23,2,23,3,20
lccn/sn84022044/1881-01-25,2,20,4,16
lccn/sn84022044/1881-01-26,2,25,5,20
lccn/sn84022044/1881-01-27,2,22,1,21
lccn/sn84022044/1880-08-21,1,6,7,-1
lccn/sn84022044/1880-08-25,2,6,3,3
lccn/sn84022044/1881-05-29,2,5,1,4
lccn/sn84027718/1916-10-05,2,3,1,2
lccn/sn84027718/1916-11-16,2,12,3,9
lccn/sn84027718/1915-12-09,1,10,10,0
lccn/sn86092536/1911-04-07,2,9,0,9
lccn/sn86092536/1911-04-20,2,12,9,3
lccn/sn86092536/1912-05-27,1,4,6,-2
lccn/sn86092536/1912-02-14,2,7,4,3
lccn/sn86092536/1912-03-06,2,17,5,12
lccn/sn86092536/1911-04-22,1,4,6,-2
lccn/sn89053684/1901-06-12,1,4,5,-1
lccn/sn83016689/1917-02-21,1,2,7,-5
lccn/sn83016689/1917-02-22,1,2,6,-4
lccn/sn85042224/1910-12-16,1,7,7,0
lccn/sn83016689/1916-09-12,1,4,14,-10
lccn/sn85040451/1912-05-15,1,10,15,-5
lccn/sn85040451/1916-01-26,1,13,13,0
lccn/sn85040451/1918-12-04,2,17,14,3
lccn/sn85040451/1919-12-03,1,14,14,0
lccn/sn85040451/1919-05-07,2,13,2,11
lccn/sn85040451/1919-07-09,1,4,4,0
lccn/sn82014519/1920-06-07,1,3,7,-4
lccn/sn86092536/1912-11-26,2,7,4,3
lccn/sn82014519/1921-04-21,2,9,6,3
lccn/sn82014519/1921-05-05,1,5,7,-2
lccn/sn85040451/1920-06-02,2,11,5,6
lccn/sn85042224/1903-12-24,2,13,3,10
lccn/sn85042224/1904-02-13,1,17,20,-3
lccn/sn85042224/1904-12-26,2,30,10,20
lccn/sn85042224/1905-01-21,2,13,2,11
lccn/sn85042224/1905-01-20,2,3,2,1
lccn/sn85042224/1905-04-22,2,13,5,8
lccn/sn85042224/1905-05-23,1,1,5,-4
lccn/sn85042224/1905-02-13,1,8,9,-1
lccn/sn93051083/1860-02-25,1,10,10,0
lccn/sn84022265/1906-11-08,2,14,2,12
lccn/sn87065632/1911-02-17,1,5,7,-2
lccn/sn85042224/1905-12-29,1,10,13,-3
lccn/sn84022265/1907-05-30,2,9,1,8
lccn/sn89060092/1897-07-16,2,17,8,9
lccn/sn85042354/1903-04-16,2,13,4,9
lccn/sn85042354/1903-02-24,1,3,12,-9
lccn/sn85042354/1903-02-20,1,7,8,-1
lccn/sn85042354/1906-12-20,2,7,0,7
lccn/sn85042354/1906-12-13,1,0,0,0
lccn/sn84022053/1900-10-13,2,15,11,4
lccn/sn83016689/1913-02-26,1,0,0,0
lccn/sn87062237/1906-06-19,2,8,6,2
lccn/sn89060127/1926-04-17,2,9,5,4
lccn/sn89060127/1936-10-09,2,6,2,4
lccn/sn85042224/1905-04-19,2,15,14,1
lccn/sn88065721/1888-12-03,1,0,0,0
lccn/sn85042224/1906-03-16,2,6,2,4
lccn/sn84022265/1908-04-23,2,15,8,7
lccn/sn99062034/1915-11-11,1,0,0,0
lccn/sn99062034/1915-11-30,1,0,0,0
lccn/sn99062034/1914-08-26,2,3,1,2
lccn/sn99062034/1914-08-29,2,15,1,14
lccn/sn99062034/1914-08-31,2,12,3,9
lccn/sn99062034/1914-04-14,2,8,7,1
lccn/sn99062034/1914-09-14,2,12,6,6
lccn/sn99062034/1917-02-24,2,15,3,12
lccn/sn99062034/1916-12-04,1,0,0,0
lccn/sn99062034/1917-07-25,2,17,5,12
lccn/sn78000873/1898-06-02,2,18,6,12
lccn/sn78000873/1903-11-05,2,11,7,4
lccn/sn78000873/1903-08-06,2,5,4,1
lccn/sn83045462/1941-08-23,1,0,0,0
lccn/sn83045462/1941-10-19,2,13,5,8
lccn/sn92051501/1890-05-01,1,5,11,-6
lccn/sn83045462/1941-09-07,1,5,5,0
lccn/sn83045462/1941-08-31,2,3,1,2
lccn/sn83045462/1942-10-16,1,0,0,0
lccn/sn88065721/1901-12-17,1,0,0,0
lccn/sn78002169/1940-04-26,2,14,4,10
lccn/sn83045462/1942-08-16,2,4,2,2
lccn/sn78002169/1940-02-22,1,3,5,-2
lccn/sn78002169/1940-02-23,1,1,8,-7
lccn/sn78002169/1940-02-20,2,18,6,12
lccn/sn83045462/1942-08-09,2,1,0,1
lccn/sn83045462/1942-07-19,2,9,2,7
lccn/sn83045462/1942-07-19,2,8,3,5
lccn/sn88065721/1901-10-11,1,7,18,-11
lccn/sn88065721/1901-06-12,1,0,0,0
lccn/sn88065721/1901-06-03,2,8,3,5
lccn/sn83045462/1936-01-29,1,1,1,0
lccn/sn88065721/1905-10-11,1,4,5,-1
lccn/sn88065721/1892-06-28,2,10,4,6
lccn/sn78002169/1941-02-03,1,0,0,0
lccn/sn78002169/1940-11-28,1,4,6,-2
lccn/sn78002169/1941-01-16,2,12,5,7
lccn/sn83045462/1942-09-13,2,19,4,15
lccn/sn83045462/1942-09-10,1,3,8,-5
lccn/sn83045462/1942-09-10,2,1,0,1
lccn/sn92051501/1909-04-07,2,11,4,7
lccn/sn83045462/1942-01-05,2,7,1,6
lccn/sn83045462/1941-12-23,1,2,9,-7
lccn/sn92051501/1917-06-28,1,3,4,-1
lccn/sn92051501/1915-09-01,2,14,4,10
lccn/sn92051501/1919-08-28,1,3,9,-6
lccn/sn92051501/1920-01-29,2,6,3,3
lccn/sn92051501/1919-05-29,1,8,9,-1
lccn/sn92051501/1920-08-26,2,16,6,10
lccn/sn83045462/1941-09-28,1,1,7,-6
lccn/sn92051501/1914-12-23,2,5,4,1
lccn/sn92051501/1913-09-03,1,3,11,-8
lccn/sn83045462/1941-11-22,1,0,0,0
lccn/sn92051501/1904-01-14,1,7,8,-1
lccn/sn92051501/1904-04-20,2,12,6,6
lccn/sn83045462/1941-12-07,2,2,0,2
lccn/sn83045462/1941-12-07,1,4,7,-3
lccn/sn92051501/1883-09-13,1,8,9,-1
lccn/sn78002169/1947-10-05,1,5,11,-6
lccn/sn78002169/1947-10-07,2,9,8,1
lccn/sn78002169/1947-06-10,1,1,4,-3
lccn/sn78002169/1947-05-31,2,11,4,7
lccn/sn83045462/1941-11-19,1,2,12,-10
lccn/sn92051501/1922-07-13,2,12,6,6
lccn/sn92051501/1921-12-15,2,16,5,11
lccn/sn99062034/1918-06-03,2,5,4,1
lccn/sn99062034/1918-06-03,2,6,5,1
lccn/sn99062034/1918-07-03,2,4,2,2
lccn/sn83045462/1942-08-29,1,0,0,0
lccn/sn83045462/1936-02-02,1,7,10,-3
lccn/sn78002169/1940-05-02,2,7,5,2
lccn/sn83045462/1942-09-06,2,4,3,1
lccn/sn83045462/1942-08-30,2,15,3,12
lccn/sn83045462/1942-08-30,2,25,6,19
lccn/sn78002169/1940-09-01,1,4,5,-1
lccn/sn83045462/1942-08-31,1,5,8,-3
lccn/sn83045462/1936-02-03,1,0,0,0
lccn/sn78002169/1940-04-05,2,9,7,2
lccn/sn78002169/1940-04-12,1,5,9,-4
lccn/sn83045462/1936-01-28,2,6,5,1
lccn/sn78002169/1940-04-21,2,12,0,12
lccn/sn78002169/1940-04-17,2,11,9,2
lccn/sn78002169/1940-04-14,1,5,9,-4
lccn/sn83045462/1942-07-26,2,8,3,5
lccn/sn78002169/1940-04-06,2,8,5,3
lccn/sn78002169/1940-03-17,2,8,1,7
lccn/sn78002169/1940-03-07,2,6,5,1
lccn/sn78002169/1940-03-08,1,10,12,-2
lccn/sn88065726/1918-04-03,2,15,0,15
lccn/sn88065726/1918-04-19,1,12,18,-6
lccn/sn88065726/1918-05-16,1,0,0,0
lccn/sn83016025/1895-11-20,2,6,3,3
lccn/sn85042224/1911-08-26,1,8,8,0
lccn/sn85042224/1911-08-23,2,11,8,3
lccn/sn85042224/1911-08-19,2,8,2,6
lccn/sn85042224/1911-08-18,2,17,2,15
lccn/sn85042224/1911-08-09,2,9,3,6
lccn/sn85042224/1911-11-14,2,12,6,6
lccn/sn85042224/1911-07-18,1,10,14,-4
lccn/sn85042224/1909-09-02,2,14,11,3
lccn/sn85042224/1911-07-03,2,8,3,5
lccn/sn83016025/1897-11-20,1,5,7,-2
lccn/sn85042224/1910-02-26,2,20,7,13
lccn/sn85042224/1910-02-26,2,18,8,10
lccn/sn85042224/1910-02-23,1,4,7,-3
lccn/sn85025587/1874-11-19,2,16,6,10
lccn/sn85025587/1874-11-19,2,16,6,10
lccn/sn89055184/1911-06-08,1,11,14,-3
lccn/sn89055184/1918-11-28,1,0,0,0
lccn/sn90059299/1891-03-27,2,15,2,13
lccn/sn90059299/1890-07-18,2,14,10,4
lccn/sn83016689/1916-05-17,2,16,10,6
lccn/sn86091063/1909-09-09,2,23,5,18
lccn/sn86091063/1910-09-08,2,21,9,12
lccn/sn83016689/1916-06-20,2,8,7,1
lccn/sn83016689/1916-06-27,2,10,5,5
lccn/sn83016689/1916-06-27,2,13,9,4
lccn/sn83016689/1916-06-22,2,3,2,1
lccn/sn86091104/1915-05-28,2,13,3,10
lccn/sn83016689/1916-05-17,2,14,9,5
lccn/sn84021917/1948-06-04,2,4,2,2
lccn/sn85040437/1905-05-25,2,10,4,6
lccn/sn85042224/1911-02-15,1,3,3,0
lccn/sn85042224/1911-06-06,2,17,2,15
lccn/sn85042224/1910-09-15,1,7,9,-2
lccn/sn82014519/1922-11-03,2,13,3,10
lccn/sn82014519/1922-12-09,2,17,9,8
lccn/sn83016025/1898-09-14,1,6,7,-1
lccn/sn83016025/1898-09-05,2,12,1,11
lccn/sn83016025/1898-09-07,2,12,5,7
lccn/sn83016025/1900-03-31,2,14,7,7
lccn/sn83016025/1898-01-01,2,5,4,1
lccn/sn86063034/1891-07-15,2,16,6,10
lccn/sn96060881/1923-06-08,2,10,2,8
lccn/sn96060881/1922-09-23,2,12,10,2
lccn/sn96060881/1921-02-05,2,10,8,2
lccn/sn83045462/1949-09-25,2,3,1,2
lccn/sn83045462/1949-10-04,2,8,4,4
lccn/sn83045462/1950-07-30,2,20,7,13
lccn/sn83045462/1950-08-04,1,6,10,-4
lccn/sn83045462/1950-08-07,1,4,11,-7
lccn/sn83045462/1950-08-13,2,10,8,2
lccn/sn83045462/1950-07-28,2,8,3,5
lccn/sn83045462/1949-11-23,1,5,10,-5
lccn/sn83045462/1950-08-20,1,2,8,-6
lccn/sn83045462/1950-08-20,2,7,0,7
lccn/sn83045462/1950-08-28,1,1,15,-14
lccn/2018270201/1897-04-22,2,10,0,10
lccn/2017270212/1893-05-26,2,12,1,11
lccn/sn95076637/1911-05-26,2,4,3,1
lccn/sn83045462/1950-10-26,1,2,6,-4
lccn/sn83045462/1950-11-19,2,4,2,2
lccn/sn83045462/1950-11-19,1,1,4,-3
lccn/2018270202/1903-10-22,2,2,0,2
lccn/2018270202/1903-08-13,1,8,9,-1
lccn/sn83045462/1950-12-08,1,2,6,-4
lccn/sn91068695/1946-02-28,1,10,17,-7
lccn/sn95076623/1922-01-19,2,10,7,3
lccn/sn83045462/1950-10-31,2,17,7,10
lccn/sn83045462/1949-01-11,2,22,2,20
lccn/sn83045462/1949-01-09,2,15,3,12
lccn/sn83045462/1949-02-08,1,5,5,0
lccn/sn91068695/1937-04-22,2,15,1,14
lccn/sn91068695/1937-05-06,1,3,3,0
lccn/sn91068695/1937-07-22,1,7,8,-1
lccn/sn91068695/1934-09-13,2,15,3,12
lccn/sn91068695/1931-02-26,2,12,4,8
lccn/sn91068695/1936-08-27,2,13,1,12
lccn/sn91068695/1932-05-26,2,12,0,12
lccn/sn91068695/1932-04-14,2,8,2,6
lccn/sn91068695/1932-02-04,2,18,5,13
lccn/sn91068695/1941-02-20,2,19,5,14
lccn/sn92074060/1944-03-21,2,14,0,14
lccn/sn92074061/1950-05-09,2,9,5,4
lccn/sn92074061/1950-04-28,2,12,3,9
lccn/sn91068695/1934-01-18,2,8,5,3
lccn/sn91068695/1931-12-03,2,5,4,1
lccn/sn91068695/1933-01-19,2,2,0,2
lccn/sn91068695/1932-11-24,2,27,10,17
lccn/sn91068695/1932-12-08,1,7,9,-2
lccn/sn91068695/1932-09-29,2,13,6,7
lccn/sn91068695/1931-04-09,2,10,3,7
lccn/sn91068695/1931-09-03,2,33,10,23
lccn/sn83016025/1871-03-14,2,11,5,6
lccn/sn83045462/1950-10-16,1,0,7,-7
lccn/sn83045462/1950-10-16,2,11,4,7
lccn/sn83045462/1950-10-16,1,5,14,-9
lccn/sn83045462/1950-10-13,1,11,15,-4
lccn/sn91068695/1943-01-21,2,7,1,6
lccn/sn91068695/1944-01-27,2,14,6,8
lccn/sn83045462/1948-11-15,2,12,1,11
lccn/sn95076626/1916-09-07,1,3,5,-2
lccn/sn83045462/1949-01-17,1,5,8,-3
lccn/sn84022137/1882-06-14,2,14,3,11
lccn/sn85042354/1904-12-06,2,15,9,6
lccn/sn85042354/1903-12-24,1,0,0,0
lccn/sn84022137/1892-09-16,1,8,14,-6
lccn/sn83016244/1946-11-04,2,6,3,3
lccn/sn99068037/1911-05-26,1,7,11,-4
lccn/sn99068037/1911-05-26,1,0,0,0
lccn/sn83016244/1949-03-10,2,4,2,2
lccn/sn83016244/1949-02-10,2,7,5,2
lccn/sn84022137/1912-08-29,1,4,4,0
lccn/sn84022137/1912-08-01,2,16,5,11
lccn/sn85042354/1902-10-24,1,1,8,-7
lccn/sn85042354/1902-10-24,2,5,0,5
lccn/sn84022137/1891-03-06,2,15,2,13
lccn/sn85035720/1906-07-06,2,17,14,3
lccn/sn85035720/1906-06-21,1,4,12,-8
lccn/sn85035720/1905-04-20,2,18,2,16
lccn/sn85035720/1907-02-01,1,5,7,-2
lccn/sn85035720/1907-03-28,2,4,2,2
lccn/sn85035720/1907-03-27,1,4,6,-2
lccn/sn85035720/1912-11-08,2,4,1,3
lccn/sn85035720/1912-11-12,2,9,4,5
lccn/sn85035720/1904-01-05,1,3,4,-1
lccn/sn85042354/1905-09-28,2,8,1,7
lccn/sn85042354/1905-11-02,1,4,4,0
lccn/sn85042354/1905-12-29,2,8,4,4
lccn/sn85035720/1904-06-21,2,4,2,2
lccn/sn85035720/1904-06-16,1,8,9,-1
lccn/sn85035720/1904-09-01,1,6,17,-11
lccn/sn85035720/1904-09-12,2,3,2,1
lccn/sn83030214/1915-08-25,1,4,13,-9
lccn/sn85035720/1913-03-19,2,17,5,12
lccn/sn85025570/1918-12-11,1,12,13,-1
lccn/sn85025570/1919-10-01,2,18,6,12
lccn/sn85042354/1905-05-27,2,9,2,7
lccn/sn84022137/1888-11-14,2,10,3,7
lccn/sn84022137/1895-04-11,2,9,4,5
lccn/sn87062237/1906-04-28,2,7,2,5
lccn/sn83016689/1914-11-25,1,0,0,0
lccn/sn83016689/1914-12-23,2,14,9,5
lccn/sn84022053/1875-05-20,2,14,7,7
lccn/sn83016689/1914-11-23,2,30,22,8
lccn/sn84022053/1881-01-08,2,7,5,2
lccn/sn84022053/1881-01-15,2,11,6,5
lccn/sn84022053/1881-12-03,2,4,2,2
lccn/sn84022053/1881-12-10,1,3,5,-2
lccn/sn84022053/1881-08-06,2,18,10,8
lccn/sn84022053/1881-09-17,2,18,7,11
lccn/sn84022053/1881-10-08,2,8,3,5
lccn/sn84022053/1881-10-15,2,7,6,1
lccn/sn84022053/1881-11-05,2,10,4,6
lccn/sn84022053/1881-11-12,2,12,9,3
lccn/sn84022053/1881-12-31,2,10,4,6
lccn/sn84022053/1881-12-24,2,15,10,5
lccn/sn84022053/1881-10-29,2,7,4,3
lccn/sn84022053/1881-11-19,2,10,7,3
lccn/sn84022053/1881-11-26,2,13,8,5
lccn/sn84022053/1880-07-28,1,0,0,0
lccn/sn84022053/1880-09-04,1,3,6,-3
lccn/sn84022053/1880-11-27,1,8,9,-1
lccn/sn84022053/1880-12-04,2,13,4,9
lccn/sn84022053/1881-02-05,2,8,5,3
lccn/sn84022053/1880-12-11,1,10,10,0
lccn/sn84022053/1880-12-11,1,0,0,0
lccn/sn84022053/1881-01-01,2,4,3,1
lccn/sn84022053/1881-01-29,2,7,4,3
lccn/sn84022053/1881-01-22,2,4,1,3
lccn/sn84022053/1880-07-31,2,10,5,5
lccn/sn84022053/1880-08-04,2,8,2,6
lccn/sn84022053/1880-08-07,2,5,0,5
lccn/sn84022053/1880-10-27,2,3,1,2
lccn/sn84022053/1880-09-11,2,5,4,1
lccn/sn84022053/1880-09-18,1,3,3,0
lccn/sn84022053/1880-09-22,2,4,3,1
lccn/sn84022053/1880-10-09,2,2,1,1
lccn/sn84022053/1881-03-19,1,6,7,-1
lccn/sn84022053/1881-03-26,2,4,2,2
lccn/sn84022053/1881-02-19,2,8,4,4
lccn/sn84022053/1881-02-26,2,6,3,3
lccn/sn84022053/1881-03-12,2,7,4,3
lccn/sn84022053/1881-05-07,2,18,10,8
lccn/sn84022053/1881-04-02,2,8,4,4
lccn/sn84022053/1881-05-21,2,11,7,4
lccn/sn83016689/1914-06-16,2,3,1,2
lccn/sn83016689/1914-08-02,2,18,5,13
lccn/sn83016689/1914-08-02,2,18,6,12
lccn/sn83016689/1914-08-02,2,16,8,8
lccn/sn83016689/1914-08-01,2,20,6,14
lccn/sn84022053/1880-08-28,2,4,3,1
lccn/sn84022053/1880-08-11,2,7,1,6
lccn/sn84022053/1880-08-18,2,4,2,2
lccn/sn84022053/1880-08-21,2,4,2,2
lccn/sn85035720/1911-10-11,2,16,10,6
lccn/sn85035720/1911-09-13,1,3,5,-2
lccn/sn85025570/1909-04-21,2,23,6,17
lccn/sn83016689/1915-01-06,2,10,4,6
lccn/sn85035720/1910-09-09,1,6,7,-1
lccn/sn85035720/1910-09-06,2,15,4,11
lccn/sn85035720/1910-08-30,2,5,3,2
lccn/sn83016689/1915-01-05,2,10,3,7
lccn/sn83016689/1915-01-15,2,27,8,19
lccn/sn83016689/1915-01-14,2,25,12,13
lccn/sn85035720/1912-01-05,1,0,0,0
lccn/sn85035720/1911-01-13,2,13,7,6
lccn/sn85035720/1911-03-17,2,8,6,2
lccn/sn85025570/1905-08-02,2,16,2,14
lccn/sn85035720/1911-06-10,1,0,11,-11
lccn/sn85035720/1911-06-06,2,5,3,2
lccn/sn85035720/1912-06-21,2,18,3,15
lccn/sn85035720/1912-05-11,1,4,6,-2
lccn/sn85035720/1912-05-24,2,11,2,9
lccn/sn85035720/1912-03-02,2,3,2,1
lccn/sn85035720/1912-03-26,1,4,5,-1
lccn/sn85035720/1912-03-29,1,2,3,-1
lccn/sn85035720/1912-10-11,2,4,0,4
lccn/sn85035720/1912-10-11,2,4,0,4
lccn/sn86090230/1916-01-27,1,2,3,-1
lccn/sn86090230/1915-10-07,2,4,2,2
lccn/sn91050004/1915-01-08,1,4,6,-2
lccn/sn88074815/1911-07-14,2,32,15,17
lccn/sn88074815/1911-12-01,1,0,1,-1
lccn/sn88074815/1911-10-27,1,1,8,-7
lccn/sn88074815/1913-10-24,2,12,8,4
lccn/sn88074815/1914-08-07,2,10,1,9
lccn/sn88074815/1918-10-25,2,9,6,3
lccn/sn85042354/1914-01-23,1,8,8,0
lccn/sn85042354/1914-05-27,1,13,16,-3
lccn/sn85042354/1914-05-12,2,12,1,11
lccn/sn87065469/1910-03-10,2,15,11,4
lccn/sn87065469/1914-03-19,2,9,3,6
lccn/sn87065469/1922-02-23,2,15,9,6
lccn/sn83016025/1898-12-22,2,15,12,3
lccn/sn83016025/1899-03-03,2,6,2,4
lccn/sn83016025/1900-08-24,1,2,7,-5
lccn/sn83016025/1900-09-07,2,6,3,3
lccn/sn83016025/1900-08-03,2,6,5,1
lccn/sn83016025/1900-07-28,2,8,5,3
lccn/sn85042354/1915-06-05,2,13,4,9
lccn/sn85042354/1915-11-17,2,9,3,6
lccn/sn85042354/1915-10-30,2,22,16,6
lccn/sn85042354/1916-01-26,2,3,2,1
lccn/sn85042354/1914-09-04,2,24,4,20
lccn/sn86090230/1909-04-01,2,22,7,15
lccn/sn86090230/1908-02-06,2,19,2,17
lccn/sn86090230/1908-04-16,1,6,12,-6
lccn/sn86090230/1908-05-14,1,0,0,0
lccn/sn86090230/1907-12-12,1,10,14,-4
lccn/sn86090230/1914-01-22,2,8,6,2
lccn/sn86090230/1914-02-05,1,9,9,0
lccn/sn83016689/1915-01-27,2,15,6,9
lccn/sn83016689/1915-10-14,1,1,2,-1
lccn/sn83016689/1915-06-24,2,18,6,12
lccn/sn83016689/1916-02-12,2,5,1,4
lccn/sn85042243/1923-01-23,1,4,9,-5
lccn/sn85042224/1909-05-22,2,19,11,8
lccn/sn85042224/1909-01-25,2,5,4,1
lccn/sn85042224/1909-05-14,1,7,9,-2
lccn/sn85042224/1908-12-25,2,10,3,7
lccn/sn96060765/1921-02-11,1,6,6,0
lccn/sn85042243/1924-05-20,2,13,10,3
lccn/sn85042243/1924-01-30,2,13,9,4
lccn/sn96060765/1924-12-19,2,9,3,6
lccn/sn96060765/1925-06-02,2,10,6,4
lccn/sn86090369/1914-11-27,2,8,3,5
lccn/sn85042243/1925-03-04,2,7,2,5
lccn/sn85042243/1925-03-28,1,11,14,-3
lccn/sn85042243/1925-04-13,1,1,8,-7
lccn/sn85042243/1925-01-22,1,9,9,0
lccn/sn90051672/1922-01-22,1,6,7,-1
lccn/sn90051081/1898-11-12,1,9,11,-2
lccn/sn90051672/1921-07-19,1,0,0,0
lccn/sn90051672/1921-04-09,1,5,7,-2
lccn/sn90051672/1921-06-01,2,6,2,4
lccn/sn90051081/1904-11-19,2,12,6,6
lccn/sn90051081/1921-04-16,2,15,3,12
lccn/sn90051081/1909-02-20,1,9,9,0
lccn/sn86089978/1913-12-11,2,9,6,3
lccn/sn90051081/1922-09-30,2,13,2,11
lccn/sn85042354/1913-01-10,1,4,4,0
lccn/sn85042354/1913-04-23,1,4,10,-6
lccn/sn85042354/1911-08-30,2,16,4,12
lccn/sn85042354/1911-10-03,1,6,8,-2
lccn/sn85042354/1912-02-13,1,0,0,0
lccn/sn85042354/1912-02-05,2,4,0,4
lccn/sn85042354/1911-11-29,2,3,1,2
lccn/sn85042354/1911-12-26,1,2,3,-1
lccn/sn85042354/1912-09-20,2,11,10,1
lccn/sn85042354/1911-04-25,2,8,7,1
lccn/sn85042354/1911-04-27,2,3,1,2
lccn/sn85042354/1911-06-12,1,4,14,-10
lccn/sn85042243/1923-04-11,2,7,2,5
lccn/sn85042224/1906-09-24,2,20,6,14
lccn/sn85042243/1923-04-14,2,11,7,4
lccn/sn85042224/1907-03-04,1,6,11,-5
lccn/sn85042224/1907-04-01,2,12,6,6
lccn/sn85042224/1906-12-28,2,17,8,9
lccn/sn85042224/1906-12-20,2,11,7,4
lccn/sn85042243/1923-08-02,1,1,8,-7
lccn/sn85042224/1907-01-09,2,4,0,4
lccn/sn85042243/1923-05-14,1,0,0,0
lccn/sn85042224/1906-10-18,2,19,14,5
lccn/sn85042243/1923-11-06,1,0,0,0
lccn/sn85042243/1923-10-16,1,10,16,-6
lccn/sn85042243/1923-10-09,2,11,8,3
lccn/sn85042224/1908-08-31,2,9,4,5
lccn/sn86090369/1912-08-09,1,5,14,-9
lccn/sn85042224/1908-08-04,1,4,12,-8
lccn/sn85042243/1924-01-10,2,11,10,1
lccn/sn85042224/1906-06-18,2,15,4,11
lccn/sn90051672/1921-01-04,1,0,0,0
lccn/sn90051081/1890-11-08,2,9,2,7
lccn/sn90051081/1903-09-05,2,8,3,5
lccn/sn90051081/1903-01-31,2,23,9,14
lccn/sn90051081/1902-06-14,1,10,15,-5
lccn/sn91052444/1912-02-29,1,3,4,-1
lccn/sn86090369/1916-03-23,1,5,5,0
lccn/sn86090369/1916-09-07,1,6,7,-1
lccn/sn85042243/1925-09-15,1,7,8,-1
lccn/sn85042243/1925-10-16,1,4,4,0
lccn/sn85042243/1925-05-26,2,8,0,8
lccn/sn85042243/1925-07-22,1,0,0,0
lccn/sn85042243/1925-12-08,1,2,7,-5
lccn/sn85058376/1916-01-08,2,6,2,4
lccn/sn85058376/1919-09-06,2,6,4,2
lccn/sn85058376/1914-03-21,2,26,6,20
lccn/sn83045462/1940-01-13,1,0,0,0
lccn/sn83045462/1940-02-10,1,0,0,0
lccn/sn83045462/1940-02-09,2,10,8,2
lccn/sn83045462/1937-05-30,2,17,1,16
lccn/sn83045462/1937-06-04,1,1,1,0
lccn/sn83045462/1936-06-19,1,4,9,-5
lccn/sn83045462/1936-07-06,2,4,3,1
lccn/sn83045462/1939-10-08,2,3,1,2
lccn/sn83045462/1936-11-13,2,12,5,7
lccn/sn83045462/1936-10-24,1,0,0,0
lccn/sn83045462/1936-10-19,1,3,17,-14
lccn/sn83045462/1936-09-28,1,11,23,-12
lccn/sn83045462/1936-08-21,2,11,7,4
lccn/sn83045462/1936-11-15,2,15,6,9
lccn/sn83045462/1937-03-01,2,16,1,15
lccn/sn83045462/1936-04-16,1,0,0,0
lccn/sn83045462/1936-02-17,1,6,12,-6
lccn/sn83045462/1937-01-18,2,5,0,5
lccn/sn86063206/1904-01-22,2,36,29,7
lccn/sn86063206/1898-03-11,2,24,4,20
lccn/sn86063206/1898-05-13,2,11,10,1
lccn/sn83045462/1935-06-19,2,1,0,1
lccn/sn85035720/1915-10-15,2,8,1,7
lccn/sn89052330/1922-02-23,1,7,7,0
lccn/sn89052329/1921-04-07,1,3,7,-4
lccn/sn86090369/1902-02-19,2,4,0,4
lccn/sn86090369/1905-09-25,2,7,4,3
lccn/sn99062034/1901-05-31,1,0,0,0
lccn/sn99062034/1891-03-26,1,4,5,-1
lccn/sn99062034/1902-12-08,1,0,0,0
lccn/sn83045462/1936-09-13,2,12,7,5
lccn/sn83045462/1939-08-06,2,9,1,8
lccn/sn86090369/1902-04-25,2,11,0,11
lccn/sn83045462/1939-10-29,1,0,2,-2
lccn/sn83045462/1939-10-18,2,19,7,12
lccn/sn83045462/1939-10-28,2,3,1,2
lccn/sn83045462/1937-01-17,2,11,2,9
lccn/sn83045462/1936-05-26,2,11,10,1
lccn/sn83045462/1942-02-12,2,8,6,2
lccn/sn83045462/1938-02-12,2,8,2,6
lccn/sn83045462/1942-01-21,1,3,3,0
lccn/sn83045462/1940-11-09,1,0,0,0
lccn/sn83045462/1940-09-29,2,10,0,10
lccn/sn83045462/1941-01-05,1,5,7,-2
lccn/sn83045462/1942-03-14,1,0,0,0
lccn/sn83045462/1942-03-07,1,0,0,0
lccn/sn83045462/1942-03-22,2,3,1,2
lccn/sn86063811/1938-12-01,1,4,6,-2
lccn/sn86063811/1938-09-06,2,6,3,3
lccn/sn83045462/1938-07-17,2,18,0,18
lccn/sn83045462/1938-07-02,2,17,0,17
lccn/sn85035720/1907-05-10,2,5,3,2
lccn/sn85035720/1907-09-03,2,11,4,7
lccn/sn85035720/1913-06-11,1,6,11,-5
lccn/sn85035720/1913-05-31,2,6,3,3
lccn/sn85035720/1913-04-04,1,3,7,-4
lccn/sn83045462/1938-03-12,2,16,6,10
lccn/sn85035720/1908-02-28,2,10,6,4
lccn/sn85035720/1908-03-19,2,13,9,4
lccn/sn85035720/1914-05-23,2,8,4,4
lccn/sn85035720/1914-06-17,1,9,11,-2
lccn/sn85035720/1914-07-11,1,7,7,0
lccn/sn85035720/1908-06-06,1,5,7,-2
lccn/sn83045462/1938-09-18,2,10,3,7
lccn/sn83045462/1942-05-10,1,10,11,-1
lccn/sn83045462/1938-08-13,1,0,0,0
lccn/sn83045462/1938-08-01,2,15,1,14
lccn/sn83045462/1938-08-21,2,9,3,6
lccn/sn86063811/1934-09-08,2,5,2,3
lccn/sn86063811/1933-06-08,1,0,2,-2
lccn/sn86063811/1933-09-16,2,7,2,5
lccn/sn86063811/1933-03-14,1,3,4,-1
lccn/sn86063811/1936-10-27,1,4,5,-1
lccn/sn86063811/1937-05-06,2,7,3,4
lccn/sn86063811/1938-03-11,1,3,4,-1
lccn/sn86063811/1937-11-01,2,7,3,4
lccn/sn86063811/1938-04-21,2,7,1,6
lccn/sn86063811/1936-04-15,2,5,3,2
lccn/sn86063811/1935-07-03,1,6,9,-3
lccn/sn86063811/1935-08-28,1,2,4,-2
lccn/sn86063811/1935-01-05,2,7,3,4
lccn/sn86063811/1935-01-07,2,7,2,5
lccn/sn86063811/1934-10-03,2,10,4,6
lccn/sn86063811/1935-04-11,2,10,2,8
lccn/sn86063811/1935-04-05,2,7,6,1
lccn/sn86063811/1935-03-06,2,9,4,5
lccn/sn86063811/1936-01-31,2,7,5,2
lccn/sn86063811/1935-09-06,1,5,16,-11
lccn/sn86063811/1937-09-16,2,12,4,8
lccn/sn86063811/1937-09-04,1,0,0,0
lccn/sn86063811/1937-11-17,2,7,1,6
lccn/sn86063811/1937-03-25,1,4,4,0
lccn/sn86063811/1937-03-20,2,7,2,5
lccn/sn86063811/1933-03-06,1,4,4,0
lccn/sn86063811/1933-03-07,2,7,2,5
lccn/sn83045462/1940-10-12,1,0,0,0
lccn/sn83045462/1940-10-15,1,1,16,-15
lccn/sn83045462/1940-10-26,1,4,5,-1
lccn/sn86063811/1938-06-08,1,4,10,-6
lccn/sn83045462/1937-12-26,2,7,6,1
lccn/sn83045462/1938-01-30,2,9,8,1
lccn/sn83045462/1938-06-21,2,15,4,11
lccn/sn85035720/1914-08-01,2,8,5,3
lccn/sn83045462/1938-10-02,2,11,6,5
lccn/sn85035720/1908-11-21,2,4,0,4
lccn/sn85035720/1914-11-06,2,5,0,5
lccn/sn85035720/1908-09-16,1,0,0,0
lccn/sn85035720/1914-04-25,2,11,0,11
lccn/sn85035720/1914-06-01,2,15,8,7
lccn/sn83045462/1938-09-11,2,5,3,2
lccn/sn85035720/1914-06-04,2,6,2,4
lccn/sn85035720/1908-08-13,2,9,8,1
lccn/sn83045462/1950-06-07,2,6,3,3
lccn/sn83045462/1950-06-11,1,0,0,0
lccn/sn83045462/1949-10-12,1,0,4,-4
lccn/sn83045462/1950-01-08,1,22,24,-2
lccn/sn83045462/1950-09-19,1,0,0,0
lccn/sn83045462/1950-01-16,1,3,12,-9
lccn/sn83045462/1950-01-13,2,14,1,13
lccn/sn83045462/1950-01-28,1,12,18,-6
lccn/sn83045462/1950-01-28,1,9,21,-12
lccn/sn83045462/1948-07-26,1,0,0,0
lccn/sn83045462/1948-07-26,1,0,0,0
lccn/sn83045462/1950-04-11,2,3,2,1
lccn/sn83045462/1950-03-09,2,7,5,2
lccn/sn83045462/1950-04-06,1,0,0,0
lccn/sn83045462/1950-04-04,1,4,9,-5
lccn/sn83045462/1948-10-11,2,15,3,12
lccn/sn95076626/1916-04-27,1,2,6,-4
lccn/sn83045462/1950-09-29,1,1,9,-8
lccn/sn83045462/1950-09-26,1,7,7,0
lccn/sn83045462/1950-03-22,2,12,2,10
lccn/sn83045462/1950-03-23,2,11,4,7
lccn/sn83045462/1950-03-23,2,8,2,6
lccn/sn83045462/1950-03-26,1,3,9,-6
lccn/sn83045462/1950-03-25,1,4,9,-5
lccn/sn83045462/1950-02-23,2,5,4,1
lccn/sn83045462/1949-04-10,1,4,4,0
lccn/sn83045462/1949-05-16,2,5,2,3
lccn/sn83045462/1949-05-12,2,18,6,12
lccn/sn85040749/1913-05-27,2,14,2,12
lccn/sn85040749/1901-05-28,2,10,5,5
lccn/sn85040749/1904-04-12,1,12,15,-3
lccn/sn85040749/1903-09-22,1,0,0,0
lccn/sn83045462/1949-02-22,2,8,5,3
lccn/sn85040749/1902-09-16,2,21,10,11
lccn/sn83045462/1949-03-13,1,0,5,-5
lccn/sn85040749/1917-05-29,2,9,7,2
lccn/sn85040749/1917-04-03,2,9,5,4
lccn/sn85040749/1917-02-20,2,6,5,1
lccn/sn83045462/1949-06-17,1,3,5,-2
lccn/sn85040749/1914-02-10,2,12,7,5
lccn/sn83045462/1947-10-12,1,2,3,-1
lccn/sn83045462/1947-12-21,2,10,2,8
lccn/sn83045462/1947-12-28,1,10,11,-1
lccn/sn83045462/1947-12-14,1,2,2,0
lccn/sn85040749/1914-03-31,2,10,4,6
lccn/sn85040749/1916-03-28,1,4,9,-5
lccn/sn83045462/1949-06-13,2,5,2,3
lccn/sn83045462/1949-06-14,1,8,14,-6
lccn/sn83045462/1948-01-04,2,12,0,12
lccn/sn83045462/1948-01-11,2,14,2,12
lccn/sn83045462/1948-01-04,2,5,3,2
lccn/sn83045462/1947-01-11,1,0,0,0
lccn/sn83045462/1947-02-09,2,12,1,11
lccn/sn83045462/1947-02-20,1,3,7,-4
lccn/sn83045462/1947-02-20,2,8,4,4
lccn/sn83045462/1947-01-13,2,19,1,18
lccn/sn83045462/1947-03-23,2,13,1,12
lccn/sn83045462/1947-03-05,1,4,5,-1
lccn/sn83045462/1947-03-02,2,5,3,2
lccn/sn83045462/1947-03-02,1,0,0,0
lccn/sn83045462/1948-03-05,1,0,10,-10
lccn/sn83045462/1950-04-27,2,15,1,14
lccn/sn83045462/1949-08-03,1,5,12,-7
lccn/sn83045462/1950-05-07,1,4,11,-7
lccn/sn83045462/1950-05-13,1,3,5,-2
lccn/sn83045462/1949-08-21,1,4,5,-1
lccn/sn83045462/1949-07-28,1,4,4,0
lccn/sn83045462/1947-05-18,2,9,7,2
lccn/sn83045462/1947-05-18,2,2,0,2
lccn/sn83045462/1946-05-24,2,5,2,3
lccn/sn83045462/1947-05-23,2,6,4,2
lccn/sn83045462/1946-05-28,1,3,6,-3
lccn/sn83045462/1946-06-09,2,16,1,15
lccn/sn83045462/1947-05-27,1,7,11,-4
lccn/sn83045462/1950-09-11,2,8,3,5
lccn/sn83045462/1950-09-11,2,9,8,1
lccn/sn83045462/1948-11-06,2,13,9,4
lccn/sn83045462/1948-10-14,2,14,1,13
lccn/sn83045462/1945-12-16,2,12,0,12
lccn/sn83045462/1945-12-19,2,20,1,19
lccn/sn83045462/1945-12-20,1,6,6,0
lccn/sn83045462/1945-12-20,1,0,4,-4
lccn/sn83045462/1945-12-18,2,13,0,13
lccn/sn83045462/1945-12-15,2,9,2,7
lccn/sn83045462/1941-02-22,1,5,7,-2
lccn/sn83045462/1941-03-09,2,6,1,5
lccn/sn83045462/1941-03-09,2,19,7,12
lccn/sn91068401/1945-08-07,2,11,3,8
lccn/sn83016689/1908-03-24,1,1,8,-7
lccn/sn83045462/1946-01-31,2,25,5,20
lccn/sn83016689/1908-01-14,2,7,5,2
lccn/sn83016689/1908-02-18,1,5,14,-9
lccn/sn83016689/1908-07-09,1,8,11,-3
lccn/sn83016689/1908-11-14,1,5,5,0
lccn/sn83016689/1908-11-16,1,11,21,-10
lccn/sn91068401/1941-02-17,1,0,0,0
lccn/sn88065726/1913-11-07,1,4,9,-5
lccn/sn88065726/1916-01-29,2,13,6,7
lccn/sn88065726/1916-05-09,2,14,3,11
lccn/sn88065726/1916-05-31,2,18,6,12
lccn/sn88065726/1912-02-08,2,3,2,1
lccn/sn83045462/1946-02-24,1,4,4,0
lccn/sn83045462/1941-02-20,1,3,6,-3
lccn/sn83045462/1941-03-23,2,3,0,3
lccn/sn83045462/1946-02-03,1,9,9,0
lccn/sn83045462/1941-04-20,2,6,3,3
lccn/sn83045462/1941-05-18,1,17,18,-1
lccn/sn83016689/1908-08-31,1,0,0,0
lccn/sn83045462/1941-07-02,2,8,7,1
lccn/sn78000873/1921-03-17,1,6,8,-2
lccn/sn89064914/1917-04-19,1,3,8,-5
lccn/sn89064914/1922-07-20,1,10,14,-4
lccn/sn89064914/1923-01-18,1,5,5,0
lccn/sn89064914/1920-11-25,2,11,3,8
lccn/sn89064914/1919-09-18,2,14,8,6
lccn/sn85025570/1922-11-22,2,19,7,12
lccn/sn85025570/1922-01-04,1,6,11,-5
lccn/sn85025570/1922-01-18,2,6,1,5
lccn/sn85025570/1922-03-01,2,5,0,5
lccn/sn85040749/1921-09-15,2,5,0,5
lccn/sn86092518/1891-07-21,1,12,14,-2
lccn/sn86092518/1891-07-22,2,13,12,1
lccn/sn86092518/1891-07-16,2,11,2,9
lccn/sn86092523/1897-04-18,2,14,13,1
lccn/sn91059394/1893-08-09,2,5,4,1
lccn/sn91059394/1893-09-20,1,4,9,-5
lccn/sn84024271/1929-05-30,2,10,7,3
lccn/sn84024271/1941-03-13,1,4,8,-4
lccn/sn84024271/1942-02-19,2,13,2,11
lccn/sn84024271/1942-04-16,2,11,4,7
lccn/sn82014519/1928-03-12,1,5,10,-5
lccn/sn82014519/1928-03-12,1,1,12,-11
lccn/sn82014519/1928-04-07,1,4,8,-4
lccn/sn82014519/1928-03-22,1,7,8,-1
lccn/sn82014519/1928-03-21,2,14,5,9
lccn/sn82014519/1928-02-16,1,5,8,-3
lccn/sn82014519/1928-02-23,2,10,7,3
lccn/sn82014519/1928-01-06,1,4,6,-2
lccn/sn82014519/1928-03-28,2,8,7,1
lccn/sn82014519/1928-04-02,1,4,11,-7
lccn/sn82014519/1928-02-02,1,6,12,-6
lccn/sn82014519/1928-01-04,2,12,9,3
lccn/sn84024271/1933-04-06,1,3,16,-13
lccn/sn84024271/1933-05-18,2,8,1,7
lccn/sn84024271/1933-10-05,2,7,2,5
lccn/sn84024271/1930-03-06,1,0,0,0
lccn/sn84024271/1927-10-20,2,18,1,17
lccn/sn84024271/1931-06-11,1,7,7,0
lccn/sn84024271/1936-04-02,2,2,0,2
lccn/sn84024271/1934-04-19,2,7,4,3
lccn/sn84024271/1930-07-03,2,10,9,1
lccn/sn84024271/1938-10-20,1,5,7,-2
lccn/sn84024271/1940-05-16,2,13,3,10
lccn/sn84024271/1940-05-09,1,5,9,-4
lccn/sn84024271/1940-02-15,2,20,9,11
lccn/sn84024271/1942-03-05,2,18,8,10
lccn/sn84024271/1940-12-12,1,3,7,-4
lccn/sn84024271/1941-04-17,2,15,3,12
lccn/sn82015313/1927-04-16,2,10,6,4
lccn/sn82015313/1927-07-13,2,9,3,6
lccn/sn82015313/1927-04-14,1,7,11,-4
lccn/sn82015313/1927-08-30,1,4,8,-4
lccn/sn82015313/1929-04-22,1,6,6,0
lccn/sn82015313/1930-02-08,1,0,0,0
lccn/sn82015313/1930-03-14,2,14,5,9
lccn/sn82015313/1930-04-24,2,5,3,2
lccn/sn82015313/1929-10-10,2,4,2,2
lccn/sn82015313/1929-07-06,1,10,12,-2
lccn/sn82015313/1930-10-08,2,11,3,8
lccn/sn82015313/1930-11-19,1,8,9,-1
lccn/sn86091084/1920-03-30,2,20,1,19
lccn/sn86091084/1921-04-14,2,13,4,9
lccn/sn86091084/1922-04-20,2,2,1,1
lccn/sn86091084/1921-09-29,2,5,1,4
lccn/sn89055091/1896-01-02,2,16,5,11
lccn/sn89055206/1904-09-07,2,5,1,4
lccn/sn89055091/1902-03-06,1,7,10,-3
lccn/sn89055206/1904-11-23,2,7,5,2
lccn/sn89055091/1903-09-05,1,1,2,-1
lccn/sn82014519/1929-11-21,1,3,5,-2
lccn/sn82014519/1929-08-28,2,13,2,11
lccn/sn82014519/1929-10-16,1,10,10,0
lccn/sn82014519/1929-08-15,2,9,6,3
lccn/sn82014519/1929-09-05,2,27,16,11
lccn/sn82014519/1930-05-15,2,14,3,11
lccn/sn82014519/1930-04-11,2,13,6,7
lccn/sn82014519/1930-01-29,1,1,4,-3
lccn/sn82014519/1930-02-05,1,1,12,-11
lccn/sn82014519/1930-06-18,2,9,6,3
lccn/sn82014519/1930-09-24,2,7,3,4
lccn/sn82014519/1930-09-11,2,40,10,30
lccn/sn82014519/1930-12-18,2,6,1,5
lccn/sn85042224/1916-06-17,2,7,1,6
lccn/sn85042224/1916-06-15,2,13,4,9
lccn/sn89053684/1904-11-08,1,0,0,0
lccn/sn83016751/1861-03-01,2,9,8,1
lccn/sn89053684/1904-09-28,2,10,2,8
lccn/sn89053684/1904-06-10,2,9,5,4
lccn/sn82014519/1927-10-27,1,11,11,0
lccn/sn82014519/1927-10-06,2,6,1,5
lccn/sn82014519/1927-12-02,1,0,0,0
lccn/sn82014519/1927-09-29,1,3,4,-1
lccn/sn82014519/1927-09-08,2,8,2,6
lccn/sn82014519/1927-09-08,2,5,3,2
lccn/sn82014519/1927-02-24,2,13,9,4
lccn/sn82014519/1927-02-28,1,8,13,-5
lccn/sn82014519/1927-05-13,1,5,12,-7
lccn/sn82014519/1927-05-07,2,7,6,1
lccn/sn82014519/1927-05-14,2,6,2,4
lccn/sn82014519/1926-08-25,1,11,11,0
lccn/sn82014519/1926-08-21,2,7,3,4
lccn/sn82014519/1926-12-10,2,19,12,7
lccn/sn82014519/1926-12-10,2,10,7,3
lccn/sn82014519/1926-12-16,2,6,3,3
lccn/sn82014519/1926-12-14,2,7,4,3
lccn/sn82014519/1927-01-29,2,6,3,3
lccn/sn82014519/1927-01-06,1,4,6,-2
lccn/sn82014519/1926-11-22,1,7,8,-1
lccn/sn82014519/1926-06-04,1,8,13,-5
lccn/sn82014519/1927-06-20,2,10,3,7
lccn/sn82014519/1927-06-01,1,1,3,-2
lccn/sn82014519/1927-06-16,1,4,9,-5
lccn/sn82014519/1927-08-06,2,16,4,12
lccn/sn82014519/1927-08-08,2,18,10,8
lccn/sn82014519/1927-06-17,1,3,3,0
lccn/sn86092245/1905-08-24,2,8,7,1
lccn/sn85042243/1929-07-08,1,0,0,0
lccn/sn85042243/1929-09-28,1,4,5,-1
lccn/sn85042243/1929-06-01,1,2,8,-6
lccn/sn85042243/1931-02-07,1,0,0,0
lccn/sn85042243/1930-12-05,1,9,16,-7
lccn/sn85042243/1930-05-12,1,9,12,-3
lccn/sn85042243/1930-04-09,2,11,3,8
lccn/sn85042243/1930-07-25,1,5,9,-4
lccn/sn85042243/1930-09-02,1,4,6,-2
lccn/sn85042243/1930-10-16,1,11,14,-3
lccn/sn85042243/1931-05-27,1,0,0,0
lccn/sn85042243/1931-03-17,2,6,1,5
lccn/sn85042243/1931-06-22,2,10,6,4
lccn/sn86086586/1909-01-22,2,4,3,1
lccn/sn86086586/1910-10-07,1,5,8,-3
lccn/sn86086586/1910-04-22,2,9,0,9
lccn/sn86086586/1912-10-11,1,6,8,-2
lccn/sn85042354/1923-01-12,1,3,8,-5
lccn/sn85042354/1922-11-17,1,0,0,0
lccn/sn85042354/1922-12-07,1,4,18,-14
lccn/sn85042354/1922-12-23,2,4,1,3
lccn/sn87062237/1922-12-22,1,1,4,-3
lccn/sn85042354/1923-02-17,2,14,8,6
lccn/sn85042354/1923-02-10,1,1,6,-5
lccn/sn85042354/1923-02-01,2,12,3,9
lccn/sn87062237/1922-02-08,1,4,5,-1
lccn/sn87062237/1922-04-06,1,3,3,0
lccn/sn87062237/1922-06-15,2,5,1,4
lccn/sn87062237/1922-11-23,1,4,5,-1
lccn/sn90050307/1910-06-07,1,10,10,0
lccn/sn85035720/1920-06-01,2,8,4,4
lccn/sn85035720/1920-09-24,2,23,7,16
lccn/sn85035720/1919-03-12,1,10,15,-5
lccn/sn85035720/1919-06-28,2,5,2,3
lccn/sn85035720/1919-02-01,1,5,8,-3
lccn/sn85035720/1918-11-30,1,0,0,0
lccn/sn85035720/1918-09-10,2,7,1,6
lccn/sn85035720/1920-02-02,1,9,14,-5
lccn/sn85035720/1919-12-24,2,8,5,3
lccn/sn85035720/1920-11-18,2,10,4,6
lccn/sn85035720/1921-03-22,1,2,3,-1
lccn/sn85042243/1931-09-22,2,7,2,5
lccn/sn85042243/1931-09-17,1,9,10,-1
lccn/sn79000083/1943-10-30,1,5,9,-4
lccn/sn79000083/1943-07-24,1,0,0,0
lccn/sn79000083/1942-05-02,2,13,9,4
lccn/sn79000083/1942-02-07,1,3,6,-3
lccn/sn79000083/1943-03-13,2,16,6,10
lccn/sn79000083/1945-07-14,2,10,4,6
lccn/sn79000083/1948-12-11,2,12,4,8
lccn/sn82015313/1925-05-07,2,8,5,3
lccn/sn82015313/1925-11-02,2,16,14,2
lccn/sn82015313/1925-11-17,1,4,6,-2
lccn/sn82015313/1925-08-26,2,8,5,3
lccn/sn82015313/1927-01-29,1,6,12,-6
lccn/sn90060976/1912-03-02,2,21,4,17
lccn/sn79000083/1950-04-01,2,9,2,7
lccn/sn90060976/1911-01-14,1,11,12,-1
lccn/sn90060976/1914-09-05,2,8,0,8
lccn/sn90060976/1916-05-06,2,15,1,14
lccn/sn90060976/1915-09-18,2,28,6,22
lccn/sn90060976/1913-07-19,1,8,8,0
lccn/sn90060976/1913-05-03,2,21,3,18
lccn/sn90060976/1920-07-31,2,3,2,1
lccn/sn90060976/1917-10-13,2,23,2,21
lccn/sn90060976/1917-11-03,2,13,5,8
lccn/sn90060976/1917-10-27,2,7,0,7
lccn/sn90060976/1919-11-22,2,22,4,18
lccn/sn90060976/1922-10-14,2,16,3,13
lccn/sn90060976/1922-03-25,2,10,7,3
lccn/sn90060976/1922-04-01,2,8,5,3
lccn/sn90060976/1922-06-17,2,20,2,18
lccn/sn90060976/1922-04-22,1,5,13,-8
lccn/sn90060976/1922-04-29,2,14,6,8
lccn/sn90060976/1921-09-10,2,11,3,8
lccn/sn90060976/1920-10-16,2,17,9,8
lccn/sn90060976/1921-06-18,2,12,1,11
lccn/sn90060976/1921-09-24,2,18,4,14
lccn/sn90060976/1921-06-11,2,10,3,7
lccn/sn90060976/1916-09-23,2,16,9,7
lccn/sn90060976/1918-09-14,2,18,4,14
lccn/sn90060976/1916-09-09,2,20,4,16
lccn/sn82014519/1928-10-11,2,6,1,5
lccn/sn82014519/1928-09-27,2,8,6,2
lccn/sn82014519/1928-06-12,1,3,7,-4
lccn/sn82014519/1928-06-18,2,5,1,4
lccn/sn82014519/1928-07-06,1,3,7,-4
lccn/sn82014519/1928-04-30,2,8,5,3
lccn/sn82014519/1928-04-27,2,7,3,4
lccn/sn82014519/1928-05-14,1,8,8,0
lccn/sn82014519/1928-05-28,2,6,3,3
lccn/sn82014519/1929-03-15,1,0,0,0
lccn/sn82014519/1929-01-09,2,9,2,7
lccn/sn82014519/1929-01-05,2,10,5,5
lccn/sn82014519/1928-10-18,2,13,5,8
lccn/sn82014519/1928-10-24,1,0,0,0
lccn/sn82014519/1929-04-18,2,4,2,2
lccn/sn82014519/1929-04-03,2,13,11,2
lccn/sn85042243/1935-03-01,1,7,9,-2
lccn/sn85042243/1935-03-18,2,6,3,3
lccn/sn82014519/1929-06-12,2,4,2,2
lccn/sn90060762/1914-08-27,2,11,4,7
lccn/sn86086586/1919-01-31,2,6,2,4
lccn/sn86086586/1918-03-08,2,8,4,4
lccn/sn86086586/1922-07-14,2,2,1,1
lccn/sn86086586/1921-12-09,2,5,2,3
lccn/sn85042243/1933-05-27,2,9,1,8
lccn/sn85042243/1933-05-24,2,9,8,1
lccn/sn85042243/1933-03-14,2,8,2,6
lccn/sn85042243/1934-02-08,2,6,0,6
lccn/sn85042243/1934-05-24,1,1,1,0
lccn/sn85042243/1934-10-16,2,13,8,5
lccn/sn85042243/1934-10-23,1,5,5,0
lccn/sn84023017/1878-09-26,2,6,1,5
lccn/sn84023017/1878-10-03,2,10,2,8
lccn/sn84023017/1878-10-10,2,13,1,12
lccn/sn84023017/1878-10-17,2,11,4,7
lccn/sn89051213/1908-10-15,1,1,6,-5
lccn/sn85042243/1937-08-13,2,3,1,2
lccn/sn85042243/1937-08-23,1,1,1,0
lccn/sn85042243/1935-10-19,1,7,9,-2
lccn/sn90050361/1921-08-23,2,5,4,1
lccn/sn85042354/1920-05-10,1,0,0,0
lccn/sn89055199/1924-12-18,2,5,3,2
lccn/sn85042354/1920-08-20,2,7,2,5
lccn/sn86091084/1922-01-12,2,4,2,2
lccn/sn89055199/1914-04-02,1,11,16,-5
lccn/sn89055199/1914-03-26,2,12,3,9
lccn/sn89055199/1922-12-21,2,13,5,8
lccn/sn89055001/1917-04-12,2,19,13,6
lccn/sn89055199/1913-10-02,2,13,3,10
lccn/sn89055199/1914-01-01,2,13,3,10
lccn/sn89055199/1916-05-11,2,17,13,4
lccn/sn89055199/1915-11-04,1,13,17,-4
lccn/sn89055199/1914-10-08,1,4,5,-1
lccn/sn89055199/1915-05-20,1,0,0,0
lccn/sn89055199/1917-06-14,2,5,4,1
lccn/sn89055199/1918-10-10,2,11,4,7
lccn/sn89055199/1919-10-16,2,16,4,12
lccn/sn89055199/1919-03-27,1,4,4,0
lccn/sn89055199/1919-03-20,2,3,1,2
lccn/sn89055199/1923-11-01,2,20,12,8
lccn/sn82015313/1927-04-06,1,2,5,-3
lccn/sn82015313/1927-12-09,1,6,12,-6
lccn/sn82015313/1927-03-12,2,19,2,17
lccn/sn82015313/1928-05-18,2,8,5,3
lccn/sn82015313/1928-06-01,2,34,18,16
lccn/sn82015313/1928-05-08,1,16,16,0
lccn/sn82015313/1928-04-03,2,6,5,1
lccn/sn82015313/1928-11-02,1,14,16,-2
lccn/sn82015313/1928-12-06,1,7,8,-1
lccn/sn85042354/1921-11-30,1,1,5,-4
lccn/sn85042354/1921-09-16,2,8,3,5
lccn/sn85042354/1921-09-24,2,2,1,1
lccn/sn85042354/1921-09-28,1,4,4,0
lccn/sn85042354/1921-04-23,1,1,2,-1
lccn/sn85042354/1921-07-16,2,3,2,1
lccn/sn85042354/1921-03-28,2,13,8,5
lccn/sn85042354/1920-12-20,2,5,4,1
lccn/sn85042243/1935-07-05,1,0,6,-6
lccn/sn85042243/1935-06-15,2,12,7,5
lccn/sn85042243/1935-06-05,1,5,5,0
lccn/sn85042243/1935-06-05,1,4,4,0
lccn/sn85042243/1937-03-10,2,10,8,2
lccn/sn85042243/1936-11-11,1,4,7,-3
lccn/sn85042243/1936-02-21,2,9,6,3
lccn/sn85042243/1936-04-15,1,2,4,-2
lccn/sn85042243/1937-06-26,2,11,4,7
lccn/sn85042243/1937-05-13,1,3,5,-2
lccn/sn85042243/1937-05-17,1,3,15,-12
lccn/sn85042243/1936-10-31,1,4,6,-2
lccn/sn82014519/1929-06-15,1,4,6,-2
lccn/sn85042243/1932-03-14,2,9,4,5
lccn/sn85042243/1932-02-13,2,10,3,7
lccn/sn85042243/1932-04-18,1,10,11,-1
lccn/sn85042243/1932-07-21,1,15,16,-1
lccn/sn85042243/1932-10-27,1,9,12,-3
lccn/sn85042243/1932-12-21,2,9,2,7
lccn/sn89051213/1907-08-15,2,8,7,1
lccn/sn85042243/1937-09-27,1,7,8,-1
lccn/sn85042354/1922-05-13,1,0,0,0
lccn/sn85042354/1922-06-27,1,0,15,-15
lccn/sn85042354/1922-06-23,2,5,4,1
lccn/sn87065258/1943-05-08,1,4,8,-4
lccn/sn87065258/1943-09-04,2,10,3,7
lccn/sn87065228/1949-08-25,1,6,6,0
lccn/sn87065215/1892-09-08,2,5,1,4
lccn/sn90050306/1908-05-14,1,0,0,0
lccn/sn90050306/1906-11-09,2,13,3,10
lccn/sn90050306/1909-03-04,2,10,1,9
lccn/sn90050306/1912-03-29,2,6,3,3
lccn/sn85042224/1917-02-22,2,12,4,8
lccn/sn85042224/1917-04-18,2,7,0,7
lccn/sn86091145/1913-04-17,1,8,9,-1
lccn/sn86091145/1913-09-25,2,14,3,11
lccn/sn87065258/1946-04-20,2,14,8,6
lccn/sn87065258/1946-05-18,2,1,0,1
lccn/sn87065258/1945-03-10,2,10,9,1
lccn/sn87065258/1948-05-01,2,9,1,8
lccn/sn85042224/1917-06-07,2,11,4,7
lccn/sn85042224/1917-06-04,1,0,0,0
lccn/sn85042224/1917-06-08,1,11,11,0
lccn/sn85042224/1917-01-01,2,10,2,8
lccn/sn87091048/1889-04-24,2,9,2,7
lccn/sn87091048/1890-04-30,2,16,11,5
lccn/sn85042224/1917-10-31,1,6,8,-2
lccn/sn85042224/1917-10-26,2,7,1,6
lccn/sn85042224/1917-10-15,2,14,3,11
lccn/sn85042224/1918-03-18,1,2,2,0
lccn/sn85042224/1918-02-22,2,11,0,11
lccn/sn85042224/1917-09-20,2,3,0,3
lccn/sn85042224/1918-06-11,2,18,0,18
lccn/sn85042224/1918-07-01,1,0,0,0
lccn/sn85042224/1918-09-07,2,6,4,2
lccn/sn84024271/1949-08-25,2,18,7,11
lccn/sn84024271/1949-09-29,2,6,3,3
lccn/sn84024271/1948-12-02,2,10,6,4
lccn/sn87065228/1941-07-24,2,3,1,2
lccn/sn87065228/1938-05-26,1,5,7,-2
lccn/sn87065228/1938-05-12,2,10,6,4
lccn/sn90050306/1918-05-09,2,12,3,9
lccn/sn87065228/1949-09-29,2,6,3,3
lccn/sn90050260/1915-02-25,1,7,7,0
lccn/sn90050260/1915-08-12,2,10,1,9
lccn/sn90050221/1922-05-19,1,6,12,-6
lccn/sn89051436/1915-07-02,1,5,7,-2
lccn/sn90050221/1922-12-20,1,14,15,-1
lccn/sn89051338/1918-05-31,1,0,0,0
lccn/sn89051338/1919-03-21,1,2,4,-2
lccn/sn89051338/1919-12-12,2,8,7,1
lccn/sn89051338/1919-11-21,2,9,2,7
lccn/sn89051338/1920-09-03,1,9,14,-5
lccn/sn85042224/1914-09-28,2,27,10,17
lccn/sn85042224/1915-02-11,2,11,4,7
lccn/sn85042224/1915-11-01,2,9,2,7
lccn/sn85042224/1915-10-05,2,7,5,2
lccn/sn85042224/1915-06-04,2,11,6,5
lccn/sn85042224/1916-11-14,1,4,6,-2
lccn/sn85042224/1916-08-03,2,15,5,10
lccn/sn85042224/1916-08-18,2,10,8,2
lccn/sn85042224/1916-09-25,2,6,2,4
lccn/sn86091196/1923-05-04,2,7,3,4
lccn/sn86091196/1923-01-12,2,9,3,6
lccn/sn85042224/1916-07-06,1,5,11,-6
lccn/sn85042224/1916-07-03,2,11,3,8
lccn/sn85042224/1916-05-25,2,8,1,7
lccn/sn85042224/1916-03-04,2,6,5,1
lccn/sn86091145/1921-09-01,2,20,5,15
lccn/sn86091059/1923-08-10,1,3,6,-3
lccn/sn85042224/1916-12-11,1,7,10,-3
lccn/sn86091059/1924-10-31,2,29,4,25
lccn/sn86091145/1915-05-20,2,9,1,8
lccn/sn86091145/1917-08-16,1,3,8,-5
lccn/sn86091145/1919-01-30,2,16,3,13
lccn/sn86092536/1916-05-24,1,9,10,-1
lccn/sn84022374/1896-10-08,1,5,5,0
lccn/sn84022374/1895-03-14,1,4,6,-2
lccn/sn84022374/1899-02-01,1,0,2,-2
lccn/sn84022374/1900-04-25,2,12,8,4
lccn/sn84022374/1900-02-28,1,7,7,0
lccn/sn82014519/1916-05-22,2,24,7,17
lccn/sn82014519/1916-02-08,2,9,5,4
lccn/sn82014519/1916-02-29,1,13,17,-4
lccn/sn82014519/1916-04-11,2,11,5,6
lccn/sn82014519/1916-08-08,1,14,14,0
lccn/sn82014519/1916-07-12,2,16,3,13
lccn/sn82014519/1916-12-08,2,11,6,5
lccn/sn82014519/1916-12-01,2,9,5,4
lccn/sn91059392/1884-05-29,2,9,4,5
lccn/sn91059394/1922-10-13,1,1,4,-3
lccn/sn82014998/1861-11-23,1,0,0,0
lccn/sn86076141/1912-01-13,1,6,10,-4
lccn/sn86076141/1929-05-30,2,10,4,6
lccn/sn86076141/1927-12-24,2,20,11,9
lccn/sn86076141/1929-04-02,1,2,4,-2
lccn/sn85044812/1896-07-11,1,3,3,0
lccn/sn85025570/1936-11-05,2,11,5,6
lccn/sn85044812/1897-02-03,2,14,4,10
lccn/sn86072192/1897-12-18,2,6,1,5
lccn/sn85044812/1896-02-01,2,26,5,21
lccn/sn84020639/1895-04-28,2,8,3,5
lccn/sn85025570/1934-03-15,2,21,6,15
lccn/sn85025570/1930-12-03,2,20,12,8
lccn/sn85025570/1930-12-17,2,19,8,11
lccn/sn85025570/1934-08-16,1,2,5,-3
lccn/sn85025570/1936-06-11,2,6,1,5
lccn/sn85025570/1935-12-12,1,6,9,-3
lccn/sn85025570/1935-08-29,2,7,4,3
lccn/sn85025570/1933-08-03,1,5,24,-19
lccn/sn85025570/1933-06-01,1,2,7,-5
lccn/sn85025570/1925-01-28,2,13,10,3
lccn/sn85025570/1932-04-28,1,3,3,0
lccn/sn85025570/1925-03-18,2,8,1,7
lccn/sn85025570/1924-05-28,2,15,8,7
lccn/sn85025570/1924-07-02,2,11,10,1
lccn/sn85025570/1923-01-17,2,19,13,6
lccn/sn85025570/1923-12-26,1,6,6,0
lccn/sn85025570/1923-02-14,2,14,6,8
lccn/sn85025570/1923-02-14,2,13,5,8
lccn/sn85025570/1925-08-26,1,8,8,0
lccn/sn86076141/1932-04-26,1,6,10,-4
lccn/sn86076141/1932-03-11,1,0,0,0
lccn/sn86076141/1928-07-14,1,12,25,-13
lccn/sn86076141/1928-03-09,2,14,11,3
lccn/sn86076141/1928-03-23,2,12,2,10
lccn/sn86076141/1927-04-16,2,4,2,2
lccn/sn91059394/1913-07-18,2,7,2,5
lccn/sn91059394/1913-07-25,2,8,7,1
lccn/sn85025570/1926-07-14,2,18,8,10
lccn/sn85025570/1929-08-14,2,8,4,4
lccn/sn85025570/1929-06-19,1,5,5,0
lccn/sn85025570/1923-11-14,2,9,7,2
lccn/sn85025570/1930-02-12,2,4,3,1
lccn/sn85025570/1930-02-12,2,8,2,6
lccn/sn85025570/1926-10-20,2,3,1,2
lccn/sn91059394/1916-01-21,1,6,9,-3
lccn/sn91059394/1921-08-26,1,9,9,0
lccn/sn91059394/1920-09-24,2,11,3,8
lccn/sn91059394/1919-04-04,2,11,6,5
lccn/sn86063039/1914-05-08,1,10,11,-1
lccn/sn86063039/1914-03-13,2,5,2,3
lccn/sn86063039/1915-03-12,2,11,1,10
lccn/sn86063039/1921-03-11,1,8,8,0
lccn/sn86063039/1923-08-10,2,5,4,1
lccn/sn86063039/1923-08-10,2,6,4,2
lccn/sn86063039/1921-04-22,2,5,3,2
lccn/sn86063039/1923-10-19,1,3,6,-3
lccn/sn86063039/1922-06-02,1,4,16,-12
lccn/sn86063039/1922-05-26,1,6,7,-1
lccn/sn86063039/1921-02-11,2,15,14,1
lccn/sn86063039/1921-01-07,2,7,4,3
lccn/sn86063039/1920-12-31,2,10,3,7
lccn/sn86063039/1920-02-06,2,22,13,9
lccn/sn86063039/1920-04-16,1,2,8,-6
lccn/sn86063039/1909-10-01,2,8,2,6
lccn/sn86063039/1910-02-04,2,9,8,1
lccn/sn86063039/1909-12-03,2,11,3,8
lccn/sn85007266/1921-05-26,2,7,5,2
lccn/sn89055223/1923-08-09,2,6,3,3
lccn/sn89055223/1920-04-15,2,15,3,12
lccn/sn85040705/1912-09-06,1,3,7,-4
lccn/sn85040705/1904-01-07,1,8,11,-3
lccn/sn85040705/1907-11-14,2,11,8,3
lccn/sn86063041/1924-02-28,2,7,4,3
lccn/sn88056159/1923-09-05,2,8,3,5
lccn/sn86091197/1924-01-10,2,11,4,7
lccn/sn86091197/1923-08-09,2,14,1,13
lccn/sn86063041/1922-12-14,2,10,7,3
lccn/sn86063041/1924-03-27,2,4,3,1
lccn/sn86063041/1924-04-03,1,3,5,-2
lccn/sn86063041/1924-04-03,1,5,10,-5
lccn/sn86063041/1923-11-01,1,10,11,-1
lccn/sn86063041/1923-11-08,2,16,11,5
lccn/sn86063041/1922-12-21,2,10,6,4
lccn/sn86091197/1924-05-15,2,18,6,12
lccn/sn86091197/1924-04-03,1,3,7,-4
lccn/sn86091100/1921-01-20,1,1,2,-1
lccn/sn86091100/1924-08-21,1,8,14,-6
lccn/sn86063041/1924-03-13,2,9,3,6
lccn/sn86063041/1924-03-20,1,6,11,-5
lccn/sn86063041/1920-01-16,2,9,2,7
lccn/sn86063041/1920-01-16,1,6,16,-10
lccn/sn90052141/1902-07-19,2,13,10,3
lccn/sn82014519/1917-02-24,2,9,4,5
lccn/sn82014519/1917-01-17,2,6,2,4
lccn/sn82014519/1917-06-07,1,14,14,0
lccn/sn82014519/1916-01-11,2,24,9,15
lccn/sn82014519/1916-01-15,2,5,2,3
lccn/sn90050316/1922-11-11,1,11,15,-4
lccn/sn90050316/1922-09-23,1,9,11,-2
lccn/sn90050316/1921-03-09,2,12,3,9
lccn/sn90052143/1911-01-26,2,7,6,1
lccn/sn86091100/1918-05-09,2,4,3,1
lccn/sn90052143/1912-11-26,2,20,10,10
lccn/sn90052143/1910-08-26,2,7,1,6
lccn/sn86063039/1911-04-21,1,4,5,-1
lccn/sn86063039/1911-09-01,2,6,3,3
lccn/sn85040245/1908-05-28,1,4,5,-1
lccn/sn85040245/1909-02-04,2,21,9,12
lccn/sn85040245/1909-08-05,2,11,8,3
lccn/sn85040245/1909-07-01,1,3,3,0
lccn/sn85040245/1911-05-19,2,5,4,1
lccn/sn85040245/1911-05-26,2,8,5,3
lccn/sn85040245/1911-03-24,2,50,10,40
lccn/sn85059591/1914-07-16,1,0,0,0
lccn/sn85059591/1914-08-20,2,6,4,2
lccn/sn85059591/1915-09-09,1,2,2,0
lccn/sn85059591/1911-10-17,2,12,2,10
lccn/sn85059591/1911-06-27,2,12,4,8
lccn/sn85059591/1906-09-18,1,2,9,-7
lccn/sn85040245/1917-08-24,2,18,7,11
lccn/sn85040245/1917-10-05,2,5,4,1
lccn/sn85040245/1911-10-20,1,8,23,-15
lccn/sn85040245/1911-01-27,2,49,11,38
lccn/sn85040245/1913-10-03,2,34,19,15
lccn/sn85040245/1914-01-09,2,8,7,1
lccn/sn85040245/1914-05-08,2,7,1,6
lccn/sn85040245/1916-10-20,2,23,7,16
lccn/sn85040245/1915-05-21,1,1,11,-10
lccn/sn85040245/1917-03-02,1,4,10,-6
lccn/sn85040245/1920-02-20,2,17,6,11
lccn/sn85040245/1920-05-28,2,17,4,13
lccn/sn85040245/1921-06-10,1,4,6,-2
lccn/sn82014519/1918-05-15,2,8,7,1
lccn/sn82014519/1918-05-03,2,7,6,1
lccn/sn82014519/1918-06-21,2,12,3,9
lccn/sn82014519/1918-05-01,2,10,5,5
lccn/sn86086067/1906-02-07,1,7,7,0
lccn/sn86086067/1906-02-21,2,17,4,13
lccn/sn85040245/1922-11-24,2,8,4,4
lccn/sn85040245/1922-05-12,2,8,4,4
lccn/sn85040245/1921-10-21,1,5,5,0
lccn/sn85040245/1922-09-29,1,5,8,-3
lccn/sn82014519/1919-08-14,2,10,8,2
lccn/sn91064009/1908-02-03,1,7,8,-1
lccn/sn91064009/1908-02-04,2,7,3,4
lccn/sn91064009/1908-08-27,1,4,7,-3
lccn/sn91064009/1908-04-25,1,4,20,-16
lccn/sn85035720/1923-02-13,1,1,4,-3
lccn/sn84020558/1922-04-09,1,0,5,-5
lccn/sn87062055/1926-06-11,2,5,2,3
lccn/sn87062055/1926-06-18,2,15,1,14
lccn/sn87062055/1926-10-08,1,2,2,0
lccn/sn87062055/1924-09-26,2,14,2,12
lccn/sn87062055/1927-11-11,2,11,7,4
lccn/sn86086067/1908-01-01,2,9,6,3
lccn/sn86086067/1911-10-12,2,14,8,6
lccn/sn86086067/1910-09-01,1,0,0,0
lccn/sn86086067/1909-09-09,1,4,12,-8
lccn/sn94050514/1919-08-02,1,4,9,-5
lccn/sn94050514/1919-10-11,1,4,9,-5
lccn/sn85035720/1923-10-09,2,3,1,2
lccn/sn85035720/1923-06-23,2,5,0,5
lccn/sn85035720/1923-05-09,2,4,3,1
lccn/sn91064009/1908-06-19,1,4,5,-1
lccn/sn85035720/1923-01-30,1,1,3,-2
lccn/sn84020674/1902-05-06,2,6,5,1
lccn/sn87062055/1924-02-22,2,8,0,8
lccn/sn87062055/1924-01-18,2,15,11,4
lccn/sn87062055/1924-04-18,2,14,1,13
lccn/sn82014519/1919-12-13,2,8,6,2
lccn/sn96060796/1923-09-01,2,9,4,5
lccn/sn86086068/1921-01-27,1,3,8,-5
lccn/sn84020558/1922-05-07,2,17,1,16
lccn/sn84020558/1922-05-27,2,6,3,3
lccn/sn84020558/1922-05-26,1,0,0,0
lccn/sn84020558/1922-06-09,2,5,2,3
lccn/sn84020558/1922-05-31,1,2,3,-1
lccn/sn86086068/1915-04-01,1,9,9,0
lccn/sn86086068/1916-10-12,1,3,10,-7
lccn/sn86086068/1918-06-20,1,5,8,-3
lccn/sn86086068/1918-01-31,1,3,6,-3
lccn/sn86086068/1919-08-14,2,15,7,8
lccn/sn86086068/1919-08-21,1,3,8,-5
lccn/sn86086068/1920-09-16,1,7,11,-4
lccn/sn86086068/1920-12-23,2,12,4,8
lccn/sn86086068/1922-05-18,2,13,7,6
lccn/sn82015313/1936-01-25,2,8,6,2
lccn/sn82015313/1936-01-16,2,16,9,7
lccn/sn82015313/1936-03-09,1,5,6,-1
lccn/sn82015313/1936-02-25,2,17,7,10
lccn/sn82015313/1934-05-23,1,7,13,-6
lccn/sn82015313/1934-01-18,2,27,7,20
lccn/sn82015313/1934-01-29,1,6,9,-3
lccn/sn87065528/1943-03-12,2,9,7,2
lccn/sn87058235/1899-06-14,2,8,2,6
lccn/sn89055082/1907-05-23,2,11,2,9
lccn/sn89055082/1904-06-30,2,12,3,9
lccn/sn86091092/1924-05-30,2,3,2,1
lccn/sn86091092/1923-06-01,2,14,5,9
lccn/sn86091092/1923-05-18,2,8,4,4
lccn/sn86091092/1923-10-05,2,6,4,2
lccn/sn86091092/1923-09-11,1,5,6,-1
lccn/sn86091092/1924-04-11,1,4,6,-2
lccn/sn89055082/1909-04-22,2,9,1,8
lccn/sn82015313/1931-11-02,1,5,9,-4
lccn/sn82015313/1932-02-26,1,4,6,-2
lccn/sn82015313/1932-02-10,1,9,10,-1
lccn/sn82015313/1931-09-01,1,5,14,-9
lccn/sn82015313/1932-10-08,1,3,10,-7
lccn/sn82015313/1933-10-06,1,3,6,-3
lccn/sn82015313/1933-08-12,1,2,8,-6
lccn/sn82015313/1933-08-12,1,1,9,-8
lccn/sn82015313/1933-01-13,1,7,10,-3
lccn/sn85025570/1937-09-09,1,1,4,-3
lccn/sn85025570/1938-02-17,1,1,9,-8
lccn/sn85025570/1938-01-20,1,4,5,-1
lccn/sn85025570/1938-04-21,2,7,6,1
lccn/sn85025570/1938-03-31,1,4,6,-2
lccn/sn82015313/1935-01-08,2,4,2,2
lccn/sn82015313/1934-10-17,2,16,9,7
lccn/sn82015313/1934-10-25,2,16,5,11
lccn/sn82015313/1934-05-25,2,12,10,2
lccn/sn82015313/1935-04-02,2,12,9,3
lccn/sn82015313/1935-02-18,1,6,19,-13
lccn/sn82015313/1935-05-07,2,5,4,1
lccn/sn82015313/1935-04-24,2,7,3,4
lccn/sn82015313/1935-12-04,1,3,13,-10
lccn/sn82015313/1936-03-30,2,10,8,2
lccn/sn82015313/1935-09-27,1,5,10,-5
lccn/sn82015313/1935-09-28,1,4,8,-4
lccn/sn90051889/1904-07-16,2,11,1,10
lccn/sn89052040/1922-02-23,1,5,8,-3
lccn/sn89052040/1921-04-07,2,15,4,11
lccn/sn89052040/1919-11-13,1,8,15,-7
lccn/sn89052040/1918-05-23,2,21,7,14
lccn/sn87065528/1943-08-13,1,6,9,-3
lccn/sn87065528/1942-12-11,1,3,4,-1
lccn/sn87065527/1941-05-09,2,6,5,1
lccn/sn87065528/1946-12-27,1,8,8,0
lccn/sn87065528/1946-06-14,1,1,5,-4
lccn/sn87065528/1946-03-15,1,4,5,-1
lccn/sn87065528/1946-07-12,2,5,4,1
lccn/sn87065528/1945-12-21,2,9,1,8
lccn/sn87065528/1948-04-30,2,13,3,10
lccn/sn87065528/1948-05-21,1,6,6,0
lccn/sn87065528/1949-05-20,2,17,6,11
lccn/sn87065528/1949-09-09,2,15,3,12
lccn/sn87065528/1949-08-19,2,8,7,1
lccn/sn87065528/1949-06-03,2,10,2,8
lccn/sn84020064/1926-10-03,2,20,4,16
lccn/sn84020064/1927-03-09,1,3,15,-12
lccn/sn84020064/1926-11-03,1,2,5,-3
lccn/sn84020064/1927-09-29,2,30,9,21
lccn/sn84020064/1928-01-13,2,4,0,4
lccn/sn82015313/1934-03-29,2,10,0,10
lccn/sn84020064/1927-11-16,2,11,6,5
lccn/sn84020064/1928-02-26,2,7,0,7
lccn/sn89052040/1914-01-15,2,12,9,3
lccn/sn89052040/1917-04-05,2,24,3,21
lccn/sn89052040/1917-02-08,2,12,10,2
lccn/sn87065530/1950-11-10,1,11,12,-1
lccn/sn85025570/1938-08-25,1,6,11,-5
lccn/sn85025570/1938-06-09,1,4,4,0
lccn/sn82015313/1930-12-10,2,7,2,5
lccn/sn82015313/1931-04-29,2,7,3,4
lccn/sn82015313/1931-04-01,2,11,0,11
lccn/sn90059142/1919-07-12,1,9,12,-3
lccn/sn90059142/1919-02-22,1,2,4,-2
lccn/sn90059142/1923-07-14,1,12,17,-5
lccn/sn90059142/1918-11-16,2,53,16,37
lccn/sn85025570/1939-06-08,2,10,0,10
lccn/sn85025570/1938-12-15,2,15,4,11
lccn/sn85025570/1937-02-25,2,10,5,5
lccn/sn90060427/1915-04-24,2,16,13,3
lccn/sn90060427/1913-01-11,2,10,5,5
lccn/sn90060427/1918-03-23,1,7,17,-10
lccn/sn89064695/1923-08-16,1,4,6,-2
lccn/sn85025570/1940-04-04,2,14,10,4
lccn/sn82015313/1930-12-03,2,7,0,7
lccn/sn85042379/1943-02-25,2,14,2,12
lccn/sn86075258/1949-01-12,2,7,1,6
lccn/sn86075258/1950-02-22,2,5,4,1
lccn/sn96060774/1945-05-25,2,9,1,8
lccn/sn85042379/1944-09-21,1,1,3,-2
lccn/sn85042379/1944-05-25,1,1,4,-3
lccn/sn85042379/1944-05-25,1,0,4,-4
lccn/sn85042379/1945-12-13,2,12,3,9
lccn/sn85042379/1945-11-22,2,7,2,5
lccn/sn86075113/1922-11-01,2,14,12,2
lccn/sn86075258/1947-05-21,2,14,1,13
lccn/sn86075113/1926-04-09,1,1,5,-4
lccn/sn86075113/1925-10-09,2,11,3,8
lccn/sn96060774/1941-07-11,2,10,5,5
lccn/sn87058235/1904-03-16,1,0,7,-7
lccn/sn87065528/1942-02-13,2,5,2,3
lccn/sn82014519/1915-05-28,2,10,3,7
lccn/sn82014519/1915-06-07,1,8,9,-1
lccn/sn82014519/1915-04-23,2,3,1,2
lccn/sn82014519/1915-05-13,1,11,13,-2
lccn/sn82014519/1915-06-17,2,6,1,5
lccn/sn82014519/1915-03-01,1,9,12,-3
lccn/sn82014519/1914-04-23,1,10,10,0
lccn/sn82014519/1915-12-22,2,7,5,2
lccn/sn87058235/1908-03-25,2,13,4,9
lccn/sn98069043/1912-09-06,1,4,7,-3
lccn/sn86076216/1912-12-28,1,7,7,0
lccn/sn86076216/1912-10-26,2,11,8,3
lccn/sn86091130/1922-02-24,1,9,13,-4
lccn/sn86091130/1923-02-09,1,5,5,0
lccn/sn86091130/1923-08-17,2,11,3,8
lccn/sn86091130/1922-12-15,1,5,5,0
lccn/sn83045012/1921-03-25,2,10,6,4
lccn/sn87058235/1913-08-27,1,0,5,-5
lccn/sn87058235/1915-06-09,2,14,10,4
lccn/sn87058235/1914-05-27,1,9,9,0
lccn/sn87058235/1914-04-22,2,14,4,10
lccn/sn87058235/1914-05-20,1,6,8,-2
lccn/sn87058235/1914-05-20,1,1,5,-4
lccn/sn87058235/1914-02-11,1,3,12,-9
lccn/sn87058235/1914-02-25,2,5,4,1
lccn/sn87058235/1919-03-05,1,0,0,0
lccn/sn87058235/1920-09-01,1,5,7,-2
lccn/sn87058235/1921-10-26,1,2,5,-3
lccn/sn96060774/1935-10-26,1,7,7,0
lccn/sn96060774/1929-05-24,2,14,5,9
lccn/sn96060774/1935-02-02,2,9,8,1
lccn/sn91064011/1910-03-18,1,0,0,0
lccn/sn91064011/1910-05-02,1,7,8,-1
lccn/sn91064011/1910-03-15,2,10,5,5
lccn/sn91064011/1910-03-21,1,5,5,0
lccn/sn91064010/1909-05-29,2,13,10,3
lccn/sn91064010/1909-06-08,1,1,3,-2
lccn/sn91064009/1909-02-02,2,18,7,11
lccn/sn91064011/1910-01-04,1,4,10,-6
lccn/sn91064011/1909-12-02,1,2,7,-5
lccn/sn91064010/1909-11-22,2,9,5,4
lccn/sn96060774/1943-06-11,2,8,6,2
lccn/sn89055248/1916-11-17,2,7,4,3
lccn/sn89053987/1883-02-21,2,9,1,8
lccn/sn89053987/1882-01-04,1,0,0,0
lccn/sn89053987/1884-01-16,2,16,2,14
lccn/sn89053987/1884-02-06,2,30,10,20
lccn/sn89053987/1884-02-13,2,10,3,7
lccn/sn89053987/1884-02-20,2,10,0,10
lccn/sn83045012/1926-07-23,1,8,8,0
lccn/sn86075272/1932-02-26,2,12,7,5
lccn/sn86075272/1932-03-04,2,4,3,1
lccn/sn86075272/1932-03-04,1,2,2,0
lccn/sn86075272/1931-01-30,1,7,8,-1
lccn/sn86075272/1932-02-12,2,2,1,1
lccn/sn86075272/1932-02-12,1,2,5,-3
lccn/sn86075272/1931-11-13,2,4,2,2
lccn/sn86075272/1931-11-13,1,3,9,-6
lccn/sn86075272/1931-11-20,1,6,6,0
lccn/sn86075272/1932-04-15,2,7,2,5
lccn/sn86075272/1932-04-15,1,5,5,0
lccn/sn86075272/1923-11-22,2,3,0,3
lccn/sn86075272/1923-10-11,2,8,7,1
lccn/sn86075272/1927-05-27,1,4,4,0
lccn/sn86075272/1927-04-15,1,7,8,-1
lccn/sn86075272/1924-05-22,2,33,9,24
lccn/sn86075272/1922-02-09,2,6,0,6
lccn/sn86075272/1927-02-11,2,16,6,10
lccn/sn86075272/1927-09-16,1,0,1,-1
lccn/sn86075272/1930-04-11,1,2,6,-4
lccn/sn86075272/1930-11-07,2,15,4,11
lccn/sn86075272/1930-10-31,2,16,6,10
lccn/sn86075272/1930-12-12,2,6,5,1
lccn/sn86075272/1926-04-08,2,7,6,1
lccn/sn85053343/1923-10-18,1,8,16,-8
lccn/sn86075272/1921-04-21,2,12,7,5
lccn/sn86075272/1931-09-04,2,10,3,7
lccn/sn86075272/1931-07-10,1,0,0,0
lccn/sn86075272/1931-03-27,1,4,6,-2
lccn/sn93065779/1945-09-03,1,7,7,0
lccn/sn84022761/1877-08-31,1,4,5,-1
lccn/sn2001063566/1884-09-,1,0,1,-1
lccn/sn84022060/1880-07-31,2,4,3,1
lccn/sn84022060/1880-08-02,1,7,7,0
lccn/sn84022060/1880-08-03,2,15,1,14
lccn/sn84022060/1880-07-26,2,12,3,9
lccn/sn84022060/1880-07-27,2,7,2,5
lccn/sn84022060/1880-07-28,1,6,8,-2
lccn/sn84022060/1880-07-29,1,4,4,0
lccn/sn84022060/1880-07-30,1,6,6,0
lccn/sn84022060/1880-07-23,2,13,3,10
lccn/sn84022060/1880-08-11,2,10,4,6
lccn/sn84022060/1880-08-07,2,10,4,6
lccn/sn84022060/1880-08-10,2,9,3,6
lccn/sn84022060/1880-08-05,2,21,1,20
lccn/sn84022060/1880-08-04,1,7,13,-6
lccn/sn78000533/1940-07-25,1,2,4,-2
lccn/sn78000533/1942-05-21,2,8,7,1
lccn/sn93065779/1936-11-23,2,16,5,11
lccn/sn93065779/1943-03-04,1,4,12,-8
lccn/sn93065779/1945-04-02,1,1,2,-1
lccn/sn93065779/1945-02-01,1,2,3,-1
lccn/sn86072021/1888-06-14,1,0,0,0
lccn/sn88085350/1891-11-14,2,3,2,1
lccn/sn90051006/1910-09-17,2,18,2,16
lccn/sn90051006/1910-10-29,2,15,5,10
lccn/sn90051006/1911-04-29,2,20,4,16
lccn/sn90051006/1914-09-26,2,17,6,11
lccn/sn90051006/1908-09-12,2,13,2,11
lccn/sn91064011/1912-11-20,2,19,10,9
lccn/sn91064011/1912-12-12,1,7,12,-5
lccn/sn90051006/1917-02-02,1,15,16,-1
lccn/sn91064011/1912-11-09,1,9,9,0
lccn/sn86072192/1898-09-01,2,16,3,13
lccn/sn86072192/1899-02-23,1,3,4,-1
lccn/sn86072192/1899-01-11,2,16,11,5
lccn/sn86072192/1899-06-02,1,0,6,-6
lccn/sn86072192/1899-04-13,2,6,1,5
lccn/sn86072192/1900-05-01,2,27,3,24
lccn/sn91064011/1912-10-23,1,2,9,-7
lccn/sn91064011/1912-10-16,1,7,8,-1
lccn/sn91064011/1912-05-25,2,12,0,12
lccn/sn91064011/1911-02-25,2,10,1,9
lccn/sn91064011/1911-02-24,2,7,1,6
lccn/sn91064011/1911-02-16,2,11,2,9
lccn/sn91064011/1912-05-16,2,8,0,8
lccn/sn91064011/1911-01-23,2,14,5,9
lccn/sn91064011/1911-05-24,2,5,3,2
lccn/sn91064011/1911-05-12,1,3,9,-6
lccn/sn91064011/1912-02-08,2,13,4,9
lccn/sn91064011/1911-09-21,2,12,9,3
lccn/sn91064011/1911-10-05,1,0,0,0
lccn/sn89055128/1923-05-03,2,14,4,10
lccn/sn89055128/1922-10-25,1,8,10,-2
lccn/sn89055128/1922-04-03,2,5,4,1
lccn/sn89055128/1922-02-25,2,22,10,12
lccn/sn89055128/1922-05-09,2,11,8,3
lccn/sn89055128/1918-02-27,2,10,6,4
lccn/sn89055128/1920-12-13,2,5,4,1
lccn/sn89055128/1923-05-10,1,7,7,0
lccn/sn89055128/1923-02-12,2,2,1,1
lccn/sn89055128/1923-10-11,2,7,4,3
lccn/sn89055128/1923-01-18,2,8,2,6
lccn/sn84036287/1938-04-29,2,4,1,3
lccn/sn84036287/1942-05-01,1,4,6,-2
lccn/sn84036287/1944-08-17,2,4,0,4
lccn/sn84036287/1944-08-10,1,0,0,0
lccn/sn84036287/1938-06-03,2,5,3,2
lccn/sn84036287/1938-12-23,2,4,3,1
lccn/sn84027524/1950-06-09,2,6,4,2
lccn/sn84036287/1943-06-04,1,6,8,-2
lccn/2018270203/1900-06-29,2,8,7,1
lccn/2018270203/1903-04-24,2,16,4,12
lccn/sn86072192/1901-11-08,1,0,0,0
lccn/sn90051006/1906-04-14,1,3,4,-1
lccn/sn85059591/1921-07-07,1,0,0,0
lccn/sn85059591/1922-03-16,2,15,3,12
lccn/sn86092392/1907-02-13,2,10,6,4
lccn/sn86092392/1915-02-10,1,3,10,-7
lccn/sn87076742/1949-05-13,1,1,4,-3
lccn/sn87076742/1949-08-19,1,4,4,0
lccn/sn87076742/1950-08-04,1,7,13,-6
lccn/sn87076742/1948-10-01,2,8,4,4
lccn/sn82007642/1930-05-22,2,13,1,12
lccn/sn82007642/1930-06-26,2,10,6,4
lccn/sn82007642/1930-05-08,2,16,6,10
lccn/sn82007642/1930-04-17,1,4,9,-5
lccn/sn82007642/1928-12-06,2,11,1,10
lccn/sn82007642/1928-04-26,2,5,2,3
lccn/sn82007642/1928-04-26,1,3,3,0
lccn/sn87076742/1948-07-30,1,5,8,-3
lccn/sn87076742/1948-08-06,1,4,8,-4
lccn/sn87076742/1948-06-04,2,4,0,4
lccn/sn87076742/1948-04-23,2,8,2,6
lccn/2018270203/1916-02-17,2,6,1,5
lccn/2018270203/1916-02-03,2,14,5,9
lccn/sn82007642/1926-10-21,2,13,1,12
lccn/sn82007642/1926-12-02,2,6,5,1
lccn/sn82007642/1933-02-23,2,16,6,10
lccn/sn82007642/1933-04-27,2,10,3,7
lccn/sn85038485/1903-06-24,2,19,12,7
lccn/sn85038485/1902-12-30,2,8,5,3
lccn/sn85038485/1903-11-27,2,6,4,2
lccn/sn85038485/1902-09-05,1,11,11,0
lccn/sn85038485/1902-05-21,2,5,3,2
lccn/sn89055082/1914-12-10,2,18,5,13
lccn/sn89055128/1912-04-26,2,11,1,10
lccn/sn89055128/1912-05-27,2,8,4,4
lccn/sn89055128/1914-01-21,2,9,6,3
lccn/sn89055128/1914-03-04,2,6,5,1
lccn/sn86072192/1902-01-12,1,5,8,-3
lccn/sn86072192/1901-09-23,1,7,11,-4
lccn/sn86072192/1900-09-09,1,3,11,-8
lccn/sn86072192/1900-09-07,2,22,3,19
lccn/sn90051333/1919-03-06,2,15,8,7
lccn/sn90051333/1918-12-05,1,3,6,-3
lccn/sn90051333/1919-09-04,2,14,5,9
lccn/sn90051333/1917-11-01,1,5,5,0
lccn/sn90051333/1918-03-21,2,11,4,7
lccn/sn90051333/1918-03-07,1,6,7,-1
lccn/sn90051333/1919-07-03,2,5,4,1
lccn/sn90051333/1919-10-09,2,7,6,1
lccn/sn90051333/1914-11-19,1,5,6,-1
lccn/sn90051333/1920-05-13,2,7,1,6
lccn/sn90051333/1913-05-08,2,14,2,12
lccn/sn90051333/1915-02-25,2,8,5,3
lccn/sn90051333/1916-05-11,1,4,9,-5
lccn/sn90051333/1916-03-23,1,1,4,-3
lccn/sn90051333/1915-09-23,2,10,1,9
lccn/sn90051333/1916-05-18,2,9,5,4
lccn/sn90051333/1917-09-27,1,4,5,-1
lccn/sn90051333/1918-02-14,2,13,10,3
lccn/sn90051333/1917-10-11,2,4,1,3
lccn/sn85067315/1911-04-13,2,22,4,18
lccn/sn85067315/1911-06-01,2,10,2,8
lccn/sn90051333/1913-06-05,2,16,5,11
lccn/sn90051333/1920-03-04,2,5,4,1
lccn/sn90051333/1919-02-20,1,4,11,-7
lccn/sn85067315/1910-09-15,1,1,1,0
lccn/sn90051333/1917-04-26,2,3,1,2
lccn/sn90051333/1916-11-16,2,6,2,4
lccn/2018270203/1912-07-25,2,9,4,5
lccn/2018270203/1912-05-09,2,19,13,6
lccn/2018270203/1906-01-11,2,6,1,5
lccn/2018270203/1913-08-07,2,8,5,3
lccn/2018270203/1897-02-05,2,7,3,4
lccn/2018270203/1917-09-13,2,8,5,3
lccn/sn90051265/1913-04-04,2,15,2,13
lccn/sn90051265/1915-11-05,2,10,5,5
lccn/sn90051265/1911-10-20,2,10,9,1
lccn/sn90051265/1914-07-03,2,15,4,11
lccn/2018270203/1907-08-08,1,5,5,0
lccn/2018270203/1907-05-16,2,11,6,5
lccn/2018270203/1907-05-02,2,7,1,6
lccn/2018270203/1910-05-19,2,8,2,6
lccn/2018270203/1899-11-17,1,0,0,0
lccn/2018270203/1908-10-15,2,13,6,7
lccn/2018270203/1909-02-11,1,4,5,-1
lccn/sn89055082/1918-05-02,1,0,0,0
lccn/sn89055082/1921-04-28,2,7,2,5
lccn/sn89055082/1921-04-21,2,12,5,7
lccn/sn89055082/1921-04-07,2,18,3,15
lccn/sn89055082/1921-03-03,1,2,5,-3
lccn/sn89055082/1922-01-19,2,21,8,13
lccn/sn89055082/1923-01-25,2,10,5,5
lccn/sn89055082/1923-12-06,2,5,2,3
lccn/sn88085101/1923-06-01,2,20,9,11
lccn/sn86066870/1907-12-18,2,15,3,12
lccn/sn86066870/1907-10-23,1,9,9,0
lccn/sn87093042/1919-01-09,2,6,5,1
lccn/sn84036287/1937-02-26,2,9,4,5
lccn/sn84036286/1936-04-08,2,11,5,6
lccn/sn84036286/1936-04-24,1,13,16,-3
lccn/sn84036286/1935-06-05,1,7,10,-3
lccn/sn95060856/1919-08-01,1,6,6,0
lccn/sn95060578/1917-10-06,2,9,4,5
lccn/sn95060578/1919-09-27,2,4,0,4
lccn/sn95060578/1920-09-11,2,14,13,1
lccn/sn83025186/1907-06-14,1,11,11,0
lccn/sn85049804/1918-02-15,1,4,6,-2
lccn/sn85049804/1917-03-02,2,9,5,4
lccn/sn85049804/1917-07-13,1,3,9,-6
lccn/sn83025186/1915-05-07,1,5,5,0
lccn/sn85038485/1907-11-10,1,0,0,0
lccn/sn85038485/1907-11-24,2,10,5,5
lccn/sn84024055/1925-03-07,1,2,6,-4
lccn/sn85038485/1906-05-13,1,3,8,-5
lccn/sn85038485/1906-10-14,2,13,6,7
lccn/sn85038485/1906-07-01,2,8,5,3
lccn/sn85038485/1906-09-14,2,3,2,1
lccn/sn85038485/1906-08-26,2,25,21,4
lccn/sn85038485/1906-06-19,2,10,7,3
lccn/sn85038485/1906-12-16,1,0,0,0
lccn/sn85038485/1906-12-21,1,0,0,0
lccn/sn85038485/1906-12-29,2,14,9,5
lccn/sn85038485/1907-01-04,2,11,1,10
lccn/sn85038485/1907-05-19,1,10,22,-12
lccn/sn85038485/1907-06-09,2,8,3,5
lccn/sn84022374/1903-08-05,2,19,5,14
lccn/sn84022374/1911-01-11,1,3,6,-3
lccn/sn84022374/1912-06-26,1,4,11,-7
lccn/sn84022374/1909-10-27,1,0,0,0
lccn/sn84022374/1916-01-12,1,7,10,-3
lccn/sn84022374/1916-03-29,1,2,2,0
lccn/sn84022374/1918-02-13,2,7,6,1
lccn/sn84022374/1918-01-16,1,0,0,0
lccn/sn84022374/1919-12-17,2,13,5,8
lccn/sn84022374/1920-08-04,2,9,5,4
lccn/sn96077287/1942-01-24,1,0,0,0
lccn/sn96077287/1941-09-26,1,1,6,-5
lccn/sn96077289/1942-06-15,1,5,11,-6
lccn/sn96077287/1941-09-19,2,9,5,4
lccn/sn96077289/1942-05-14,1,4,4,0
lccn/sn96077289/1942-04-24,2,11,3,8
lccn/sn96077289/1942-06-02,2,5,3,2
lccn/sn96077287/1941-06-14,1,6,7,-1
lccn/sn96077287/1941-06-07,2,6,5,1
lccn/sn96077287/1941-06-23,2,4,2,2
lccn/sn96077289/1943-04-23,1,13,14,-1
lccn/sn96077287/1942-03-18,1,3,5,-2
lccn/sn96077289/1942-10-02,2,8,3,5
lccn/sn96077289/1942-10-28,2,8,5,3
lccn/sn96077289/1942-10-31,2,12,4,8
lccn/sn96077289/1943-12-14,2,4,1,3
lccn/sn96077289/1945-03-02,1,5,9,-4
lccn/sn96077289/1945-01-05,2,4,3,1
lccn/sn96077289/1944-05-16,2,12,6,6
lccn/sn86076247/1918-06-08,2,6,5,1
lccn/2010270509/1928-02-02,1,2,2,0
lccn/sn86076247/1917-03-22,1,7,8,-1
lccn/sn85053024/1919-09-05,1,11,30,-19
lccn/sn85053024/1920-09-24,2,13,2,11
lccn/sn85053024/1920-04-23,2,16,5,11
lccn/sn85053024/1923-02-23,2,9,3,6
lccn/sn86063147/1906-10-31,2,11,4,7
lccn/sn86063147/1906-12-12,2,2,1,1
lccn/sn82015313/1924-11-08,2,5,2,3
lccn/sn82015313/1925-01-15,2,6,5,1
lccn/sn89080007/1915-05-21,2,21,20,1
lccn/sn82015313/1923-09-13,1,3,5,-2
lccn/sn82015313/1923-10-05,2,2,1,1
lccn/sn82015313/1922-10-05,1,3,7,-4
lccn/sn82015313/1922-11-06,1,10,13,-3
lccn/sn82015313/1922-10-19,2,6,5,1
lccn/sn82015313/1922-10-23,2,14,4,10
lccn/sn82015313/1923-06-07,1,4,6,-2
lccn/sn82015313/1923-11-16,2,3,1,2
lccn/sn82015313/1923-02-14,2,6,3,3
lccn/sn85053053/1947-12-05,1,5,7,-2
lccn/sn85053053/1947-05-30,1,1,1,0
lccn/sn85053024/1917-08-24,2,9,1,8
lccn/sn85053024/1924-11-14,2,10,3,7
lccn/sn89080007/1921-05-27,2,5,0,5
lccn/sn88061252/1950-09-15,1,4,11,-7
lccn/sn91055455/1949-09-10,2,13,7,6
lccn/sn91064011/1913-06-02,1,3,8,-5
lccn/sn91064011/1913-05-07,1,3,6,-3
lccn/sn91064011/1913-03-25,1,0,0,0
lccn/sn91064011/1913-01-29,2,11,5,6
lccn/sn91064011/1913-01-20,2,9,6,3
lccn/sn91064011/1913-01-15,1,1,2,-1
lccn/sn91064011/1913-04-11,2,20,11,9
lccn/sn91064011/1913-09-05,2,5,2,3
lccn/sn87075008/1929-12-12,1,5,5,0
lccn/sn87075008/1925-04-16,2,6,5,1
lccn/sn87075008/1930-05-22,2,8,4,4
lccn/sn87075008/1929-11-28,2,6,5,1
lccn/sn87075008/1933-11-30,2,6,3,3
lccn/sn87075008/1933-05-18,2,13,2,11
lccn/sn87075008/1933-11-02,2,20,8,12
lccn/sn87075008/1932-03-10,2,11,8,3
lccn/sn87075008/1932-04-07,2,4,3,1
lccn/sn87075008/1932-12-01,1,4,5,-1
lccn/sn87075008/1936-05-21,2,12,6,6
lccn/sn87075008/1936-06-25,1,5,8,-3
lccn/sn87075008/1936-09-17,2,6,4,2
lccn/sn87075008/1930-05-29,2,17,10,7
lccn/sn87075008/1939-08-31,2,6,3,3
lccn/sn87075008/1939-05-25,2,17,4,13
lccn/sn87075008/1939-09-14,2,6,2,4
lccn/sn87075008/1938-01-06,2,8,4,4
lccn/sn87075008/1935-01-24,2,14,9,5
lccn/sn87075008/1934-04-05,2,4,2,2
lccn/sn87075008/1934-09-20,2,6,5,1
lccn/sn87075008/1934-09-13,2,4,2,2
lccn/sn87075008/1935-08-22,2,7,6,1
lccn/sn87075008/1934-03-29,2,12,4,8
lccn/sn87075008/1934-05-10,2,20,3,17
lccn/sn87075008/1940-03-21,1,4,4,0
lccn/sn87075008/1940-01-04,1,8,19,-11
lccn/sn87075008/1942-06-04,1,1,1,0
lccn/sn87075008/1942-06-18,1,2,4,-2
lccn/sn87075008/1942-04-23,2,3,2,1
lccn/sn87075008/1942-10-15,2,5,1,4
lccn/sn87075008/1942-08-27,1,4,4,0
lccn/sn87075008/1942-09-03,1,5,7,-2
lccn/sn87075008/1922-11-30,2,8,2,6
lccn/sn87075008/1943-01-07,2,6,1,5
lccn/sn87075008/1942-08-06,2,12,6,6
lccn/sn87075008/1923-12-20,1,0,0,0
lccn/sn91064011/1914-10-03,1,4,5,-1
lccn/sn85038485/1905-07-10,2,22,7,15
lccn/sn85038485/1905-09-13,1,0,0,0
lccn/sn86063730/1920-06-25,1,1,5,-4
lccn/sn86063730/1920-01-13,2,23,5,18
lccn/sn86063730/1920-04-09,2,9,2,7
lccn/sn86063730/1920-02-06,1,2,11,-9
lccn/sn91064011/1914-05-27,1,2,5,-3
lccn/sn86063730/1923-03-25,2,2,1,1
lccn/sn86063730/1923-05-13,1,0,0,0
lccn/sn86063730/1923-08-19,1,6,7,-1
lccn/sn86063730/1923-10-02,1,8,8,0
lccn/sn86063730/1922-05-17,1,2,9,-7
lccn/sn86063730/1922-11-05,1,5,7,-2
lccn/sn85038485/1905-05-30,2,15,2,13
lccn/sn85038485/1904-09-17,2,8,2,6
lccn/sn85038485/1904-05-21,2,12,2,10
lccn/sn85038485/1904-11-13,2,20,5,15
lccn/sn83025186/1911-07-07,2,23,2,21
lccn/sn83025186/1911-07-07,1,2,5,-3
lccn/sn86076224/1903-07-11,1,6,8,-2
lccn/sn86076224/1903-10-22,2,13,7,6
lccn/sn86076356/1908-12-15,1,6,7,-1
lccn/sn86076356/1909-09-07,1,4,4,0
lccn/sn86076224/1903-08-31,1,10,10,0
lccn/sn86076247/1912-03-12,2,5,0,5
lccn/sn86076247/1911-08-24,2,11,2,9
lccn/sn86076247/1911-09-05,1,3,7,-4
lccn/sn86076247/1916-02-08,2,7,3,4
lccn/sn86076247/1915-09-02,2,12,1,11
lccn/sn86076247/1915-05-20,2,14,3,11
lccn/sn88077521/1950-12-12,2,5,4,1
lccn/sn86063730/1916-03-18,1,7,19,-12
lccn/sn86090369/1917-02-21,1,2,5,-3
lccn/sn86063730/1915-01-16,1,5,12,-7
lccn/sn86063730/1915-04-27,2,4,3,1
lccn/sn85038485/1909-01-10,2,4,1,3
lccn/sn85038485/1909-02-05,2,11,8,3
lccn/sn85038485/1909-02-14,1,10,10,0
lccn/sn85038485/1909-02-14,2,7,2,5
lccn/sn85038485/1908-09-20,2,19,11,8
lccn/sn85038485/1908-07-10,1,0,0,0
lccn/sn85038485/1908-07-31,2,16,1,15
lccn/sn85038485/1908-11-01,1,3,10,-7
lccn/sn85038485/1908-07-18,2,21,1,20
lccn/sn85038485/1908-03-12,2,7,4,3
lccn/sn85038485/1908-05-02,2,32,2,30
lccn/sn82006551/1935-10-10,2,5,1,4
lccn/sn82006551/1937-05-20,2,2,0,2
lccn/sn82006551/1935-12-05,1,5,9,-4
lccn/sn85053376/1933-01-19,2,15,9,6
lccn/sn82006551/1935-05-30,2,15,4,11
lccn/sn82006551/1934-03-15,2,8,1,7
lccn/sn82006551/1934-05-24,2,14,5,9
lccn/sn82006551/1933-12-21,2,6,3,3
lccn/sn82006551/1934-11-29,2,11,3,8
lccn/sn82006551/1934-10-25,2,11,2,9
lccn/sn82006551/1934-11-01,2,14,2,12
lccn/sn84036285/1931-06-18,2,10,4,6
lccn/sn84036285/1931-05-14,1,5,8,-3
lccn/sn85042104/1900-08-31,1,13,13,0
lccn/sn85042104/1899-08-24,1,0,0,0
lccn/sn85042104/1899-05-21,2,7,3,4
lccn/sn85042104/1899-05-24,2,9,2,7
lccn/sn96090217/1921-07-29,2,7,3,4
lccn/sn96090217/1921-01-21,2,20,16,4
lccn/sn96090217/1923-07-27,2,3,0,3
lccn/sn85042104/1896-12-06,2,11,4,7
lccn/sn85042104/1896-11-15,2,6,2,4
lccn/sn85042104/1896-11-29,2,18,5,13
lccn/sn85042104/1896-09-13,2,16,1,15
lccn/sn85042104/1896-08-23,2,12,5,7
lccn/sn85042104/1896-10-25,2,19,11,8
lccn/sn85042104/1896-10-18,1,12,16,-4
lccn/sn85042104/1896-10-04,2,14,10,4
lccn/sn85042104/1896-09-06,2,11,7,4
lccn/sn85042104/1896-09-20,2,10,3,7
lccn/sn85042104/1896-11-22,1,10,11,-1
lccn/sn85042104/1896-07-26,2,10,6,4
lccn/sn85042104/1896-04-05,2,21,5,16
lccn/sn85042104/1896-07-16,2,10,8,2
lccn/sn85042104/1896-06-02,2,12,3,9
lccn/sn85042104/1895-12-28,2,2,1,1
lccn/sn99062018/1918-06-06,1,6,8,-2
lccn/sn99062018/1918-04-25,2,6,3,3
lccn/sn85042104/1898-08-30,1,3,4,-1
lccn/sn85042104/1898-08-23,2,6,4,2
lccn/sn85042104/1898-08-27,2,31,5,26
lccn/sn85042104/1898-08-18,2,31,6,25
lccn/sn85042104/1898-08-24,2,11,3,8
lccn/sn85042104/1898-08-25,2,25,5,20
lccn/sn85042104/1898-09-06,2,18,7,11
lccn/sn85042104/1898-09-06,2,16,6,10
lccn/sn85042104/1898-09-10,1,19,20,-1
lccn/sn85042104/1898-09-15,2,12,3,9
lccn/sn85042104/1898-12-29,1,7,9,-2
lccn/sn85042104/1897-04-25,2,21,3,18
lccn/sn85042104/1897-03-21,2,21,2,19
lccn/sn85042104/1897-10-10,2,16,11,5
lccn/sn86075141/1949-01-06,2,19,10,9
lccn/sn86075141/1948-09-23,1,3,4,-1
lccn/sn86075141/1950-10-12,2,13,11,2
lccn/sn86075141/1939-07-13,2,13,1,12
lccn/sn84036286/1933-08-30,1,3,5,-2
lccn/sn86075293/1934-08-09,2,14,10,4
lccn/sn86075293/1929-08-29,2,13,5,8
lccn/sn86075293/1930-04-10,2,9,4,5
lccn/sn86075293/1928-08-30,1,8,9,-1
lccn/sn86075293/1928-11-08,2,5,1,4
lccn/sn86075293/1927-01-14,2,10,9,1
lccn/sn84036286/1932-05-19,2,3,1,2
lccn/sn84036286/1932-05-19,2,6,0,6
lccn/sn84036286/1932-05-26,1,6,8,-2
lccn/sn86075293/1928-04-20,2,20,14,6
lccn/sn86075293/1935-04-11,2,12,9,3
lccn/sn86075293/1936-12-17,2,5,0,5
lccn/sn86075293/1937-06-17,2,6,3,3
lccn/sn86075293/1932-10-27,2,8,5,3
lccn/sn82006551/1936-08-06,2,11,6,5
lccn/sn84036285/1929-02-14,2,3,2,1
lccn/sn84036285/1929-10-31,1,0,0,0
lccn/sn84036285/1930-03-27,2,4,1,3
lccn/sn84036285/1930-12-11,2,15,5,10
lccn/sn82006551/1941-02-06,2,15,6,9
lccn/sn82006551/1940-12-12,2,29,7,22
lccn/sn82006551/1933-08-17,2,7,0,7
lccn/sn82006551/1938-07-21,2,17,12,5
lccn/sn82006551/1939-11-23,1,2,6,-4
lccn/sn82006551/1940-02-15,1,4,6,-2
lccn/sn82006551/1944-06-15,2,4,2,2
lccn/sn82006551/1942-02-12,2,10,5,5
lccn/sn82006551/1944-02-24,2,4,3,1
lccn/sn84036285/1927-05-26,1,1,5,-4
lccn/sn84036285/1927-02-10,1,2,4,-2
lccn/sn84036285/1927-03-10,1,1,3,-2
lccn/sn84036285/1926-12-16,2,5,0,5
lccn/sn84036285/1926-10-07,2,19,5,14
lccn/sn82006551/1945-10-18,1,13,15,-2
lccn/sn82006551/1945-12-20,2,18,3,15
lccn/sn85038485/1909-04-17,2,10,7,3
lccn/sn85038485/1909-04-15,2,52,14,38
lccn/sn85038485/1909-04-09,2,10,2,8
lccn/sn85038485/1908-03-08,2,7,3,4
lccn/sn85053376/1930-02-20,2,30,10,20
lccn/sn85053376/1929-11-21,2,6,5,1
lccn/sn85053376/1930-01-16,1,13,15,-2
lccn/sn85053376/1930-09-11,2,6,4,2
lccn/sn85053376/1931-10-15,2,4,2,2
lccn/sn85053376/1931-05-28,1,0,0,0
lccn/sn85053376/1932-04-28,2,13,4,9
lccn/sn85053376/1930-11-20,2,17,8,9
lccn/sn85053376/1932-12-01,2,23,6,17
lccn/sn96060866/1940-04-06,1,5,5,0
lccn/sn96060866/1942-02-07,2,13,5,8
lccn/sn83025514/1923-05-19,2,4,1,3
lccn/sn83025514/1915-05-08,1,2,8,-6
lccn/sn85042104/1902-12-06,2,6,1,5
lccn/sn85042104/1904-06-11,2,16,8,8
lccn/sn85042104/1903-08-06,1,6,7,-1
lccn/sn85042104/1903-04-12,1,7,9,-2
lccn/sn91064011/1915-11-17,2,11,6,5
lccn/sn91064011/1915-07-30,2,13,5,8
lccn/sn91064011/1915-08-28,2,11,3,8
lccn/sn91064011/1915-06-11,2,8,7,1
lccn/sn91064011/1915-05-26,1,2,8,-6
lccn/sn91064011/1915-04-09,2,7,4,3
lccn/sn91064011/1915-03-11,2,18,8,10
lccn/sn85042104/1905-01-03,1,0,0,0
lccn/sn85042104/1905-08-01,2,17,5,12
lccn/sn85042104/1905-10-15,1,0,0,0
lccn/sn85042104/1904-12-04,2,18,7,11
lccn/sn85042104/1905-07-09,2,9,7,2
lccn/sn91064011/1915-12-18,2,24,4,20
lccn/sn85038485/1910-05-08,1,6,7,-1
lccn/sn85038485/1910-08-18,2,12,7,5
lccn/sn85038485/1910-07-19,1,2,9,-7
lccn/sn85038485/1910-02-24,1,6,12,-6
lccn/sn85038485/1910-01-02,2,12,6,6
lccn/sn85038485/1910-01-03,2,13,3,10
lccn/sn85038485/1910-01-06,1,7,9,-2
lccn/sn85038485/1910-01-07,2,3,0,3
lccn/sn85038485/1910-01-07,2,8,5,3
lccn/sn86063730/1927-09-04,1,8,11,-3
lccn/sn87058308/1901-06-13,2,8,7,1
lccn/sn87058308/1901-06-13,1,7,8,-1
lccn/sn87058308/1902-05-01,2,21,8,13
lccn/sn87058308/1902-09-11,1,0,0,0
lccn/sn87058308/1902-10-09,2,28,22,6
lccn/sn87058308/1902-10-09,2,28,18,10
lccn/sn87058308/1903-09-17,2,15,4,11
lccn/sn87093377/1934-07-26,2,6,3,3
lccn/sn87093377/1948-11-03,2,9,2,7
lccn/sn87093377/1940-12-13,1,2,6,-4
lccn/sn87093377/1949-07-20,1,0,0,0
lccn/sn86076270/1904-05-05,1,5,12,-7
lccn/sn87075277/1950-08-17,1,0,0,0
lccn/sn87075277/1949-06-30,1,4,8,-4
lccn/sn87075277/1946-09-19,2,6,4,2
lccn/sn87075277/1946-05-09,2,7,5,2
lccn/sn86076247/1922-11-18,1,7,9,-2
lccn/sn85038485/1911-10-12,2,15,12,3
lccn/sn85038485/1912-06-08,2,5,4,1
lccn/sn85038485/1912-04-06,2,15,7,8
lccn/sn85038485/1912-08-28,2,10,0,10
lccn/sn96090217/1918-05-24,2,5,4,1
lccn/sn85038485/1912-09-01,1,3,12,-9
lccn/sn97065763/1903-05-02,1,0,0,0
lccn/sn97065763/1900-11-24,1,6,8,-2
lccn/sn97065763/1900-09-29,2,20,5,15
lccn/sn97065763/1902-12-13,2,15,10,5
lccn/sn97065763/1903-03-28,2,2,1,1
lccn/sn97065763/1904-01-30,1,4,6,-2
lccn/sn99062018/1913-11-13,1,5,13,-8
lccn/sn90053049/1895-06-22,2,12,4,8
lccn/sn93062828/1948-09-18,1,3,4,-1
lccn/sn94056415/1894-09-21,2,24,13,11
lccn/sn94056415/1893-10-06,2,11,1,10
lccn/sn94056446/1910-03-04,2,1,0,1
lccn/sn94056446/1910-11-18,1,12,17,-5
lccn/sn94056446/1910-01-28,2,10,9,1
lccn/sn93062828/1934-11-10,2,13,10,3
lccn/sn93062828/1935-06-22,2,11,6,5
lccn/sn93062828/1935-06-22,1,9,11,-2
lccn/sn93062828/1936-11-28,2,12,2,10
lccn/sn93062828/1934-10-13,2,6,1,5
lccn/sn93062828/1941-12-06,1,9,10,-1
lccn/sn94054571/1915-12-11,1,8,9,-1
lccn/sn94054571/1916-05-06,2,17,2,15
lccn/sn90053038/1879-08-01,1,3,7,-4
lccn/sn86076247/1923-02-01,1,0,0,0
lccn/sn86076247/1923-01-25,1,2,6,-4
lccn/sn86091319/1888-02-01,2,8,5,3
lccn/sn86091319/1898-03-30,2,9,5,4
lccn/sn86091319/1902-02-21,2,12,7,5
lccn/sn86091319/1904-02-05,1,0,0,0
lccn/sn86091319/1922-03-18,1,8,11,-3
lccn/sn91068401/1936-11-25,2,11,7,4
lccn/sn91068401/1936-09-10,2,8,7,1
lccn/sn91068401/1936-09-14,2,10,5,5
lccn/sn91068401/1937-08-30,2,11,6,5
lccn/sn91068401/1938-04-16,2,15,0,15
lccn/sn91068401/1939-09-15,2,7,3,4
lccn/sn91068401/1939-09-09,1,4,8,-4
lccn/sn83025514/1909-01-09,1,7,7,0
lccn/sn83025514/1912-07-06,2,8,4,4
lccn/sn85038485/1911-05-28,1,5,6,-1
lccn/sn85038485/1911-06-04,2,7,4,3
lccn/sn85038485/1912-02-25,2,33,8,25
lccn/sn85038485/1912-04-24,1,15,17,-2
lccn/sn86063730/1925-10-11,2,3,2,1
lccn/sn86063730/1925-09-06,2,13,12,1
lccn/sn86063730/1925-11-02,1,1,11,-10
lccn/sn86063730/1926-03-25,2,4,3,1
lccn/sn86063730/1925-04-19,2,7,3,4
lccn/sn86063730/1927-02-22,2,27,2,25
lccn/sn86063730/1926-10-23,2,11,6,5
lccn/sn86063730/1927-02-27,1,6,6,0
lccn/sn86063730/1927-06-08,1,10,15,-5
lccn/sn86063730/1927-05-28,1,5,6,-1
lccn/sn86063730/1927-06-04,2,6,5,1
lccn/sn86063730/1927-04-29,2,8,4,4
lccn/sn86063730/1927-03-25,1,1,4,-3
lccn/sn86063730/1926-10-06,2,6,5,1
lccn/sn86063730/1926-09-28,2,12,11,1
lccn/sn86063730/1926-09-29,2,9,3,6
lccn/sn86063730/1926-08-09,1,9,9,0
lccn/sn85042104/1897-06-13,2,12,7,5
lccn/sn85042104/1897-06-27,2,19,12,7
lccn/sn85042104/1896-12-30,2,12,6,6
lccn/sn85042104/1896-12-27,2,19,5,14
lccn/sn85042104/1896-12-13,1,7,7,0
lccn/sn85042104/1896-12-20,2,9,5,4
lccn/sn85038485/1910-12-21,1,0,0,0
lccn/sn85038485/1911-02-05,1,0,0,0
lccn/sn85038485/1910-05-26,2,12,4,8
lccn/sn85038485/1910-04-20,2,5,0,5
lccn/sn85038485/1910-04-20,1,5,15,-10
lccn/sn85038485/1911-04-09,2,20,8,12
lccn/sn85042104/1897-01-17,2,15,10,5
lccn/sn85042104/1897-02-28,2,15,1,14
lccn/sn85042104/1897-01-03,2,13,7,6
lccn/2010270509/1930-06-26,1,0,5,-5
lccn/2010270509/1930-05-01,2,13,12,1
lccn/2010270509/1932-03-17,2,9,3,6
lccn/2010270509/1932-04-28,2,13,7,6
lccn/2010270509/1933-05-04,2,9,2,7
lccn/2010270509/1934-03-15,1,1,8,-7
lccn/2010270509/1940-05-09,1,4,4,0
lccn/2010270509/1940-05-30,2,8,3,5
lccn/2010270509/1944-07-20,2,10,8,2
lccn/2010270509/1946-04-11,2,4,3,1
lccn/2010270509/1946-04-11,2,2,1,1
lccn/2010270509/1946-05-16,2,19,14,5
lccn/2010270509/1946-10-17,1,2,8,-6
lccn/2010270509/1946-10-24,2,4,0,4
lccn/sn86063206/1916-04-28,2,26,5,21
lccn/sn86063206/1916-12-15,2,9,7,2
lccn/sn86063206/1918-03-22,1,12,13,-1
lccn/sn87093042/1929-05-30,1,4,5,-1
lccn/sn87093042/1932-01-21,2,4,1,3
lccn/sn87093042/1930-08-07,2,7,3,4
lccn/sn87093042/1932-09-15,1,2,3,-1
lccn/sn87093042/1933-05-18,2,9,3,6
lccn/sn87093042/1936-01-09,2,5,1,4
lccn/sn87093042/1936-02-27,1,2,3,-1
lccn/sn87093042/1936-04-16,1,9,16,-7
lccn/sn86063206/1914-07-31,2,8,3,5
lccn/sn86063206/1915-09-03,2,37,6,31
lccn/sn87093042/1924-12-18,2,13,4,9
lccn/sn87093042/1925-04-09,2,14,10,4
lccn/sn86063206/1923-02-09,2,14,1,13
lccn/sn86063206/1922-05-12,2,15,2,13
lccn/sn86063206/1913-04-18,2,11,10,1
lccn/sn86063206/1914-03-06,1,7,9,-2
lccn/sn86063206/1913-05-30,2,8,1,7
lccn/sn86063206/1915-05-14,2,7,4,3
lccn/sn86063206/1922-07-14,1,3,4,-1
lccn/sn86063206/1922-09-08,2,15,0,15
lccn/sn86063206/1922-12-29,2,11,2,9
lccn/sn86063730/1929-02-03,1,1,6,-5
lccn/sn84024326/1923-07-19,1,0,0,0
lccn/sn84024326/1923-12-23,2,13,2,11
lccn/sn85038485/1913-06-18,2,9,6,3
lccn/sn85038485/1913-06-16,1,5,11,-6
lccn/sn85038485/1913-05-25,2,11,3,8
lccn/sn85038485/1913-05-14,1,6,15,-9
lccn/sn84024326/1923-01-20,2,30,16,14
lccn/sn84024326/1923-11-18,2,8,5,3
lccn/sn84024326/1923-10-26,1,10,12,-2
lccn/sn84024326/1923-02-02,2,12,9,3
lccn/sn86063730/1928-05-30,1,0,0,0
lccn/sn90051548/1905-07-27,2,10,5,5
lccn/sn86063730/1929-01-06,2,5,0,5
lccn/sn90051548/1915-08-19,2,11,2,9
lccn/sn90051548/1916-02-10,2,14,8,6
lccn/sn90051548/1916-01-20,2,7,4,3
lccn/sn90051548/1913-06-12,1,3,3,0
lccn/sn90051548/1913-09-11,2,8,5,3
lccn/sn90051548/1908-04-30,2,11,1,10
lccn/sn90051548/1908-05-07,2,4,2,2
lccn/sn90051548/1908-04-23,2,23,1,22
lccn/sn90051548/1906-12-13,1,5,5,0
lccn/sn90051548/1909-09-09,1,9,16,-7
lccn/sn90051548/1909-01-14,1,7,8,-1
lccn/sn90051548/1908-10-22,2,13,1,12
lccn/sn90051548/1909-04-29,2,28,6,22
lccn/sn90051548/1909-02-11,2,10,2,8
lccn/sn86063730/1928-10-24,1,2,2,0
lccn/sn86063730/1928-10-25,1,4,9,-5
lccn/sn86063730/1928-11-19,2,14,7,7
lccn/sn86063730/1928-12-11,2,9,3,6
lccn/sn86063730/1928-10-25,1,4,7,-3
lccn/sn86063730/1928-10-24,2,7,2,5
lccn/sn90051548/1911-04-06,2,9,7,2
lccn/sn90051548/1910-06-16,2,28,13,15
lccn/sn85038485/1913-11-09,1,4,16,-12
lccn/sn85038485/1913-11-30,2,17,1,16
lccn/sn85038485/1913-09-06,2,16,10,6
lccn/sn85038485/1913-10-03,1,9,9,0
lccn/sn86063730/1927-12-01,2,11,1,10
lccn/sn85038485/1913-11-20,2,11,4,7
lccn/sn97065763/1906-01-20,2,14,8,6
lccn/sn97065763/1906-05-05,1,5,5,0
lccn/sn97065763/1905-02-11,1,1,1,0
lccn/sn97065763/1911-07-08,2,9,2,7
lccn/sn97065763/1911-07-15,2,14,4,10
lccn/sn97065763/1911-07-22,2,8,5,3
lccn/sn97065763/1911-06-24,2,16,10,6
lccn/sn87058308/1907-08-29,1,15,15,0
lccn/sn87058308/1908-10-08,2,6,5,1
lccn/sn87058308/1908-10-15,1,8,9,-1
lccn/sn87058308/1908-10-01,2,17,5,12
lccn/sn87058308/1907-02-07,2,17,12,5
lccn/sn86063730/1932-02-21,2,4,1,3
lccn/sn86063730/1932-02-21,2,5,1,4
lccn/sn86063730/1932-02-14,2,9,4,5
lccn/sn84024326/1924-04-16,2,11,3,8
lccn/sn84024326/1924-03-15,2,7,5,2
lccn/sn84024326/1924-04-01,1,1,2,-1
lccn/sn84024326/1923-06-06,1,12,12,0
lccn/sn86063730/1932-05-01,2,5,2,3
lccn/sn86063730/1932-09-23,2,9,7,2
lccn/sn86063730/1929-06-12,1,0,0,0
lccn/sn86063730/1929-04-03,1,3,6,-3
lccn/sn86063730/1929-04-03,2,22,12,10
lccn/sn86063730/1929-09-12,2,11,8,3
lccn/sn92066926/1923-06-06,2,11,5,6
lccn/sn92066926/1923-05-09,2,13,10,3
lccn/sn92066926/1922-11-15,2,7,3,4
lccn/sn92066927/1915-01-15,2,11,7,4
lccn/sn92066926/1923-11-21,2,7,3,4
lccn/sn97065763/1914-10-10,2,7,4,3
lccn/sn99062018/1920-11-25,2,5,2,3
lccn/sn99062018/1920-01-15,1,17,17,0
lccn/sn88063294/1941-12-24,2,6,3,3
lccn/sn88063294/1941-01-19,2,4,3,1
lccn/sn88063294/1941-12-02,1,9,10,-1
lccn/sn88063294/1941-03-18,1,1,10,-9
lccn/sn88063294/1943-06-09,1,4,6,-2
lccn/sn88063294/1943-06-23,1,5,12,-7
lccn/sn88063294/1941-09-14,2,14,4,10
lccn/sn85038485/1914-03-22,2,15,5,10
lccn/sn85038485/1914-03-29,2,18,9,9
lccn/sn88063294/1943-12-10,2,6,4,2
lccn/sn84020097/1931-04-20,2,7,6,1
lccn/sn84020097/1932-05-26,2,7,5,2
lccn/sn86063730/1930-06-29,1,0,0,0
lccn/sn86063730/1930-08-31,2,12,6,6
lccn/sn86063730/1930-01-22,1,11,30,-19
lccn/sn86063730/1930-01-22,1,8,19,-11
lccn/sn86063730/1929-11-03,2,4,1,3
lccn/sn85038485/1914-09-19,2,7,4,3
lccn/sn86063730/1930-05-12,2,5,0,5
lccn/sn86063730/1930-05-12,2,5,0,5
lccn/sn86063730/1930-05-07,1,1,1,0
lccn/sn86063730/1930-05-07,1,1,1,0
lccn/sn85038485/1914-07-18,1,4,11,-7
lccn/sn85038485/1914-04-22,1,8,11,-3
lccn/sn85038485/1915-03-10,1,0,0,0
lccn/sn85038485/1915-07-08,2,10,9,1
lccn/sn86063730/1931-02-24,2,16,12,4
lccn/sn86063730/1931-02-24,2,15,13,2
lccn/sn88063294/1941-02-07,2,10,2,8
lccn/sn88063294/1941-01-12,2,12,0,12
lccn/sn78000533/1948-12-16,1,9,9,0
lccn/sn78000533/1948-12-23,2,15,13,2
lccn/sn85038485/1915-08-29,2,23,12,11
lccn/sn85038485/1915-08-29,1,1,2,-1
lccn/sn85038485/1915-06-25,2,21,7,14
lccn/sn85038485/1914-04-26,2,9,7,2
lccn/sn85038485/1914-11-15,2,21,6,15
lccn/sn85038485/1914-06-06,1,0,0,0
lccn/sn85035816/1900-06-29,2,12,1,11
lccn/sn85035816/1905-03-07,1,3,16,-13
lccn/sn85035816/1906-06-26,1,1,2,-1
lccn/sn85035816/1902-02-21,1,4,10,-6
lccn/sn85035816/1902-01-17,2,6,4,2
lccn/sn85035816/1904-04-19,2,8,5,3
lccn/sn85035816/1909-06-08,1,5,5,0
lccn/sn85035816/1909-10-12,1,7,7,0
lccn/sn87068079/1906-03-29,2,20,9,11
lccn/sn87068079/1904-05-19,2,13,9,4
lccn/sn87068079/1907-01-17,2,8,3,5
lccn/sn86063397/1923-11-29,1,5,8,-3
lccn/sn90051300/1906-12-13,2,2,0,2
lccn/sn90051300/1906-04-12,1,4,4,0
lccn/sn90051300/1910-03-18,2,6,4,2
lccn/sn86063397/1921-02-10,1,6,9,-3
lccn/sn86063397/1922-02-23,2,12,7,5
lccn/sn90051300/1908-09-03,2,6,1,5
lccn/sn86063397/1924-06-19,2,11,3,8
lccn/sn86063397/1923-10-11,2,7,6,1
lccn/sn86063397/1923-10-25,1,5,6,-1
lccn/sn90051300/1913-09-26,2,9,5,4
lccn/sn90051301/1921-04-08,1,3,3,0
lccn/sn85035816/1910-12-06,1,11,12,-1
lccn/sn85035816/1910-12-20,2,6,5,1
lccn/sn86076375/1921-03-20,2,7,5,2
lccn/sn86076375/1920-11-07,2,11,6,5
lccn/sn87068079/1908-06-11,2,9,1,8
lccn/sn87068079/1908-05-21,2,12,4,8
lccn/sn87068079/1908-05-28,2,7,4,3
lccn/sn87068079/1911-11-02,2,13,8,5
lccn/sn87068079/1909-06-17,1,6,7,-1
lccn/sn87068079/1911-12-14,2,16,7,9
lccn/sn87068079/1907-10-03,2,9,1,8
lccn/sn84001718/1919-04-18,2,15,3,12
lccn/sn84001718/1922-06-02,2,6,3,3
lccn/sn84001718/1920-05-21,2,9,3,6
lccn/sn86076270/1889-08-22,2,4,3,1
lccn/sn87068079/1912-02-08,1,6,7,-1
lccn/sn87068079/1911-11-16,2,12,2,10
lccn/sn86076354/1913-08-24,2,12,3,9
lccn/sn86076354/1913-07-13,1,4,6,-2
lccn/sn86076354/1913-12-28,2,6,4,2
lccn/sn86076354/1914-06-07,2,6,3,3
lccn/sn86076354/1914-08-09,2,6,5,1
lccn/sn84001718/1910-03-18,2,12,4,8
lccn/sn86076354/1916-09-17,2,19,6,13
lccn/sn87076554/1946-08-22,2,6,5,1
lccn/sn87076554/1950-07-13,1,9,11,-2
lccn/sn87076554/1942-10-29,2,7,5,2
lccn/sn87076554/1943-02-18,2,10,7,3
lccn/sn87076554/1944-02-24,2,5,4,1
lccn/sn87076554/1942-09-10,2,2,1,1
lccn/sn87076554/1939-09-28,1,2,2,0
lccn/sn87076554/1941-07-17,2,7,4,3
lccn/sn87076554/1940-01-11,2,8,7,1
lccn/sn87076554/1939-11-30,1,2,3,-1
lccn/sn87076554/1942-04-02,2,20,11,9
lccn/sn86063730/1931-10-09,1,0,0,0
lccn/sn86063730/1931-08-30,2,6,0,6
lccn/sn86075103/1938-05-28,2,9,5,4
lccn/sn85053305/1924-09-26,2,9,1,8
lccn/sn85053305/1926-10-01,1,1,4,-3
lccn/sn85053305/1927-01-14,2,5,0,5
lccn/sn85053305/1927-04-15,1,7,8,-1
lccn/sn85053305/1927-06-03,2,5,2,3
lccn/sn85053305/1926-11-19,2,13,9,4
lccn/sn85053305/1925-04-10,1,4,7,-3
lccn/sn85053305/1925-10-09,2,5,2,3
lccn/sn85053305/1925-10-16,2,5,2,3
lccn/sn85053305/1924-10-10,1,0,0,0
lccn/sn85053305/1930-04-04,2,13,4,9
lccn/sn85053305/1931-05-29,2,12,1,11
lccn/sn85053305/1931-09-04,1,7,9,-2
lccn/sn85053305/1929-05-10,2,7,3,4
lccn/sn85053305/1929-09-06,1,0,0,0
lccn/sn85053305/1929-11-29,2,19,4,15
lccn/sn85053305/1930-02-07,1,0,0,0
lccn/sn85053305/1930-01-24,1,0,3,-3
lccn/sn85053305/1932-10-28,1,2,3,-1
lccn/sn83025296/1926-04-08,1,0,0,0
lccn/sn83025296/1925-08-27,1,7,9,-2
lccn/sn83025296/1925-07-09,2,4,3,1
lccn/sn83025296/1925-12-31,2,7,4,3
lccn/sn85053305/1929-02-15,2,10,3,7
lccn/sn85053305/1934-12-21,2,23,1,22
lccn/sn85053305/1924-09-12,1,0,1,-1
lccn/sn82006551/1948-10-28,2,9,5,4
lccn/sn87093042/1937-09-23,2,5,2,3
lccn/sn87093044/1943-01-14,2,12,5,7
lccn/sn87093044/1943-02-11,2,8,6,2
lccn/sn82006551/1946-06-13,1,7,7,0
lccn/sn87093044/1948-03-11,2,19,4,15
lccn/sn87093044/1949-09-23,2,4,2,2
lccn/sn84036284/1924-06-04,1,5,6,-1
lccn/sn85053305/1928-08-31,2,9,6,3
lccn/sn85053305/1923-08-24,2,8,1,7
lccn/sn85053305/1923-11-16,2,5,1,4
lccn/sn83025296/1924-09-11,2,10,3,7
lccn/sn87093044/1941-10-16,1,2,4,-2
lccn/sn88085722/1892-10-04,2,16,8,8
lccn/sn82007637/1943-08-13,2,2,1,1
lccn/sn82007637/1945-02-23,2,9,5,4
lccn/sn89079026/1940-10-24,1,0,0,0
lccn/sn88085722/1892-06-22,2,10,6,4
lccn/sn85038220/1946-05-09,2,27,5,22
lccn/sn85038220/1945-12-06,1,4,7,-3
lccn/sn85038220/1946-07-15,1,5,5,0
lccn/sn85038220/1946-07-29,2,16,2,14
lccn/sn85038220/1947-05-19,2,5,3,2
lccn/sn2001063546/1900-03-,2,6,2,4
lccn/sn2001063546/1900-11-,1,3,5,-2
lccn/sn2001063546/1899-12-,2,7,0,7
lccn/sn2001063546/1900-11-,1,0,0,0
lccn/sn2001063546/1900-03-,2,14,2,12
lccn/sn85042792/1904-04-14,1,2,14,-12
lccn/sn85042792/1904-05-05,1,6,6,0
lccn/sn2001063546/1902-05-,2,6,2,4
lccn/sn2001063546/1901-02-,2,18,3,15
lccn/sn2001063546/1901-02-,2,10,7,3
lccn/sn96090237/1914-06-12,2,9,2,7
lccn/sn96090237/1915-06-25,2,14,4,10
lccn/sn2001063546/1899-06-,2,11,4,7
lccn/sn88063294/1942-03-01,2,3,2,1
lccn/sn85038220/1947-09-18,2,5,3,2
lccn/sn85038220/1950-05-29,1,4,5,-1
lccn/sn85038220/1949-10-20,1,6,7,-1
lccn/sn85038220/1950-09-07,2,9,6,3
lccn/sn85038220/1949-07-05,2,7,5,2
lccn/sn85038220/1948-07-05,1,4,5,-1
lccn/sn85038220/1947-11-03,2,13,11,2
lccn/sn85038220/1947-12-04,2,2,0,2
lccn/sn85038220/1949-02-17,1,3,3,0
lccn/sn88063294/1943-01-09,2,4,1,3
lccn/sn88063294/1942-12-01,1,3,5,-2
lccn/sn88063294/1942-09-01,2,15,9,6
lccn/sn84024326/1924-09-27,2,10,9,1
lccn/sn84024326/1924-12-21,2,4,3,1
lccn/sn84024326/1924-12-19,2,3,0,3
lccn/sn84024326/1924-10-13,1,10,21,-11
lccn/00225879/1922-05-26/e,2,14,2,12
lccn/00225879/1925-11-20/e,2,6,3,3
lccn/sn87093375/1928-07-19,1,0,0,0
lccn/sn88085722/1891-07-29,2,7,6,1
lccn/sn88085722/1891-07-29,2,18,12,6
lccn/sn87093323/1933-03-23,2,23,4,19
lccn/sn87093323/1931-09-17,2,17,7,10
lccn/sn82014248/1882-06-22,2,10,2,8
lccn/sn88063294/1942-01-28,2,8,3,5
lccn/sn85025007/1922-12-08,1,0,0,0
lccn/sn85025007/1923-04-02,1,0,0,0
lccn/sn85025007/1923-02-13,1,6,7,-1
lccn/sn85025007/1923-03-03,1,2,2,0
lccn/sn85025007/1923-01-12,1,14,18,-4
lccn/sn82014248/1885-08-06,2,12,2,10
lccn/sn85025007/1922-08-26,1,10,13,-3
lccn/sn85025007/1922-08-28,2,5,1,4
lccn/sn85025007/1922-07-10,1,4,8,-4
lccn/sn85025007/1923-02-07,1,4,10,-6
lccn/sn83045324/1943-04-10,2,18,2,16
lccn/sn97063232/1941-05-16,1,2,5,-3
lccn/sn97063232/1939-06-09,1,3,7,-4
lccn/sn97063232/1941-10-31,2,8,5,3
lccn/sn83045324/1940-02-24,2,13,3,10
lccn/sn83045324/1940-01-27,2,8,4,4
lccn/sn97063233/1946-03-21,1,1,5,-4
lccn/sn84038206/1888-03-31,1,0,0,0
lccn/sn84038206/1888-04-21,2,4,2,2
lccn/sn89064489/1899-08-10,2,18,10,8
lccn/sn89064489/1901-06-06,2,13,9,4
lccn/sn89064489/1901-06-13,2,14,8,6
lccn/sn89064489/1901-06-20,2,14,6,8
lccn/sn89051294/1908-09-04,2,25,9,16
lccn/sn89051294/1909-09-24,2,11,9,2
lccn/sn89051294/1908-05-15,2,16,6,10
lccn/sn89051294/1909-02-19,1,9,15,-6
lccn/sn89051294/1908-04-03,2,6,4,2
lccn/sn85040614/1904-04-29,1,5,8,-3
lccn/sn85059533/1897-10-30,2,12,8,4
lccn/sn85059533/1902-03-01,1,0,0,0
lccn/sn85059533/1900-09-01,1,0,0,0
lccn/sn85059533/1908-03-14,1,3,3,0
lccn/sn85059533/1907-08-31,1,3,18,-15
lccn/sn85059533/1908-11-21,2,9,3,6
lccn/sn85059533/1908-08-15,2,15,9,6
lccn/sn84038206/1886-12-18,1,0,0,0
lccn/sn84038206/1876-06-24,2,8,3,5
lccn/sn85059533/1912-09-21,2,11,1,10
lccn/sn84038206/1881-03-12,1,2,3,-1
lccn/sn85040614/1910-03-11,1,0,0,0
lccn/sn85040614/1904-11-25,1,3,14,-11
lccn/sn89064489/1891-09-10,2,20,8,12
lccn/sn89051294/1899-10-26,2,8,5,3
lccn/sn89051294/1900-01-18,2,9,5,4
lccn/sn89051294/1900-01-25,2,14,6,8
lccn/sn87057928/1914-11-19,1,5,11,-6
lccn/sn87057928/1914-11-19,2,3,0,3
lccn/sn92073203/1940-04-04,2,15,14,1
lccn/sn87093407/1923-01-25,2,10,4,6
lccn/sn92073203/1936-11-26,2,17,3,14
lccn/sn92073203/1939-06-01,2,13,7,6
lccn/sn91064030/1922-04-12,2,11,6,5
lccn/sn91064030/1924-02-06,1,1,9,-8
lccn/sn90063041/1909-11-26,2,7,4,3
lccn/sn91064030/1919-11-08,2,13,2,11
lccn/sn91064030/1916-03-04,2,8,6,2
lccn/sn90063041/1917-11-09,2,6,4,2
lccn/sn91064030/1915-09-04,1,5,12,-7
lccn/sn91064030/1915-12-11,1,7,8,-1
lccn/sn91064030/1916-06-17,1,6,14,-8
lccn/sn99068086/1899-01-19,1,0,0,0
lccn/sn87057928/1919-02-13,2,3,1,2
lccn/sn87057928/1918-10-03,1,5,5,0
lccn/sn99068086/1908-08-20,2,11,2,9
lccn/sn99068086/1908-08-06,2,10,2,8
lccn/sn99068086/1908-08-13,2,10,3,7
lccn/sn99068086/1908-07-30,2,9,3,6
lccn/sn99068086/1908-07-02,2,6,4,2
lccn/sn99068086/1908-06-11,2,10,3,7
lccn/sn87057928/1919-09-11,2,17,12,5
lccn/sn87057928/1916-09-28,2,8,3,5
lccn/sn99062853/1904-03-04,2,14,10,4
lccn/sn87057928/1914-08-27,1,7,9,-2
lccn/sn89051163/1897-06-19,1,5,5,0
lccn/sn89051163/1896-11-18,1,5,11,-6
lccn/sn91050157/1921-08-18,1,4,4,0
lccn/sn83007654/1913-02-28,2,12,3,9
lccn/sn90050296/1918-05-09,2,19,12,7
lccn/sn90050296/1921-08-18,1,3,4,-1
lccn/sn83007654/1909-09-03,2,15,10,5
lccn/sn83007654/1918-03-29,2,15,0,15
lccn/sn92073203/1946-10-10,1,4,6,-2
lccn/sn92073203/1945-04-05,2,9,3,6
lccn/sn91064030/1917-05-05,2,8,4,4
lccn/sn89064489/1903-02-12,2,16,5,11
lccn/sn89064489/1903-02-12,2,17,5,12
lccn/sn83007654/1907-06-07,2,14,9,5
lccn/sn84020097/1934-07-20,1,0,0,0
lccn/sn85059586/1916-09-18,2,8,5,3
lccn/sn85059586/1916-09-19,1,0,0,0
lccn/sn85059585/1908-04-06,2,10,5,5
lccn/sn85059533/1913-12-06,2,10,7,3
lccn/sn85059533/1916-05-06,1,4,10,-6
lccn/sn85059533/1916-06-17,1,0,1,-1
lccn/sn84020097/1924-07-03,1,6,9,-3
lccn/sn84020097/1925-06-16,2,4,2,2
lccn/sn84020097/1925-06-19,1,0,0,0
lccn/sn84020097/1926-01-19,1,7,13,-6
lccn/sn84024827/1914-10-15,2,5,3,2
lccn/sn84024827/1909-05-27,2,14,4,10
lccn/sn84024827/1909-06-22,2,21,6,15
lccn/sn84024827/1909-06-01,1,9,11,-2
lccn/sn84022565/1908-11-26,2,6,4,2
lccn/sn96075050/1909-12-23,1,0,11,-11
lccn/sn89053204/1921-09-20,2,14,4,10
lccn/sn89053204/1921-10-04,2,10,4,6
lccn/sn89053204/1921-08-30,2,18,12,6
lccn/2010270509/1919-11-13,2,11,8,3
lccn/sn89053204/1922-06-02,2,11,4,7
lccn/sn89053204/1920-12-15,2,4,2,2
lccn/sn89053204/1923-06-09,2,8,7,1
lccn/sn89053204/1923-05-24,1,5,19,-14
lccn/sn88063294/1944-01-30,1,1,3,-2
lccn/sn87058308/1915-07-08,2,9,7,2
lccn/sn87058308/1915-04-15,1,8,12,-4
lccn/sn87058308/1916-06-08,2,9,6,3
lccn/sn87058308/1916-06-08,1,7,8,-1
lccn/sn87058308/1916-10-19,2,12,6,6
lccn/sn87058308/1916-10-19,2,10,7,3
lccn/sn87058308/1917-03-01,2,6,1,5
lccn/sn87058308/1916-06-01,1,4,5,-1
lccn/sn87058308/1917-05-17,2,7,6,1
lccn/sn87058308/1910-06-09,1,8,8,0
lccn/sn87058308/1918-06-20,2,16,9,7
lccn/sn84021913/1888-06-16,1,0,0,0
lccn/sn85032923/1919-02-05,2,10,4,6
lccn/sn85032923/1915-11-03,1,10,12,-2
lccn/sn85032923/1920-06-16,1,6,7,-1
lccn/sn85032923/1919-09-10,1,7,13,-6
lccn/sn85032923/1921-06-01,1,8,8,0
lccn/sn85032923/1922-05-31,2,6,1,5
lccn/sn85032923/1922-06-07,1,5,6,-1
lccn/sn85032923/1921-02-09,2,7,2,5
lccn/sn89064489/1929-11-07,2,3,2,1
lccn/sn89064489/1929-11-28,2,21,19,2
lccn/sn89064489/1929-12-12,2,18,2,16
lccn/sn87058308/1912-08-01,1,9,10,-1
lccn/sn87058308/1914-02-19,1,4,5,-1
lccn/sn87058308/1912-12-12,1,7,9,-2
lccn/sn88063294/1944-09-27,2,5,4,1
lccn/sn84022565/1894-06-14,2,4,0,4
lccn/sn84022565/1897-05-27,2,6,2,4
lccn/sn84022565/1899-05-04,1,5,9,-4
lccn/sn84022565/1901-09-12,2,16,11,5
lccn/sn84022565/1900-08-30,1,4,4,0
lccn/sn84022565/1904-11-17,2,6,5,1
lccn/sn84022565/1904-09-15,2,5,4,1
lccn/sn84022565/1906-06-07,1,3,5,-2
lccn/sn84022374/1922-06-21,2,6,4,2
lccn/sn89064489/1916-03-16,1,5,5,0
lccn/sn89064489/1915-04-08,1,0,14,-14
lccn/sn89064489/1915-02-11,2,12,4,8
lccn/sn89064489/1915-11-18,2,13,4,9
lccn/sn84021913/1902-09-18,2,15,6,9
lccn/sn84020097/1927-05-10,1,7,15,-8
lccn/sn84020097/1927-01-26,2,13,7,6
lccn/sn90051033/1918-09-27,2,15,14,1
lccn/sn99062017/1905-02-02,1,7,7,0
lccn/sn90051033/1921-09-16,2,10,3,7
lccn/sn90051033/1918-03-01,2,7,6,1
lccn/sn90051333/1920-09-16,1,3,7,-4
lccn/sn90051033/1921-04-08,1,6,6,0
lccn/sn90051033/1921-09-09,1,2,3,-1
lccn/sn90051033/1921-03-04,2,16,7,9
lccn/sn90051033/1921-04-15,2,11,7,4
lccn/sn85042792/1910-04-21,2,9,4,5
lccn/sn99062018/1916-02-03,2,7,6,1
lccn/sn85042792/1913-05-08,2,10,5,5
lccn/sn85042792/1914-07-02,1,4,10,-6
lccn/sn85042792/1915-02-18,1,0,0,0
lccn/sn85042792/1914-01-08,2,13,5,8
lccn/sn85042792/1912-10-03,1,9,10,-1
lccn/sn85042792/1913-01-02,2,16,9,7
lccn/sn85042792/1916-02-24,2,29,12,17
lccn/sn88063294/1945-04-05,1,10,10,0
lccn/2010270509/1943-02-04,2,5,1,4
lccn/sn88063294/1946-01-08,1,1,1,0
lccn/sn88063294/1945-11-06,1,10,12,-2
lccn/sn88065202/1878-07-27,1,4,5,-1
lccn/sn88063294/1945-05-14,2,9,3,6
lccn/sn88065202/1883-06-23,1,0,0,0
lccn/sn88065202/1886-11-20,1,0,0,0
lccn/sn88065202/1886-09-04,1,13,15,-2
lccn/sn88065202/1886-08-21,2,24,5,19
lccn/sn88065202/1894-01-18,2,8,2,6
lccn/sn88065202/1893-11-30,1,3,6,-3
lccn/sn88065202/1897-12-23,2,15,9,6
lccn/sn88065202/1896-10-22,2,9,2,7
lccn/sn88065202/1897-01-21,2,13,8,5
lccn/sn88065202/1898-09-01,2,8,6,2
lccn/sn88065202/1889-12-14,2,4,1,3
lccn/sn85042790/1909-07-29,2,8,4,4
lccn/sn85042792/1907-08-22,2,9,4,5
lccn/sn98062949/1902-07-24,2,10,4,6
lccn/sn98062949/1902-06-19,2,12,4,8
lccn/sn88063294/1944-05-27,1,0,0,0
lccn/2010270509/1913-11-13,1,5,14,-9
lccn/2010270509/1915-02-18,1,7,12,-5
lccn/2010270509/1917-03-15,2,16,0,16
lccn/2010270509/1918-11-14,1,0,0,0
lccn/sn89053204/1921-01-13,2,18,3,15
lccn/2010270509/1919-03-20,1,2,6,-4
lccn/sn89053204/1921-03-28,2,6,4,2
lccn/sn96075050/1914-12-17,2,16,5,11
lccn/sn96075050/1922-03-23,1,4,16,-12
lccn/sn96075050/1922-05-11,2,12,2,10
lccn/sn96075050/1922-06-08,1,0,2,-2
lccn/sn96075050/1922-07-27,2,12,4,8
lccn/sn96075050/1921-12-15,1,8,8,0
lccn/sn96075050/1919-07-17,2,7,4,3
lccn/sn96075050/1921-12-29,1,1,8,-7
lccn/sn96075050/1921-11-10,1,4,5,-1
lccn/sn96075050/1923-01-25,1,4,11,-7
lccn/sn96075050/1923-01-18,2,12,9,3
lccn/sn96075050/1921-08-04,2,9,2,7
lccn/sn96075050/1918-10-31,1,7,7,0
lccn/sn96075050/1918-11-07,1,2,2,0
lccn/sn96075050/1918-12-05,2,10,3,7
lccn/sn96075050/1924-04-17,2,3,2,1
lccn/sn96075050/1923-11-08,1,6,14,-8
lccn/sn96075050/1923-06-07,1,4,5,-1
lccn/sn96075050/1913-05-01,1,7,15,-8
lccn/sn96075050/1914-01-15,1,4,5,-1
lccn/sn96075050/1914-01-01,2,15,7,8
lccn/sn96075050/1913-03-20,1,6,6,0
lccn/sn96075050/1913-06-12,2,16,5,11
lccn/sn96075050/1920-12-23,2,5,2,3
lccn/sn96075050/1921-03-17,2,8,7,1
lccn/sn96075050/1920-01-01,1,1,10,-9
lccn/sn96075050/1920-11-18,2,5,3,2
lccn/sn84022374/1921-01-26,2,7,5,2
lccn/sn84022374/1923-10-31,1,10,10,0
lccn/sn84022374/1924-10-15,1,3,5,-2
lccn/sn84022374/1922-03-15,1,2,3,-1
lccn/sn89064489/1923-06-07,2,16,9,7
lccn/sn89064489/1923-04-26,2,5,4,1
lccn/sn89064489/1924-01-03,2,6,0,6
lccn/sn89064489/1925-09-03,2,6,1,5
lccn/sn89064489/1925-09-17,2,9,1,8
lccn/sn89064489/1924-12-18,2,10,6,4
lccn/sn89064489/1925-01-01,2,19,2,17
lccn/sn89064489/1926-01-07,1,0,6,-6
lccn/sn89064489/1918-02-07,1,3,4,-1
lccn/sn89064489/1917-09-06,2,7,4,3
lccn/sn89064489/1914-05-14,2,6,3,3
lccn/sn89064489/1915-02-04,2,6,5,1
lccn/sn89064489/1927-05-05,1,0,0,0
lccn/sn89064489/1926-09-02,1,3,3,0
lccn/sn89064489/1926-09-09,2,9,4,5
lccn/sn89064489/1922-11-09,2,6,0,6
lccn/sn89064489/1921-01-06,1,5,7,-2
lccn/sn89064489/1921-01-20,1,5,8,-3
lccn/sn89064489/1921-10-13,2,5,3,2
lccn/sn89064489/1929-02-07,2,12,5,7
lccn/sn89064489/1929-02-14,2,8,7,1
lccn/sn89064489/1929-06-13,2,13,2,11
lccn/sn89064489/1930-02-20,2,6,3,3
lccn/sn89064489/1930-02-13,2,6,3,3
lccn/sn89064489/1930-02-06,1,3,10,-7
lccn/sn89064489/1928-05-31,2,15,2,13
lccn/sn89064489/1928-11-01,2,10,5,5
lccn/sn89064489/1929-04-25,2,9,1,8
lccn/sn89064489/1930-03-13,1,3,5,-2
lccn/sn89064489/1930-05-29,2,5,0,5
lccn/sn89064489/1930-09-25,1,1,3,-2
lccn/sn89064489/1930-10-30,2,10,2,8
lccn/sn89064489/1930-09-04,2,18,3,15
lccn/sn89064489/1930-11-27,1,5,5,0
lccn/sn91064029/1911-09-27,2,9,2,7
lccn/sn91064030/1914-09-05,1,0,0,0
lccn/sn91064030/1914-05-09,2,11,3,8
lccn/sn91064030/1913-12-17,2,12,3,9
lccn/2010270509/1937-04-15,1,2,6,-4
lccn/2010270509/1936-09-17,2,12,1,11
lccn/2010270509/1941-11-20,1,0,0,0
lccn/2010270509/1942-01-29,2,10,0,10
lccn/2010270509/1941-01-30,1,7,11,-4
lccn/2010270509/1924-01-31,2,15,1,14
lccn/sn83045499/1927-04-15,2,15,8,7
lccn/sn85042792/1908-10-08,2,15,2,13
lccn/sn84020657/1923-12-08,2,6,3,3
lccn/sn84020657/1924-06-17,2,15,11,4
lccn/sn86076304/1921-04-13,2,9,2,7
lccn/sn86076304/1921-05-25,1,8,9,-1
lccn/sn86076304/1921-06-08,1,3,17,-14
lccn/sn86076304/1921-01-13,2,7,2,5
lccn/sn86076306/1911-03-29,2,6,5,1
lccn/sn84001718/1923-06-15,2,13,11,2
lccn/sn86076306/1908-03-12,1,7,13,-6
lccn/sn84001718/1924-12-05,2,10,8,2
lccn/sn84001718/1924-10-31,2,5,2,3
lccn/sn84001718/1924-05-23,2,7,6,1
lccn/sn86076306/1909-04-08,1,10,21,-11
lccn/sn90051267/1914-01-31,2,5,2,3
lccn/sn90051167/1891-06-12,2,4,1,3
lccn/sn92070146/1917-05-28,2,13,5,8
lccn/sn92070146/1917-06-04,2,5,4,1
lccn/sn90051021/1927-01-08,1,0,0,0
lccn/sn90051267/1915-05-15,2,10,2,8
lccn/sn90051267/1911-07-01,1,3,4,-1
lccn/sn90051267/1911-01-21,1,0,0,0
lccn/sn90051267/1917-05-17,2,21,7,14
lccn/sn85035816/1912-03-12,2,22,13,9
lccn/sn85035816/1912-02-20,2,9,4,5
lccn/sn85035816/1912-07-16,2,21,9,12
lccn/sn85035816/1912-09-03,1,4,7,-3
lccn/sn85035816/1911-02-28,1,7,10,-3
lccn/sn85035816/1911-06-13,1,5,7,-2
lccn/sn85035816/1914-03-17,1,6,7,-1
lccn/sn85035720/1924-03-07,2,11,10,1
lccn/sn85035720/1924-03-01,2,10,4,6
lccn/sn85035720/1924-09-27,2,13,3,10
lccn/sn85035720/1924-12-12,1,0,0,0
lccn/sn85035720/1924-12-17,1,10,11,-1
lccn/sn89053204/1908-03-10,2,15,9,6
lccn/sn89053204/1908-09-30,2,11,1,10
lccn/sn89053204/1901-04-11,2,15,10,5
lccn/sn89053204/1907-06-15,2,18,3,15
lccn/sn89053204/1907-05-28,1,10,16,-6
lccn/sn89053204/1903-02-27,2,14,3,11
lccn/sn89053204/1903-02-28,2,13,5,8
lccn/sn89053204/1903-02-24,2,11,2,9
lccn/sn89053204/1903-02-25,2,11,3,8
lccn/sn89053204/1903-02-26,2,16,3,13
lccn/sn89053204/1903-02-22,2,15,2,13
lccn/sn89053204/1902-09-21,2,18,0,18
lccn/sn86076304/1923-05-09,1,0,0,0
lccn/sn86076304/1924-04-30,2,17,6,11
lccn/sn86076306/1913-04-09,2,14,7,7
lccn/sn86076306/1918-08-14,1,4,9,-5
lccn/sn86076306/1916-12-20,2,8,4,4
lccn/sn86076306/1919-05-21,1,0,0,0
lccn/sn86076306/1919-09-10,2,6,2,4
lccn/sn89053204/1911-01-20,2,16,7,9
lccn/sn91068401/1933-01-13,1,0,0,0
lccn/sn91068401/1932-12-07,2,13,4,9
lccn/sn91068401/1932-10-22,1,1,3,-2
lccn/sn91068401/1933-05-19,1,5,5,0
lccn/sn91068401/1933-05-26,2,10,5,5
lccn/sn91068401/1934-04-27,1,5,5,0
lccn/sn91068401/1934-12-12,1,10,12,-2
lccn/sn91068401/1935-04-30,2,3,2,1
lccn/sn91064029/1909-02-06,2,10,8,2
lccn/sn91064029/1909-04-24,1,6,6,0
lccn/sn91064029/1907-12-14,1,2,12,-10
lccn/sn97063183/1943-03-19,2,9,7,2
lccn/sn97063183/1943-03-01,2,21,3,18
lccn/sn97063183/1942-10-13,1,7,14,-7
lccn/sn97063183/1942-12-18,1,0,0,0
lccn/sn97063183/1942-12-09,2,7,3,4
lccn/sn97063183/1944-05-11,2,8,2,6
lccn/sn97063183/1944-10-28,1,3,12,-9
lccn/sn97063183/1944-05-26,2,6,2,4
lccn/sn97063183/1944-08-16,1,0,0,0
lccn/sn97063183/1944-05-29,1,5,8,-3
lccn/sn97063183/1944-06-10,2,3,1,2
lccn/sn97063183/1944-05-30,2,12,3,9
lccn/sn97063183/1944-05-31,1,0,0,0
lccn/sn97063183/1944-07-31,2,9,3,6
lccn/sn97063183/1944-10-12,2,2,1,1
lccn/sn97063183/1943-11-20,2,8,2,6
lccn/sn97063183/1943-06-18,2,5,1,4
lccn/sn97063183/1943-09-09,1,0,0,0
lccn/sn97063183/1942-04-30,2,9,8,1
lccn/sn97063183/1942-05-13,1,5,14,-9
lccn/sn97063183/1945-04-24,2,4,1,3
lccn/sn97063183/1945-05-01,2,16,3,13
lccn/sn97063183/1945-05-10,1,1,3,-2
lccn/sn97063183/1945-06-05,2,9,6,3
lccn/sn97063183/1942-06-09,2,9,7,2
lccn/sn97063183/1942-06-11,2,9,6,3
lccn/sn97063183/1942-06-03,2,12,3,9
lccn/sn97063183/1942-05-30,1,4,6,-2
lccn/sn97063183/1945-11-28,2,5,3,2
lccn/sn97063183/1945-08-03,1,3,3,0
lccn/sn97063183/1946-02-04,2,5,4,1
lccn/sn97063183/1946-02-25,1,3,6,-3
lccn/sn97063183/1946-03-06,2,8,4,4
lccn/sn97063183/1946-04-03,1,0,0,0
lccn/sn87093008/1928-11-09,2,13,7,6
lccn/sn87093008/1927-11-04,2,4,3,1
lccn/sn87093008/1927-08-05,1,2,6,-4
lccn/sn87093008/1928-05-18,2,7,1,6
lccn/sn87093008/1928-09-14,1,3,3,0
lccn/sn87093008/1929-05-24,2,9,0,9
lccn/sn87093008/1923-10-05,1,6,6,0
lccn/sn87093008/1930-07-04,1,7,7,0
lccn/sn87093008/1934-05-31,2,16,5,11
lccn/sn87093008/1933-06-08,2,6,0,6
lccn/sn90051167/1915-03-12,2,13,11,2
lccn/sn90051168/1923-07-05,2,22,1,21
lccn/sn90051168/1923-05-24,2,12,6,6
lccn/sn90051168/1923-09-06,2,20,0,20
lccn/sn90051167/1921-08-05,1,7,10,-3
lccn/sn90051167/1921-05-20,1,11,13,-2
lccn/sn88078775/1941-10-09,2,12,10,2
lccn/sn88078775/1942-04-09,2,8,6,2
lccn/sn88078775/1941-10-30,2,6,2,4
lccn/sn88078775/1924-09-05,2,9,4,5
lccn/sn88078775/1924-08-22,2,18,2,16
lccn/sn88078775/1924-08-29,2,23,2,21
lccn/sn83035682/1950-07-13,2,7,0,7
lccn/sn90051167/1904-04-22,2,8,5,3
lccn/sn97063183/1941-05-09,1,2,6,-4
lccn/sn97063183/1941-05-10,2,9,3,6
lccn/sn97063183/1941-03-22,2,12,3,9
lccn/sn97063183/1941-06-14,1,2,7,-5
lccn/sn97063183/1941-05-24,1,6,11,-5
lccn/sn97063183/1941-05-23,2,7,4,3
lccn/sn97063183/1941-03-06,1,2,6,-4
lccn/sn97063183/1941-03-03,1,7,10,-3
lccn/sn97063183/1941-01-17,2,14,2,12
lccn/sn97063183/1941-01-29,2,9,4,5
lccn/sn97063183/1940-10-10,1,4,7,-3
lccn/sn97063183/1940-12-18,1,7,7,0
lccn/sn97063183/1941-02-10,2,3,0,3
lccn/sn97063183/1940-09-17,2,4,1,3
lccn/sn97063183/1940-09-18,2,7,3,4
lccn/sn97063183/1940-10-03,2,7,6,1
lccn/sn97063183/1940-09-07,2,5,3,2
lccn/sn97063183/1941-09-19,1,8,11,-3
lccn/sn97063183/1941-09-20,1,7,7,0
lccn/sn97063183/1941-09-20,2,9,7,2
lccn/sn97063183/1941-10-04,2,6,2,4
lccn/sn97063183/1941-10-24,2,4,2,2
lccn/sn97063183/1941-10-24,1,2,10,-8
lccn/sn97063183/1941-12-20,2,8,0,8
lccn/sn97063183/1942-03-12,1,2,2,0
lccn/sn97063183/1942-03-11,1,5,7,-2
lccn/sn85042792/1921-07-28,2,7,0,7
lccn/sn85042792/1921-08-25,2,5,2,3
lccn/sn85042792/1922-09-07,2,5,1,4
lccn/sn85042792/1922-09-07,2,5,1,4
lccn/sn85042792/1920-08-26,2,20,3,17
lccn/sn85042792/1920-09-23,2,9,6,3
lccn/sn85042792/1919-04-10,2,22,1,21
lccn/sn85042792/1919-11-06,2,8,6,2
lccn/sn87093407/1923-11-19,2,9,3,6
lccn/sn86063730/1934-06-03,1,3,8,-5
lccn/sn86063730/1934-06-03,1,3,8,-5
lccn/sn86063730/1934-05-25,1,0,0,0
lccn/sn86063730/1934-05-25,2,13,7,6
lccn/sn86063730/1934-04-15,2,7,3,4
lccn/sn86063730/1933-12-14,1,5,11,-6
lccn/sn86063730/1933-12-24,2,9,1,8
lccn/sn86063730/1933-12-21,1,5,5,0
lccn/sn86063730/1933-12-21,2,4,3,1
lccn/sn86063730/1933-12-24,2,5,3,2
lccn/sn86063730/1929-10-14,2,19,2,17
lccn/sn86063730/1933-11-07,2,10,3,7
lccn/sn86063730/1934-12-21,1,0,4,-4
lccn/sn86063730/1934-12-02,2,8,1,7
lccn/sn86063730/1934-12-02,2,9,2,7
lccn/sn89053204/1924-03-17,2,3,1,2
lccn/sn89053204/1923-12-15,1,4,5,-1
lccn/sn89053204/1924-04-10,2,9,7,2
lccn/sn89053204/1924-07-11,2,9,1,8
lccn/sn85049838/1889-10-24,2,3,2,1
lccn/sn87057928/1902-01-23,1,7,12,-5
lccn/sn87057928/1898-07-07,2,12,3,9
lccn/sn87057928/1898-08-18,1,3,7,-4
lccn/sn87057928/1903-08-13,2,19,3,16
lccn/sn87057928/1906-02-01,2,13,3,10
lccn/sn87057928/1906-09-20,2,8,2,6
lccn/sn84038468/1836-12-21,2,17,3,14
lccn/sn91064030/1922-06-14,2,13,4,9
lccn/sn89051318/1911-05-06,1,3,4,-1
lccn/sn91050157/1916-02-09,1,0,0,0
lccn/sn89051318/1907-12-14,2,13,7,6
lccn/sn86090947/1916-04-11,1,5,7,-2
lccn/sn89053204/1924-11-21,2,9,2,7
lccn/sn85040614/1911-10-20,1,8,21,-13
lccn/sn85040614/1896-07-23,2,8,3,5
lccn/sn85040614/1898-02-24,2,11,4,7
lccn/sn85040614/1899-01-12,2,15,8,7
lccn/sn89064489/1893-09-07,2,14,4,10
lccn/sn85035801/1910-01-25,2,8,1,7
lccn/sn89064489/1902-07-31,1,0,0,0
lccn/sn91064030/1920-05-08,1,7,8,-1
lccn/sn88085187/1941-10-25,1,8,12,-4
lccn/sn89064489/1909-03-11,2,18,3,15
lccn/sn82014085/1931-02-04,2,6,2,4
lccn/sn82014085/1931-05-08,2,11,7,4
lccn/sn82014085/1931-05-13,2,2,1,1
lccn/sn82014085/1931-05-05,1,5,5,0
lccn/sn82014085/1931-06-03,1,9,10,-1
lccn/sn82014085/1931-03-10,2,2,1,1
lccn/sn82014085/1931-06-17,2,6,0,6
lccn/sn82014085/1931-12-14,2,4,2,2
lccn/sn82014085/1931-11-07,2,6,2,4
lccn/sn82014085/1932-05-25,2,12,5,7
lccn/sn82014085/1932-05-28,1,5,5,0
lccn/sn85035524/1884-05-10,2,21,3,18
lccn/sn85035524/1909-10-01,2,15,4,11
lccn/sn85035524/1911-12-15,1,5,5,0
lccn/sn85035524/1911-09-08,2,5,2,3
lccn/sn85035524/1911-03-31,2,13,12,1
lccn/sn89053729/1912-09-05,2,8,7,1
lccn/sn89053729/1912-09-06,2,14,4,10
lccn/sn89053729/1912-08-29,2,8,5,3
lccn/sn89053729/1913-03-03,2,10,5,5
lccn/sn89053729/1913-03-05,1,0,0,0
lccn/sn89053729/1913-02-22,2,14,12,2
lccn/sn89053729/1913-02-23,2,13,12,1
lccn/sn89053729/1912-09-05,2,10,4,6
lccn/sn85042790/1922-05-25,2,11,4,7
lccn/sn85042790/1922-12-07,1,4,10,-6
lccn/sn85042790/1920-07-15,2,9,8,1
lccn/sn85042790/1920-12-09,2,29,7,22
lccn/sn85042790/1919-05-01,2,11,3,8
lccn/sn85042790/1915-04-22,2,10,3,7
lccn/sn99068116/1908-01-30,1,1,9,-8
lccn/sn99068116/1908-03-19,1,7,11,-4
lccn/sn85042790/1915-08-26,1,7,15,-8
lccn/sn85042790/1912-09-05,1,4,6,-2
lccn/sn85042790/1911-04-13,2,16,8,8
lccn/sn85042790/1911-04-20,1,5,5,0
lccn/sn89053729/1913-02-28,2,14,2,12
lccn/sn85042790/1923-05-03,1,13,15,-2
lccn/sn92070146/1923-03-19,2,5,4,1
lccn/sn87093407/1925-11-02,1,1,10,-9
lccn/sn87093407/1924-10-10,2,15,12,3
lccn/sn87093407/1924-10-04,2,9,6,3
lccn/sn87093407/1925-02-09,2,18,7,11
lccn/sn82014085/1932-06-03,2,5,2,3
lccn/sn82014085/1932-02-18,2,7,6,1
lccn/sn82014085/1932-01-21,1,8,9,-1
lccn/sn82014085/1932-06-23,2,10,2,8
lccn/sn82014085/1932-06-18,2,7,1,6
lccn/sn82014085/1932-03-19,2,4,3,1
lccn/sn82014085/1932-06-22,2,13,12,1
lccn/sn82014085/1932-09-01,1,1,3,-2
lccn/sn82014085/1932-09-01,2,11,7,4
lccn/sn86090947/1919-06-27,1,3,11,-8
lccn/sn87093407/1925-06-26,1,0,0,0
lccn/sn87093407/1925-06-08,2,16,10,6
lccn/sn87093407/1925-06-03,1,2,12,-10
lccn/sn87093407/1924-09-25,1,10,20,-10
lccn/sn92070146/1922-02-27,1,0,0,0
lccn/sn92070146/1919-02-08,2,7,4,3
lccn/sn89053729/1912-12-12,1,0,0,0
lccn/sn92070146/1923-02-09,1,1,5,-4
lccn/sn85035524/1915-06-11,2,5,4,1
lccn/sn85035524/1919-06-13,2,18,9,9
lccn/sn85035524/1919-09-26,1,6,7,-1
lccn/sn92064044/1894-05-25,2,9,6,3
lccn/sn84020422/1907-09-04,2,14,4,10
lccn/sn84020422/1908-06-24,2,6,2,4
lccn/sn85035524/1923-01-05,2,20,0,20
lccn/sn90063041/1922-03-17,2,14,5,9
lccn/sn90063041/1922-06-16,1,3,5,-2
lccn/sn85035524/1921-09-30,1,0,2,-2
lccn/sn85035524/1921-11-25,2,10,7,3
lccn/sn85035524/1921-06-10,1,3,3,0
lccn/sn85035524/1923-11-09,1,4,7,-3
lccn/sn85035524/1921-04-15,2,15,11,4
lccn/sn85035524/1921-03-18,2,9,4,5
lccn/sn90063041/1919-03-14,2,9,5,4
lccn/sn90063041/1921-12-16,2,18,1,17
lccn/sn85035524/1919-05-02,2,10,7,3
lccn/sn85035524/1919-04-04,2,1,0,1
lccn/sn85035524/1916-09-29,2,12,10,2
lccn/sn84020422/1917-10-24,1,9,11,-2
lccn/sn84020422/1916-11-08,2,28,6,22
lccn/sn84020422/1918-06-05,2,8,4,4
lccn/sn92070146/1928-05-31,2,10,7,3
lccn/sn82014085/1934-07-20,1,3,17,-14
lccn/sn82014085/1934-08-06,1,0,0,0
lccn/sn82014085/1934-05-17,2,2,0,2
lccn/sn82014085/1934-04-23,1,2,9,-7
lccn/sn82014085/1934-01-10,2,14,1,13
lccn/sn82014085/1934-01-10,2,6,3,3
lccn/sn82014085/1934-01-11,2,11,6,5
lccn/sn82014085/1934-02-08,1,0,6,-6
lccn/sn82014085/1933-12-12,2,9,3,6
lccn/sn82014085/1934-01-03,1,4,4,0
lccn/sn82014085/1933-12-20,1,1,1,0
lccn/sn82014085/1933-11-18,1,0,3,-3
lccn/sn82014085/1934-11-22,2,9,1,8
lccn/sn82014085/1934-09-17,2,6,3,3
lccn/sn82014085/1933-06-24,1,4,8,-4
lccn/sn82014085/1933-05-23,2,23,12,11
lccn/sn82014085/1933-04-20,2,9,8,1
lccn/sn82014085/1933-09-05,2,5,4,1
lccn/sn82014085/1933-09-02,1,4,21,-17
lccn/sn82014085/1933-02-16,1,6,6,0
lccn/sn83025247/1943-04-16,1,5,6,-1
lccn/sn83025247/1943-09-24,2,7,5,2
lccn/sn89064489/1932-11-17,2,6,4,2
lccn/sn89064489/1932-11-24,2,13,4,9
lccn/sn89064489/1932-11-03,2,13,10,3
lccn/sn89064489/1933-02-09,2,5,2,3
lccn/sn89064489/1935-01-31,2,8,2,6
lccn/sn89064489/1934-12-20,2,24,14,10
lccn/sn89064489/1931-05-28,2,10,3,7
lccn/sn89064489/1933-09-07,2,13,4,9
lccn/sn89064489/1937-09-16,1,0,6,-6
lccn/sn89064489/1938-03-24,2,11,2,9
lccn/sn89064489/1938-09-08,1,2,3,-1
lccn/sn89064489/1938-12-22,2,5,2,3
lccn/sn83025247/1947-01-24,1,4,12,-8
lccn/sn83025247/1945-04-06,2,7,6,1
lccn/sn83025247/1944-12-01,1,6,8,-2
lccn/sn89064489/1936-10-29,2,16,2,14
lccn/sn89064489/1936-12-03,2,10,1,9
lccn/sn89064489/1937-06-03,1,11,14,-3
lccn/sn89064489/1935-10-03,2,20,17,3
lccn/sn89064489/1935-11-21,2,7,4,3
lccn/sn89064489/1936-07-30,1,4,6,-2
lccn/sn89064489/1936-07-02,1,3,6,-3
lccn/sn89064489/1935-08-22,2,10,4,6
lccn/sn89064489/1935-04-11,2,5,3,2
lccn/sn89064489/1936-09-17,2,7,3,4
lccn/sn89064489/1936-10-08,2,5,1,4
lccn/sn89064489/1935-06-06,2,9,6,3
lccn/sn89064489/1941-09-11,2,8,2,6
lccn/sn89064489/1941-08-28,1,5,7,-2
lccn/sn89064489/1941-08-21,2,10,2,8
lccn/sn89064489/1940-11-21,2,10,1,9
lccn/sn89064489/1940-08-22,1,3,15,-12
lccn/sn89064489/1940-09-19,2,4,0,4
lccn/sn89064489/1940-03-07,2,4,2,2
lccn/sn89064489/1940-05-23,2,18,9,9
lccn/sn89064489/1940-05-30,1,6,8,-2
lccn/sn89064489/1941-01-23,1,7,8,-1
lccn/sn89064489/1941-10-30,2,23,9,14
lccn/sn92064044/1902-07-04,2,11,8,3
lccn/sn92064044/1903-09-25,2,11,2,9
lccn/sn92064044/1905-09-01,1,11,12,-1
lccn/sn92064044/1905-09-08,2,4,2,2
lccn/sn92064044/1905-09-15,2,12,4,8
lccn/sn88085187/1940-06-03,2,5,4,1
lccn/sn88085187/1940-07-29,1,1,2,-1
lccn/sn88085187/1940-07-09,1,7,16,-9
lccn/sn88085187/1941-03-29,2,3,1,2
lccn/sn88085187/1941-01-18,2,9,5,4
lccn/sn88085187/1941-06-10,2,7,3,4
lccn/sn88085187/1941-06-19,2,8,4,4
lccn/sn88085187/1940-05-15,1,6,6,0
lccn/sn88085187/1939-02-08,1,4,13,-9
lccn/sn88085187/1939-06-12,1,1,6,-5
lccn/sn88085187/1939-04-22,1,2,5,-3
lccn/sn88085187/1939-03-30,2,18,2,16
lccn/sn88085187/1939-04-10,2,6,4,2
lccn/sn88087034/1935-05-08,1,6,15,-9
lccn/sn88085187/1939-11-14,1,0,0,0
lccn/sn88085187/1939-10-25,2,1,0,1
lccn/sn88085187/1939-03-29,2,17,2,15
lccn/sn88085733/1934-07-27,1,3,12,-9
lccn/sn84022149/1882-08-24,1,0,0,0
lccn/sn92070146/1929-05-11,2,7,2,5
lccn/sn92070146/1929-03-16,2,16,0,16
lccn/sn92070146/1929-02-09,1,1,4,-3
lccn/sn92070146/1929-06-29,2,11,6,5
lccn/sn92070146/1929-06-22,2,8,3,5
lccn/sn92070146/1929-03-09,1,5,5,0
lccn/sn92070146/1929-02-23,2,12,2,10
lccn/sn92070146/1929-02-26,2,15,4,11
lccn/sn92070146/1929-04-13,2,3,2,1
lccn/sn92070146/1929-07-13,2,6,3,3
lccn/sn92070146/1929-07-06,2,8,3,5
lccn/sn92070146/1932-05-26,2,8,4,4
lccn/sn92070146/1932-03-01,2,14,1,13
lccn/sn92070146/1932-02-22,2,9,5,4
lccn/sn92070146/1932-05-21,2,17,1,16
lccn/sn92070146/1931-05-29,2,7,1,6
lccn/sn92070146/1931-03-09,2,10,3,7
lccn/sn92070146/1931-12-14,2,12,4,8
lccn/sn92070146/1931-09-12,1,0,0,0
lccn/sn92070146/1929-04-06,2,12,5,7
lccn/sn92070146/1929-03-30,2,5,3,2
lccn/sn92070146/1929-04-27,2,14,1,13
lccn/sn92070146/1930-12-06,2,10,4,6
lccn/sn92070146/1929-04-16,2,1,0,1
lccn/sn92070146/1929-05-04,2,12,4,8
lccn/sn92070146/1929-05-25,2,13,5,8
lccn/sn92070146/1929-06-08,2,3,2,1
lccn/sn92070146/1930-07-22,2,8,3,5
lccn/sn85059586/1920-02-12,2,12,7,5
lccn/sn85059587/1921-04-28,2,6,5,1
lccn/sn85059586/1920-03-30,1,10,10,0
lccn/sn85059587/1921-06-15,2,2,0,2
lccn/sn85059542/1912-03-29,2,19,4,15
lccn/sn85059542/1913-12-05,2,10,8,2
lccn/sn86072173/1890-08-24,2,7,2,5
lccn/sn86072173/1890-08-26,2,12,6,6
lccn/sn86072173/1890-01-04,1,8,11,-3
lccn/sn86072173/1889-05-18,1,15,23,-8
lccn/sn84020657/1923-03-03,1,5,7,-2
lccn/sn84020657/1923-03-05,2,5,1,4
lccn/sn84020657/1923-01-19,2,11,5,6
lccn/sn84020657/1923-05-12,2,5,4,1
lccn/sn83016209/1917-02-16,2,8,1,7
lccn/sn83016209/1919-08-08,2,9,5,4
lccn/sn85040614/1919-11-28,1,13,13,0
lccn/sn85040613/1912-09-25,1,4,13,-9
lccn/sn85040614/1920-01-30,1,5,8,-3
lccn/sn85040613/1909-09-29,1,0,0,0
lccn/sn89051294/1912-03-29,2,6,3,3
lccn/sn89051294/1910-03-18,1,5,6,-1
lccn/sn89051294/1912-02-09,2,13,10,3
lccn/sn89051294/1916-09-15,2,14,13,1
lccn/sn89051294/1917-08-31,2,6,5,1
lccn/sn89051294/1914-12-04,2,9,3,6
lccn/sn85040613/1897-06-28,2,20,8,12
lccn/sn92050044/1917-08-31,1,5,7,-2
lccn/sn92050044/1916-02-11,1,0,0,0
lccn/sn92050044/1918-10-04,2,20,5,15
lccn/sn92050044/1918-12-20,1,9,12,-3
lccn/sn92050044/1921-08-18,1,3,3,0
lccn/sn83016209/1944-12-28,2,23,6,17
lccn/sn83016209/1932-09-16,1,9,14,-5
lccn/sn83016209/1941-01-09,1,0,10,-10
lccn/sn83016209/1941-01-16,1,3,7,-4
lccn/sn83016209/1940-10-10,2,5,1,4
lccn/sn83016209/1940-03-28,1,0,0,0
lccn/sn83016209/1941-05-15,1,7,10,-3
lccn/sn83016209/1943-02-18,1,4,6,-2
lccn/sn83016209/1936-10-08,1,9,9,0
lccn/sn84022980/1903-09-24,2,11,3,8
lccn/sn84022980/1903-10-01,2,10,2,8
lccn/sn84022980/1903-08-27,1,0,1,-1
lccn/sn84022980/1903-10-15,2,12,1,11
lccn/sn84022980/1903-10-22,2,13,2,11
lccn/sn84022980/1905-11-02,2,6,1,5
lccn/sn84022980/1905-11-09,2,5,4,1
lccn/sn84022980/1905-11-16,2,5,1,4
lccn/sn84022980/1905-11-23,2,4,1,3
lccn/sn84022980/1905-11-30,1,0,0,0
lccn/sn84022980/1918-05-10,2,16,11,5
lccn/sn84022980/1917-08-30,1,5,10,-5
lccn/sn85040613/1916-01-26,2,5,4,1
lccn/sn85040613/1920-01-28,2,8,5,3
lccn/sn85040613/1919-07-09,1,6,21,-15
lccn/sn82014248/1897-08-27,2,5,4,1
lccn/sn92070146/1932-12-08,2,6,2,4
lccn/sn92070146/1933-01-19,1,2,4,-2
lccn/sn92070146/1933-04-19,2,4,3,1
lccn/sn92070146/1933-04-26,2,11,5,6
lccn/sn92070146/1933-05-22,1,4,4,0
lccn/sn85026941/1925-05-29,2,6,0,6
lccn/sn85026941/1925-12-18,1,11,11,0
lccn/sn82014085/1935-04-04,2,3,1,2
lccn/sn82014085/1935-02-18,2,7,4,3
lccn/sn82014085/1935-10-03,2,7,4,3
lccn/sn82014085/1935-09-20,1,9,10,-1
lccn/sn82014085/1935-11-05,1,2,5,-3
lccn/sn82014085/1935-09-14,2,8,1,7
lccn/sn82014085/1935-05-21,1,0,0,0
lccn/sn82014085/1935-04-17,1,2,8,-6
lccn/sn82014085/1935-06-15,1,3,3,0
lccn/sn82014085/1935-12-21,2,9,6,3
lccn/sn86063730/1935-01-17,2,12,5,7
lccn/sn86063730/1935-01-17,2,11,6,5
lccn/sn86063730/1935-01-18,2,11,7,4
lccn/sn87056978/1935-04-04,1,6,6,0
lccn/sn86063730/1935-04-04,2,2,1,1
lccn/sn86063730/1935-04-05,1,7,10,-3
lccn/sn86063730/1935-04-04,1,5,7,-2
lccn/sn86063730/1935-05-28,1,5,11,-6
lccn/sn86063730/1935-05-28,1,6,10,-4
lccn/sn86063730/1935-05-29,1,6,10,-4
lccn/sn86063730/1935-05-22,2,6,2,4
lccn/sn86063730/1935-05-23,2,6,2,4
lccn/sn85033123/1870-03-31,2,15,1,14
lccn/sn85033123/1873-02-13,2,11,4,7
lccn/sn85033123/1873-02-27,2,7,2,5
lccn/sn99068116/1902-04-10,1,8,16,-8
lccn/sn99068116/1904-03-03,2,19,5,14
lccn/sn99068116/1898-05-19,2,8,7,1
lccn/sn84020657/1922-02-04,1,2,3,-1
lccn/sn92070146/1927-04-04,1,1,2,-1
lccn/sn92070146/1927-05-28,2,11,0,11
lccn/sn92070146/1927-11-21,2,14,3,11
lccn/sn92070146/1927-07-13,1,6,7,-1
lccn/sn92070146/1927-12-10,2,3,2,1
lccn/sn92070146/1927-11-05,1,3,5,-2
lccn/sn89066313/1909-11-16,1,2,6,-4
lccn/sn85026941/1922-05-19,2,17,7,10
lccn/sn85026941/1922-05-05,2,15,11,4
lccn/sn85026941/1922-09-08,2,8,2,6
lccn/sn85026941/1923-04-06,1,5,12,-7
lccn/sn85026941/1923-04-27,2,3,0,3
lccn/sn85026941/1920-06-11,1,2,8,-6
lccn/sn85026941/1920-04-23,1,5,5,0
lccn/sn84020657/1921-10-17,2,13,3,10
lccn/sn96060004/1919-06-30,1,4,6,-2
lccn/sn96060004/1918-01-28,2,9,1,8
lccn/sn86063730/1935-09-27,2,5,1,4
lccn/sn86063730/1935-09-27,2,10,1,9
lccn/sn83025247/1950-09-08,1,0,0,0
lccn/sn83025247/1947-12-19,2,6,1,5
lccn/sn83025247/1948-04-02,2,8,6,2
lccn/sn86063730/1935-08-30,2,10,2,8
lccn/sn92070146/1923-09-17,2,18,6,12
lccn/sn92070146/1923-10-19,2,9,4,5
lccn/sn92070146/1924-05-29,1,3,7,-4
lccn/sn92070146/1926-03-20,2,9,0,9
lccn/sn92070146/1926-04-03,1,5,7,-2
lccn/sn92070146/1926-03-13,2,12,0,12
lccn/sn92070146/1926-02-27,1,5,5,0
lccn/sn92070146/1926-02-20,2,12,6,6
lccn/sn92070146/1926-02-13,1,4,5,-1
lccn/sn92070146/1925-12-11,1,6,6,0
lccn/sn92070146/1925-12-26,2,2,1,1
lccn/sn92070146/1926-01-01,2,2,0,2
lccn/sn92070146/1926-01-15,2,5,0,5
lccn/sn92070146/1925-11-02,1,2,12,-10
lccn/sn92070146/1926-04-10,1,2,3,-1
lccn/sn92070146/1925-02-07,2,4,1,3
lccn/sn92070146/1924-09-09,2,8,4,4
lccn/sn92070146/1925-06-05,2,16,7,9
lccn/sn92070146/1925-05-14,1,2,4,-2
lccn/sn92070146/1926-08-14,2,4,3,1
lccn/sn92070146/1926-06-26,2,2,0,2
lccn/sn92070146/1926-07-08,1,6,8,-2
lccn/sn92070146/1926-07-14,1,5,12,-7
lccn/sn92070146/1926-07-10,2,7,4,3
lccn/sn92070146/1926-06-05,2,3,0,3
lccn/sn92070146/1926-06-04,1,2,4,-2
lccn/sn92070146/1926-05-28,2,3,2,1
lccn/sn92070146/1926-05-29,2,9,7,2
lccn/sn92070146/1926-05-29,2,2,0,2
lccn/sn92070146/1926-07-31,1,5,9,-4
lccn/sn92070146/1926-05-08,2,2,1,1
lccn/sn92070146/1926-07-24,2,6,1,5
lccn/sn92070146/1926-08-07,2,8,7,1
lccn/sn89053729/1913-06-08,1,4,11,-7
lccn/sn89053729/1913-06-08,2,4,2,2
lccn/sn86063730/1937-01-17,2,24,11,13
lccn/sn86063730/1936-12-20,1,5,6,-1
lccn/sn86063730/1936-12-20,2,4,1,3
lccn/sn89053729/1913-07-13,2,8,1,7
lccn/sn86063730/1936-05-19,2,6,1,5
lccn/sn86063730/1936-05-19,2,8,1,7
lccn/sn86063730/1936-05-01,1,5,14,-9
lccn/sn86063730/1936-05-22,2,6,5,1
lccn/sn86063730/1936-05-22,2,6,5,1
lccn/sn89053729/1913-11-04,2,2,0,2
lccn/sn87056978/1935-10-14,1,3,8,-5
lccn/sn86063730/1935-12-08,1,6,11,-5
lccn/sn86063730/1936-01-30,1,4,7,-3
lccn/sn86063730/1936-01-31,1,5,5,0
lccn/sn86063730/1936-01-31,1,1,4,-3
lccn/sn86063730/1936-02-02,2,8,3,5
lccn/sn86063730/1936-02-01,1,2,3,-1
lccn/sn86063730/1936-02-02,2,8,4,4
lccn/sn92070146/1937-02-23,2,13,2,11
lccn/sn92070146/1937-09-26,2,11,6,5
lccn/sn92070146/1937-10-01,2,9,4,5
lccn/sn92070146/1937-10-20,2,10,3,7
lccn/sn92070146/1940-03-22,2,10,8,2
lccn/sn92070146/1940-06-09,2,7,2,5
lccn/sn92070146/1940-06-02,2,7,1,6
lccn/sn92070146/1940-05-27,1,0,0,0
lccn/sn92070146/1939-10-15,1,4,5,-1
lccn/sn92070146/1937-04-07,1,7,10,-3
lccn/sn92070146/1940-12-02,2,6,3,3
lccn/sn92070146/1940-09-04,2,7,6,1
lccn/sn92070146/1934-02-16,2,4,2,2
lccn/sn92070146/1933-12-16,2,9,3,6
lccn/sn92070146/1934-12-05,2,6,2,4
lccn/sn92070146/1934-12-21,2,6,3,3
lccn/sn92070146/1934-06-18,1,0,0,0
lccn/sn92070146/1935-05-31,2,13,2,11
lccn/sn92070146/1935-02-18,1,5,6,-1
lccn/sn92070146/1935-01-24,1,8,13,-5
lccn/sn92070146/1935-10-12,1,0,0,0
lccn/sn92070146/1936-04-07,2,13,5,8
lccn/sn92070146/1936-05-26,2,7,3,4
lccn/sn92070146/1936-05-19,2,10,9,1
lccn/sn92070146/1936-05-31,1,4,11,-7
lccn/sn92070146/1936-06-01,1,1,5,-4
lccn/sn82014085/1936-12-05,2,9,7,2
lccn/sn82014085/1936-05-27,2,10,3,7
lccn/sn82014085/1936-06-03,1,4,4,0
lccn/sn82014085/1936-05-29,2,3,1,2
lccn/sn82014085/1936-11-20,2,18,9,9
lccn/sn82014085/1936-12-24,2,5,2,3
lccn/sn82014085/1936-10-20,2,11,2,9
lccn/sn82014085/1936-10-28,1,6,11,-5
lccn/sn82014085/1936-10-24,2,13,9,4
lccn/sn82014085/1936-10-07,1,1,8,-7
lccn/sn82014085/1936-10-05,1,7,11,-4
lccn/sn82014085/1937-01-30,2,13,3,10
lccn/sn82014085/1937-04-08,2,9,6,3
lccn/sn82014085/1937-01-11,1,3,10,-7
lccn/sn82014085/1937-01-23,2,12,1,11
lccn/sn82014085/1936-08-21,1,6,6,0
lccn/sn82014085/1936-09-17,1,6,11,-5
lccn/sn82014085/1936-06-06,2,8,2,6
lccn/sn82014085/1936-04-24,2,6,5,1
lccn/sn82014085/1936-04-06,2,19,7,12
lccn/sn89053729/1913-09-19,1,9,12,-3
lccn/sn82014085/1937-05-07,1,5,7,-2
lccn/sn82014085/1937-06-25,1,0,0,0
lccn/sn82014085/1937-06-25,2,9,2,7
lccn/sn82014085/1937-06-03,2,8,7,1
lccn/sn82014085/1937-04-26,2,8,4,4
lccn/sn82014085/1937-04-21,2,12,4,8
lccn/sn82014085/1937-08-31,1,2,6,-4
lccn/sn83016804/1945-04-06,2,7,3,4
lccn/sn83016804/1947-01-24,1,3,12,-9
lccn/sn83016804/1948-02-06,2,9,4,5
lccn/sn83016804/1944-12-01,1,6,8,-2
lccn/sn83016804/1946-07-05,2,8,4,4
lccn/sn83016804/1947-10-03,2,15,1,14
lccn/sn83016804/1943-04-16,1,5,6,-1
lccn/sn83016804/1950-09-08,2,3,0,3
lccn/sn82014085/1941-04-08,1,9,10,-1
lccn/sn82014085/1941-01-07,1,2,2,0
lccn/sn82014085/1940-03-15,2,9,8,1
lccn/sn82014085/1940-04-22,2,7,3,4
lccn/sn82014085/1940-12-20,2,5,0,5
lccn/sn82014085/1940-12-23,2,11,3,8
lccn/sn82014085/1941-01-29,1,0,0,0
lccn/sn82014085/1940-11-22,1,0,0,0
lccn/sn82014085/1940-04-16,2,10,3,7
lccn/sn82014085/1940-04-10,2,15,6,9
lccn/sn82014085/1940-07-19,2,9,3,6
lccn/sn82014085/1940-07-17,2,12,5,7
lccn/sn82014085/1940-07-17,2,9,1,8
lccn/sn82014085/1940-07-18,2,11,1,10
lccn/sn82014085/1940-02-06,2,9,2,7
lccn/sn82014085/1940-03-11,1,8,16,-8
lccn/sn82014085/1940-03-07,1,0,0,0
lccn/sn82014085/1940-05-10,2,9,2,7
lccn/sn82014085/1940-05-13,1,3,8,-5
lccn/sn82014085/1940-05-06,2,10,9,1
lccn/sn82014085/1940-11-05,1,3,4,-1
lccn/sn82014085/1940-11-09,1,0,0,0
lccn/sn82014085/1940-09-20,1,0,0,0
lccn/sn82014085/1940-07-15,2,4,3,1
lccn/sn82014085/1940-02-19,1,2,5,-3
lccn/sn82014248/1900-06-12,2,14,5,9
lccn/sn82014248/1899-06-17,1,4,7,-3
lccn/sn82014248/1899-07-08,2,16,8,8
lccn/sn82014248/1899-06-27,2,15,6,9
lccn/sn82014248/1898-07-14,2,8,7,1
lccn/sn82014248/1898-12-17,2,19,2,17
lccn/sn82014248/1898-12-14,1,0,0,0
lccn/sn82014248/1898-12-16,2,12,5,7
lccn/sn82014085/1939-09-23,2,14,6,8
lccn/sn82014085/1939-10-30,1,0,0,0
lccn/sn82014085/1939-08-10,1,8,9,-1
lccn/sn82014085/1939-07-05,1,3,4,-1
lccn/sn82014085/1939-11-03,1,7,10,-3
lccn/sn82014085/1939-12-23,2,16,5,11
lccn/sn82014085/1939-12-07,2,6,4,2
lccn/sn82014085/1939-10-31,1,1,7,-6
lccn/sn82014085/1939-11-06,1,1,10,-9
lccn/sn91070630/1895-06-27,2,5,3,2
lccn/sn91070630/1895-10-05,2,6,4,2
lccn/sn91070630/1896-04-09,1,7,8,-1
lccn/sn91070630/1893-10-18,2,15,7,8
lccn/sn91070630/1894-01-30,2,16,2,14
lccn/sn91070630/1898-08-31,1,0,3,-3
lccn/sn92070146/1941-11-21,1,0,0,0
lccn/sn89051168/1913-09-03,2,21,7,14
lccn/sn89051168/1913-02-26,2,17,1,16
lccn/sn92070146/1944-10-01,2,12,1,11
lccn/sn92070146/1945-04-24,2,11,3,8
lccn/sn92070146/1945-03-22,2,5,3,2
lccn/sn92070146/1945-03-25,2,6,2,4
lccn/sn92070146/1945-03-13,2,12,7,5
lccn/sn89051168/1914-09-30,1,2,10,-8
lccn/sn89051168/1914-10-28,2,7,6,1
lccn/sn89051168/1915-05-27,1,3,7,-4
lccn/sn89051168/1915-09-28,1,0,2,-2
lccn/sn92070146/1941-07-23,1,9,9,0
lccn/sn92070146/1943-02-25,2,10,4,6
lccn/sn92070146/1943-09-14,1,2,2,0
lccn/sn92070146/1944-01-20,2,7,6,1
lccn/sn92070146/1944-01-09,2,9,3,6
lccn/sn92070146/1944-03-31,2,6,0,6
lccn/sn92070146/1944-06-11,1,4,7,-3
lccn/sn92070146/1944-06-05,1,6,6,0
lccn/sn91070630/1897-09-30,2,25,5,20
lccn/sn89051168/1903-05-26,1,0,8,-8
lccn/sn91070630/1897-04-03,2,20,4,16
lccn/sn92064044/1899-09-29,1,8,9,-1
lccn/sn91070630/1897-09-21,2,5,0,5
lccn/sn91070630/1898-04-15,1,6,8,-2
lccn/sn89051168/1916-10-18,2,3,2,1
lccn/sn89051168/1917-11-30,2,9,3,6
lccn/sn85038485/1916-02-27,2,12,0,12
lccn/sn85038485/1916-01-30,2,25,1,24
lccn/sn85038485/1916-01-23,2,10,5,5
lccn/sn85038485/1916-07-30,2,15,12,3
lccn/sn85038485/1920-06-19,1,3,8,-5
lccn/sn85038485/1916-04-02,1,6,7,-1
lccn/sn85038485/1916-05-22,1,7,7,0
lccn/sn85038485/1916-06-04,1,4,4,0
lccn/sn85038485/1916-06-02,2,6,5,1
lccn/sn85038485/1916-05-30,2,34,19,15
lccn/sn85038485/1917-03-04,1,1,3,-2
lccn/sn90052005/1910-08-20,2,12,5,7
lccn/sn90052005/1910-11-04,1,5,8,-3
lccn/sn87062224/1949-08-12,1,5,5,0
lccn/sn87062224/1949-08-05,2,11,4,7
lccn/sn87062224/1949-07-08,1,6,8,-2
lccn/sn87062224/1948-05-21,1,9,11,-2
lccn/sn85038485/1919-09-28,2,7,3,4
lccn/sn85038485/1919-09-22,2,12,0,12
lccn/sn85038485/1919-10-08,2,9,7,2
lccn/sn85033255/1878-04-25,2,4,2,2
lccn/sn85033255/1876-05-11,2,3,1,2
lccn/sn85038485/1919-07-25,2,13,5,8
lccn/sn87062224/1924-05-30,1,1,7,-6
lccn/sn87062224/1922-11-24,2,27,12,15
lccn/sn87062224/1922-11-24,1,3,3,0
lccn/sn87062224/1923-01-05,1,1,4,-3
lccn/sn87062224/1922-10-20,1,6,7,-1
lccn/sn87062224/1922-06-02,2,7,6,1
lccn/sn87062224/1921-09-30,2,2,1,1
lccn/sn87062224/1924-02-01,2,24,1,23
lccn/sn87062224/1923-11-09,2,11,3,8
lccn/sn87062224/1923-11-09,2,8,5,3
lccn/sn87062224/1923-12-07,2,2,1,1
lccn/sn87062224/1923-03-16,1,1,2,-1
lccn/sn87062224/1925-06-26,1,7,12,-5
lccn/sn87062224/1925-02-27,2,3,1,2
lccn/sn87062224/1924-10-24,2,12,5,7
lccn/sn87062224/1925-03-27,2,23,21,2
lccn/sn87062224/1926-01-01,1,1,5,-4
lccn/sn87062224/1917-06-08,2,6,5,1
lccn/sn87062224/1920-02-13,1,4,9,-5
lccn/sn87062224/1919-05-30,2,7,4,3
lccn/sn87062224/1928-02-10,2,22,3,19
lccn/sn87062224/1928-06-29,1,1,2,-1
lccn/sn87062224/1929-06-07,2,4,3,1
lccn/sn87062224/1928-01-20,1,7,11,-4
lccn/sn87062224/1927-05-13,1,2,3,-1
lccn/sn87062224/1927-10-28,1,3,3,0
lccn/sn87062224/1928-04-27,2,5,3,2
lccn/sn87062224/1929-09-13,1,3,6,-3
lccn/sn87062224/1916-02-04,1,2,3,-1
lccn/sn87062224/1915-08-13,2,6,1,5
lccn/sn87062224/1917-02-16,2,8,4,4
lccn/sn87062224/1914-06-26,2,9,4,5
lccn/sn87062224/1914-12-18,2,11,5,6
lccn/sn82014085/1943-01-15,1,0,0,0
lccn/sn82014085/1943-01-20,1,3,6,-3
lccn/sn87062224/1930-10-10,1,4,11,-7
lccn/sn87062224/1930-12-12,2,5,4,1
lccn/sn87062224/1930-11-14,2,12,7,5
lccn/sn87062224/1930-10-31,2,4,2,2
lccn/sn87062224/1929-10-18,2,3,2,1
lccn/sn87062224/1930-07-04,1,4,7,-3
lccn/sn87062224/1930-09-05,2,13,6,7
lccn/sn87062224/1930-01-31,2,7,6,1
lccn/sn87062224/1929-09-27,1,5,10,-5
lccn/sn87062224/1930-01-17,2,10,2,8
lccn/sn82014085/1943-05-01,1,5,5,0
lccn/sn82014085/1943-05-12,2,5,3,2
lccn/sn82014085/1943-03-01,1,0,0,0
lccn/sn82014085/1943-03-13,1,2,4,-2
lccn/sn82014085/1943-07-14,1,5,12,-7
lccn/sn82014085/1943-06-02,2,13,3,10
lccn/sn82014085/1943-11-06,2,15,9,6
lccn/sn82014085/1943-11-16,1,1,4,-3
lccn/sn82014085/1943-10-09,1,0,3,-3
lccn/sn82014085/1943-09-11,2,7,0,7
lccn/sn82014085/1944-02-01,2,8,4,4
lccn/sn85040310/1915-09-09,2,10,9,1
lccn/sn85040310/1916-02-03,2,8,0,8
lccn/sn85040310/1916-02-17,1,6,6,0
lccn/sn85040310/1916-01-20,1,7,7,0
lccn/sn85040310/1915-05-06,2,18,5,13
lccn/sn85038485/1920-02-25,2,11,8,3
lccn/sn85038485/1920-05-28,2,12,2,10
lccn/sn85040310/1921-06-02,2,8,6,2
lccn/sn85040310/1921-03-24,1,7,10,-3
lccn/sn85040310/1920-09-02,1,0,6,-6
lccn/sn85040310/1918-01-10,2,24,11,13
lccn/sn85040310/1905-09-14,2,17,7,10
lccn/sn85040310/1905-05-11,1,10,10,0
lccn/sn85040310/1908-09-17,2,4,1,3
lccn/sn85040310/1903-04-16,1,6,8,-2
lccn/sn85040310/1902-12-18,1,5,8,-3
lccn/sn85040310/1911-02-02,2,12,6,6
lccn/sn85040310/1909-08-19,1,6,6,0
lccn/sn85040310/1909-10-14,2,10,9,1
lccn/sn85040310/1909-03-25,2,33,5,28
lccn/sn85040310/1911-03-23,2,3,2,1
lccn/sn85040310/1912-04-11,2,7,6,1
lccn/sn85040310/1912-11-07,2,17,4,13
lccn/sn85040310/1911-06-22,2,13,0,13
lccn/sn85040310/1911-09-14,2,26,19,7
lccn/sn90052005/1917-05-07,1,6,9,-3
lccn/sn90052005/1917-12-29,1,0,0,0
lccn/sn90052005/1918-10-23,1,6,12,-6
lccn/sn90052005/1918-11-03,2,5,3,2
lccn/sn85038485/1917-05-16,2,13,10,3
lccn/sn85038485/1916-12-12,2,10,5,5
lccn/sn82014248/1904-06-15,2,17,2,15
lccn/sn82014248/1904-06-17,2,16,8,8
lccn/sn82014248/1904-04-21,2,16,15,1
lccn/sn82014248/1904-11-29,1,3,10,-7
lccn/sn82014248/1905-05-26,1,5,12,-7
lccn/sn82014248/1905-06-02,2,10,5,5
lccn/sn82014248/1905-08-29,2,6,2,4
lccn/sn82014248/1905-06-19,2,15,7,8
lccn/sn82014248/1905-12-16,2,12,7,5
lccn/sn87062010/1903-03-18,1,10,11,-1
lccn/sn82014248/1904-03-24,1,0,0,0
lccn/sn85033221/1870-11-09,1,0,0,0
lccn/sn87062010/1903-07-18,2,11,8,3
lccn/sn87062011/1907-12-07,1,7,7,0
lccn/sn94050093/1932-12-16,1,6,13,-7
lccn/sn94050093/1933-05-19,2,14,0,14
lccn/sn94050093/1936-09-11,1,1,7,-6
lccn/sn94050093/1937-12-03,1,3,4,-1
lccn/sn94050093/1944-04-14,2,10,7,3
lccn/sn94050093/1944-09-15,1,1,9,-8
lccn/sn88065202/1909-11-18,1,2,5,-3
lccn/sn88065202/1908-02-20,1,4,5,-1
lccn/sn88065202/1907-01-31,2,11,10,1
lccn/sn84024653/1865-09-08,2,9,4,5
lccn/sn84024653/1865-09-01,2,17,7,10
lccn/sn82014085/1937-09-29,1,8,9,-1
lccn/sn82014085/1938-02-15,1,8,8,0
lccn/sn82014085/1938-01-26,2,12,5,7
lccn/sn82014085/1938-06-16,2,6,5,1
lccn/sn82014085/1938-06-11,2,16,2,14
lccn/sn82014085/1938-05-19,1,0,0,0
lccn/sn82014085/1938-03-25,2,14,5,9
lccn/sn82014085/1938-08-04,1,0,0,0
lccn/sn82014085/1939-03-11,1,5,7,-2
lccn/sn82014085/1939-04-11,1,8,9,-1
lccn/sn82014085/1939-03-18,2,3,2,1
lccn/sn82014085/1939-05-05,1,7,12,-5
lccn/sn82014085/1938-10-18,2,3,2,1
lccn/sn82014085/1938-10-31,2,6,3,3
lccn/sn82014085/1938-11-05,2,8,2,6
lccn/sn82014085/1938-03-12,2,12,2,10
lccn/sn82014085/1938-05-06,1,6,7,-1
lccn/sn82014085/1937-10-08,1,0,0,0
lccn/sn82014085/1938-01-20,1,3,13,-10
lccn/sn82014085/1939-06-09,1,2,8,-6
lccn/sn82014085/1938-01-22,1,5,5,0
lccn/sn87062224/1903-05-15,2,16,6,10
lccn/sn87062224/1903-03-13,1,0,0,0
lccn/sn87062224/1903-04-03,2,4,0,4
lccn/sn87062224/1903-09-04,2,17,7,10
lccn/sn87062224/1912-11-22,1,6,6,0
lccn/sn87062224/1904-10-07,2,16,5,11
lccn/sn87062224/1907-08-02,1,3,5,-2
lccn/sn87062224/1907-08-23,1,2,3,-1
lccn/sn87062224/1906-11-16,1,2,3,-1
lccn/sn87062224/1906-09-14,2,16,4,12
lccn/sn87062224/1904-09-16,1,7,24,-17
lccn/sn87062224/1906-03-16,2,13,5,8
lccn/sn87062224/1909-04-09,1,5,8,-3
lccn/sn87062224/1908-09-11,1,0,1,-1
lccn/sn84020422/1920-05-26,1,1,6,-5
lccn/sn84020422/1922-05-31,2,9,3,6
lccn/sn84020422/1919-08-06,2,10,7,3
lccn/sn84020422/1923-06-27,2,13,4,9
lccn/sn84020422/1921-09-14,1,5,10,-5
lccn/sn84020422/1920-09-08,2,13,6,7
lccn/sn84020422/1921-06-29,1,4,6,-2
lccn/sn84020422/1921-07-20,2,5,2,3
lccn/sn87062224/1911-11-17,2,17,5,12
lccn/sn84020422/1925-06-24,2,16,1,15
lccn/sn83002748/1904-06-30,2,15,13,2
lccn/sn89051168/1912-05-19,1,2,11,-9
lccn/sn83002748/1918-05-16,2,27,7,20
lccn/sn92066929/1923-10-17,1,4,8,-4
lccn/sn83002748/1900-09-27,1,2,12,-10
lccn/sn92066928/1925-06-24,2,12,3,9
lccn/sn87062224/1946-10-11,2,2,0,2
lccn/sn87062224/1946-09-20,2,9,5,4
lccn/sn87062224/1943-07-23,1,0,7,-7
lccn/sn87062224/1946-02-22,1,1,3,-2
lccn/sn87062224/1946-02-22,1,3,8,-5
lccn/sn87062224/1945-02-23,2,15,4,11
lccn/sn87062224/1947-02-21,2,11,3,8
lccn/sn87062224/1947-04-04,1,4,4,0
lccn/sn87062224/1947-05-30,2,8,5,3
lccn/sn87062224/1946-11-29,2,7,1,6
lccn/sn87062224/1947-04-25,1,2,2,0
lccn/sn87062224/1943-07-30,2,10,7,3
lccn/sn87062224/1943-05-21,2,9,5,4
lccn/sn87062224/1932-02-12,2,14,5,9
lccn/sn87062224/1932-04-08,1,4,6,-2
lccn/sn87062224/1932-04-22,2,9,4,5
lccn/sn87062224/1932-03-25,2,10,3,7
lccn/sn87062224/1932-02-26,2,8,4,4
lccn/sn87062224/1932-01-22,2,5,2,3
lccn/sn87062224/1932-10-14,2,4,2,2
lccn/sn87062224/1932-11-18,2,7,6,1
lccn/sn87062224/1932-07-08,1,1,3,-2
lccn/sn87062224/1934-11-30,1,2,7,-5
lccn/sn87062224/1936-06-05,1,5,6,-1
lccn/sn87062224/1935-04-19,2,4,3,1
lccn/sn87062224/1936-10-16,1,6,8,-2
lccn/sn87062224/1935-08-09,1,4,13,-9
lccn/sn87062224/1935-03-15,2,6,5,1
lccn/sn87062224/1934-05-18,1,4,12,-8
lccn/sn87062224/1935-02-22,1,3,12,-9
lccn/sn87062224/1933-10-27,2,10,3,7
lccn/sn87062224/1933-09-08,2,6,4,2
lccn/sn87062224/1938-03-25,1,2,2,0
lccn/sn87062224/1938-02-18,2,25,14,11
lccn/sn87062224/1938-04-01,1,1,1,0
lccn/sn87062224/1938-03-04,1,0,0,0
lccn/sn87062224/1937-11-19,2,10,5,5
lccn/sn87062224/1937-11-12,1,11,11,0
lccn/sn87062224/1937-10-29,2,7,1,6
lccn/sn87062224/1937-08-27,1,2,11,-9
lccn/sn87062224/1937-06-25,1,4,10,-6
lccn/sn87062224/1937-06-18,2,17,8,9
lccn/sn87062224/1937-06-04,2,3,1,2
lccn/sn87062224/1937-05-14,2,14,5,9
lccn/sn87062224/1939-09-01,2,10,5,5
lccn/sn87062224/1940-02-09,2,16,9,7
lccn/sn87062224/1939-04-07,2,19,2,17
lccn/sn87062224/1938-12-09,2,5,3,2
lccn/sn87062224/1938-12-09,2,8,5,3
lccn/sn87062224/1942-10-16,1,2,3,-1
lccn/sn87062224/1942-11-13,1,7,7,0
lccn/sn87062224/1943-02-19,1,6,9,-3
lccn/sn87062224/1943-02-26,2,4,3,1
lccn/sn87062224/1942-04-24,2,5,0,5
lccn/sn87062224/1941-03-07,2,5,3,2
lccn/sn87062224/1941-08-08,1,5,16,-11
lccn/sn87062224/1940-05-24,1,6,9,-3
lccn/sn87062224/1940-11-15,2,18,2,16
lccn/sn87062224/1931-02-27,2,9,1,8
lccn/sn87062224/1931-02-13,2,13,3,10
lccn/sn87062224/1931-05-08,2,23,9,14
lccn/sn87062224/1944-09-15,1,0,1,-1
lccn/sn82014085/1941-10-21,1,7,10,-3
lccn/sn82014085/1941-10-27,2,20,4,16
lccn/sn82014085/1941-10-04,2,5,1,4
lccn/sn82014085/1941-06-17,2,15,7,8
lccn/sn82014085/1941-06-16,2,10,4,6
lccn/sn82014085/1941-06-09,1,1,6,-5
lccn/sn82014085/1941-08-07,1,0,0,0
lccn/sn82014085/1941-08-09,1,4,6,-2
lccn/sn82014085/1942-11-30,2,6,5,1
lccn/sn82014085/1942-02-28,2,8,5,3
lccn/sn82014085/1942-05-05,2,7,1,6
lccn/sn82014085/1942-05-02,2,8,3,5
lccn/sn82014085/1942-02-04,2,7,1,6
lccn/sn82014085/1942-12-29,2,12,7,5
lccn/sn82014085/1944-01-10,1,4,10,-6
lccn/sn82014085/1944-05-02,2,9,7,2
lccn/sn82014085/1944-02-26,2,8,2,6
lccn/sn82014085/1943-12-04,2,5,2,3
lccn/sn82014085/1944-01-22,2,12,0,12
lccn/sn82014085/1944-05-13,1,5,8,-3
lccn/sn85038485/1917-12-20,1,0,0,0
lccn/sn85038485/1917-12-21,1,0,0,0
lccn/sn85038485/1917-12-18,1,0,0,0
lccn/sn85038485/1917-12-22,2,10,7,3
lccn/sn85038485/1917-10-04,2,10,3,7
lccn/sn85038485/1918-04-05,1,5,6,-1
lccn/sn82014085/1944-09-06,2,3,1,2
lccn/sn85038485/1918-08-18,1,3,8,-5
lccn/sn85038485/1917-08-19,2,6,3,3
lccn/sn85038485/1918-03-30,2,9,7,2
lccn/sn82014085/1944-12-09,2,6,5,1
lccn/sn82014085/1944-11-16,1,0,0,0
lccn/sn91070630/1898-11-15,2,14,1,13
lccn/sn91070630/1898-11-17,2,14,2,12
lccn/sn91070630/1900-11-02,2,10,4,6
lccn/sn91070630/1900-10-15,2,23,2,21
lccn/sn91070630/1900-01-08,2,7,3,4
lccn/sn89051168/1918-10-22,1,0,0,0
lccn/sn89051168/1920-05-28,2,14,0,14
lccn/sn85033255/1903-08-27,1,2,7,-5
lccn/sn85033255/1904-01-14,1,6,7,-1
lccn/sn85033255/1913-04-10,2,8,6,2
lccn/sn85033255/1913-06-05,2,12,8,4
lccn/sn85033255/1901-05-16,2,5,4,1
lccn/sn85033255/1912-09-05,2,3,1,2
lccn/sn85033255/1910-12-22,2,3,1,2
lccn/sn85033255/1913-01-09,2,13,11,2
lccn/sn85033255/1914-12-17,2,14,5,9
lccn/sn85033255/1914-12-31,1,7,11,-4
lccn/sn85033255/1915-06-24,1,3,6,-3
lccn/sn85040614/1912-09-27,1,7,7,0
lccn/sn86072160/1922-03-16,2,9,3,6
lccn/sn86072160/1922-01-22,2,12,1,11
lccn/sn86072160/1923-03-23,1,5,8,-3
lccn/sn86072160/1919-10-02,1,5,8,-3
lccn/sn86072160/1922-01-25,2,13,4,9
lccn/sn86072160/1923-06-08,2,6,1,5
lccn/sn86072160/1923-10-11,1,4,11,-7
lccn/sn86072160/1921-03-10,2,10,2,8
lccn/sn86072160/1919-04-14,1,0,0,0
lccn/sn82014248/1902-05-01,2,14,1,13
lccn/sn82014248/1902-06-18,2,5,3,2
lccn/sn82014248/1902-07-11,2,17,4,13
lccn/sn82014248/1904-01-20,2,14,8,6
lccn/sn82014248/1904-07-30,1,4,6,-2
lccn/sn82014085/1945-03-19,1,4,5,-1
lccn/sn82014085/1945-01-12,2,19,3,16
lccn/sn82014085/1945-01-30,2,12,6,6
lccn/sn82014085/1945-01-25,2,17,14,3
lccn/sn82014085/1945-02-07,1,3,3,0
lccn/sn82014085/1945-05-19,2,17,4,13
lccn/sn82014085/1945-06-27,1,5,8,-3
lccn/sn82014085/1945-07-03,2,10,5,5
lccn/sn82014085/1945-06-30,1,7,11,-4
lccn/sn82014085/1945-07-07,2,12,5,7
lccn/sn82014085/1945-04-27,2,15,6,9
lccn/sn88065202/1902-03-13,2,5,4,1
lccn/sn88065202/1903-05-28,2,7,6,1
lccn/sn93059165/1909-02-04,2,10,3,7
lccn/sn88065202/1916-11-30,1,8,9,-1
lccn/sn88065202/1919-12-25,2,29,14,15
lccn/sn94050093/1948-08-27,2,7,3,4
lccn/sn88065202/1924-02-07,2,10,3,7
lccn/sn88065202/1924-09-04,2,4,3,1
lccn/sn88065202/1925-12-17,2,13,5,8
lccn/sn82014085/1946-05-07,2,10,5,5
lccn/sn82014085/1946-05-28,1,10,11,-1
lccn/sn82014085/1946-05-23,2,9,6,3
lccn/sn82014085/1946-11-15,2,9,8,1
lccn/sn82014085/1945-10-30,2,10,2,8
lccn/sn82014085/1945-10-19,1,10,11,-1
lccn/sn82014085/1945-08-27,1,3,9,-6
lccn/sn82014085/1945-08-29,2,24,14,10
lccn/sn82014085/1945-12-18,1,7,14,-7
lccn/sn82014085/1945-11-19,1,5,6,-1
lccn/sn82014085/1946-07-27,2,3,1,2
lccn/sn82014085/1946-12-26,1,0,0,0
lccn/sn90052005/1911-09-12,1,7,9,-2
lccn/sn90052005/1912-12-29,1,6,8,-2
lccn/sn90052005/1913-07-13,2,10,1,9
lccn/sn90052005/1912-07-11,1,0,0,0
lccn/sn90052005/1919-10-05,2,18,7,11
lccn/sn90052005/1913-12-11,1,2,3,-1
lccn/sn90052005/1920-01-02,1,1,3,-2
lccn/sn90052005/1920-01-18,2,13,5,8
lccn/sn86002159/1917-11-16,2,5,2,3
lccn/sn83016589/1901-06-14,2,14,2,12
lccn/sn83016589/1901-11-15,2,10,5,5
lccn/sn83016589/1893-09-01,2,10,9,1
lccn/sn83016589/1893-02-24,1,0,0,0
lccn/sn83016589/1894-07-13,2,1,0,1
lccn/sn83016589/1894-06-29,1,1,1,0
lccn/sn83016589/1894-07-06,1,5,5,0
lccn/sn83016589/1894-08-31,2,28,6,22
lccn/sn83016589/1894-06-15,2,4,2,2
lccn/sn83016589/1894-06-22,2,5,1,4
lccn/sn83016589/1892-07-15,2,9,3,6
lccn/sn83016589/1892-09-23,1,4,8,-4
lccn/sn83016589/1895-02-22,2,10,2,8
lccn/sn83016589/1897-04-09,2,15,14,1
lccn/sn83016589/1896-06-05,2,13,5,8
lccn/sn83016589/1896-06-19,2,12,3,9
lccn/sn83016589/1895-01-04,2,12,4,8
lccn/sn83016589/1895-07-26,2,17,2,15
lccn/sn83016589/1895-11-01,2,5,1,4
lccn/sn83016589/1895-05-31,2,16,9,7
lccn/sn83016589/1895-02-15,2,12,4,8
lccn/sn83016589/1899-05-26,2,4,2,2
lccn/sn83016589/1898-06-24,1,8,8,0
lccn/sn83016589/1898-07-29,1,0,0,0
lccn/sn83016589/1898-08-05,1,4,13,-9
lccn/sn83016589/1898-09-09,2,9,2,7
lccn/sn83016589/1898-09-16,1,9,11,-2
lccn/sn83016589/1898-09-23,2,5,1,4
lccn/sn83016589/1898-08-26,2,3,2,1
lccn/sn83016589/1898-09-02,2,8,2,6
lccn/sn83016589/1899-03-03,1,3,3,0
lccn/sn83016589/1899-02-10,1,0,0,0
lccn/sn83016589/1899-01-27,1,6,6,0
lccn/sn83016589/1899-02-03,1,2,7,-5
lccn/sn83016589/1898-07-15,2,18,12,6
lccn/sn83016589/1898-07-22,1,3,3,0
lccn/sn83016589/1898-08-12,2,12,0,12
lccn/sn83016589/1898-08-19,1,4,4,0
lccn/sn83016589/1901-01-25,2,2,0,2
lccn/sn86002159/1906-04-13,2,14,8,6
lccn/sn86002159/1921-04-15,2,11,9,2
lccn/sn86002159/1919-01-10,1,3,3,0
lccn/sn86002159/1920-06-11,1,4,4,0
lccn/sn86002159/1923-05-18,2,11,4,7
lccn/sn86002159/1922-02-24,1,1,9,-8
lccn/sn86002159/1913-10-31,2,7,6,1
lccn/sn84026784/1915-03-11,2,10,5,5
lccn/sn84026784/1913-12-04,2,7,4,3
lccn/sn83016209/1886-11-12,2,9,3,6
lccn/sn83016209/1887-03-11,1,0,0,0
lccn/sn83016209/1887-03-18,2,6,3,3
lccn/sn83016209/1887-03-25,2,11,5,6
lccn/sn83016209/1887-04-08,2,5,4,1
lccn/sn83016209/1887-04-15,2,19,8,11
lccn/sn83016209/1887-04-29,2,5,4,1
lccn/sn83016209/1887-04-22,2,8,4,4
lccn/sn90052005/1912-05-15,1,0,0,0
lccn/sn90052005/1911-05-13,1,2,2,0
lccn/sn85033133/1890-04-10,1,4,7,-3
lccn/sn94050056/1908-04-04,2,10,6,4
lccn/sn83045499/1928-09-01,2,6,4,2
lccn/sn83045499/1928-08-28,1,6,7,-1
lccn/sn94050061/1917-05-18,2,8,2,6
lccn/sn94050061/1918-08-02,1,5,5,0
lccn/sn87062013/1927-04-30,1,2,11,-9
lccn/sn94050056/1909-03-27,2,30,20,10
lccn/sn87056978/1934-12-02,2,9,2,7
lccn/sn85033255/1923-08-09,1,1,8,-7
lccn/sn87056978/1935-05-28,1,6,10,-4
lccn/sn87056978/1935-11-07,2,10,6,4
lccn/sn87056978/1935-10-20,1,0,0,0
lccn/sn87056978/1935-09-27,2,5,1,4
lccn/sn87056978/1935-01-17,2,11,8,3
lccn/sn90052005/1914-05-25,2,9,0,9
lccn/sn90052005/1915-06-10,2,7,3,4
lccn/sn90052005/1914-01-26,2,6,3,3
lccn/sn90052005/1914-03-08,1,0,0,0
lccn/sn90052005/1915-10-14,1,4,6,-2
lccn/sn90052005/1915-10-22,1,0,0,0
lccn/sn90052005/1915-08-11,1,0,0,0
lccn/sn90052005/1914-10-31,1,6,7,-1
lccn/sn2007060551/1888-06-,2,11,3,8
lccn/sn85033133/1901-07-25,1,3,5,-2
lccn/sn85033133/1898-06-23,1,9,12,-3
lccn/sn85033133/1897-01-07,2,11,5,6
lccn/sn85033133/1897-12-02,2,25,2,23
lccn/sn85033133/1903-08-12,1,0,0,0
lccn/sn85033133/1903-09-16,2,18,4,14
lccn/sn90052005/1917-01-30,2,13,6,7
lccn/sn90052005/1916-12-17,1,0,0,0
lccn/sn90052005/1917-01-07,2,6,3,3
lccn/sn90052005/1916-12-30,1,5,6,-1
lccn/sn90052005/1916-01-16,1,5,9,-4
lccn/sn90052005/1916-01-03,2,6,3,3
lccn/sn85033133/1908-01-25,1,7,10,-3
lccn/sn85033133/1907-12-07,1,0,0,0
lccn/sn85033133/1918-06-26,2,13,6,7
lccn/sn85033133/1919-02-19,2,5,3,2
lccn/sn85033133/1918-03-06,1,10,31,-21
lccn/sn85033133/1909-05-05,2,6,2,4
lccn/sn85033133/1909-05-12,2,15,6,9
lccn/sn85033133/1913-06-18,1,9,17,-8
lccn/sn85033133/1917-05-09,1,1,1,0
lccn/sn85033133/1916-04-12,2,2,1,1
lccn/sn85033133/1916-03-15,2,4,0,4
lccn/sn85033255/1921-08-25,2,3,0,3
lccn/sn85033255/1921-01-06,2,17,8,9
lccn/sn92067236/1903-10-03,2,5,1,4
lccn/sn92067236/1903-12-30,1,4,8,-4
lccn/sn92067236/1904-01-09,2,9,4,5
lccn/sn92067236/1903-09-16,1,0,0,0
lccn/sn92067236/1907-03-16,2,11,7,4
lccn/sn92067236/1907-06-08,1,14,20,-6
lccn/sn92067236/1917-02-22,1,6,8,-2
lccn/sn83016589/1914-12-04,2,9,4,5
lccn/sn83016589/1913-05-23,2,16,4,12
lccn/sn83016589/1912-05-24,1,3,6,-3
lccn/sn83016589/1905-05-26,2,9,0,9
lccn/sn83016589/1911-06-16,2,7,5,2
lccn/sn83016589/1907-12-13,1,8,8,0
lccn/sn83016589/1917-10-05,2,9,2,7
lccn/sn85033133/1919-07-30,2,5,4,1
lccn/sn83016589/1904-10-14,1,2,20,-18
lccn/sn85033133/1920-03-31,2,9,1,8
lccn/sn85036014/1891-10-04,1,0,0,0
lccn/sn85036014/1891-11-01,2,13,4,9
lccn/sn85036014/1891-10-25,2,10,1,9
lccn/sn86063206/1924-04-18,1,8,8,0
lccn/sn86063206/1924-06-20,1,7,7,0
lccn/sn86063206/1923-11-30,2,16,6,10
lccn/sn84026749/1923-06-21,1,2,3,-1
lccn/sn84026749/1923-04-17,1,1,4,-3
lccn/sn84026749/1923-04-16,2,24,8,16
lccn/sn84026749/1923-03-07,2,18,4,14
lccn/sn84026749/1923-03-06,1,4,4,0
lccn/sn84026749/1923-01-06,1,8,9,-1
lccn/sn84026749/1923-01-06,1,4,9,-5
lccn/sn84026749/1923-11-14,2,10,6,4
lccn/sn84026749/1923-09-05,1,0,0,0
lccn/sn92067235/1899-02-25,1,6,9,-3
lccn/sn90051455/1895-11-29,1,0,0,0
lccn/sn84026089/1907-04-10,2,7,0,7
lccn/sn86072160/1924-05-11,2,7,2,5
lccn/sn84020422/1927-09-28,2,16,6,10
lccn/sn84020422/1936-06-25,2,6,5,1
lccn/sn84020422/1936-06-04,2,6,2,4
lccn/sn84020422/1937-06-17,1,5,11,-6
lccn/sn84020422/1930-10-01,1,2,7,-5
lccn/sn84020422/1930-10-01,1,12,17,-5
lccn/sn84020422/1931-01-14,1,4,4,0
lccn/sn84026749/1923-03-27,2,16,1,15
lccn/sn84020422/1938-04-28,2,6,1,5
lccn/sn84020422/1938-09-29,2,5,2,3
lccn/sn84020422/1938-09-01,1,4,16,-12
lccn/sn84026749/1924-04-23,1,6,8,-2
lccn/sn84026749/1924-11-24,2,4,3,1
lccn/sn84026749/1924-10-17,1,6,6,0
lccn/sn84026749/1925-09-21,1,4,9,-5
lccn/sn84026749/1925-09-21,2,26,19,7
lccn/sn84026749/1926-01-25,2,10,8,2
lccn/sn84026749/1925-03-12,1,2,3,-1
lccn/sn84026749/1925-05-21,2,11,7,4
lccn/sn84026749/1924-08-07,1,3,4,-1
lccn/sn84026749/1926-06-17,1,3,8,-5
lccn/sn84026749/1926-11-01,1,2,6,-4
lccn/sn84026749/1927-03-12,2,7,1,6
lccn/sn84026749/1927-06-10,2,7,6,1
lccn/sn84026749/1928-09-24,2,11,5,6
lccn/sn84026749/1928-10-01,1,10,13,-3
lccn/sn84020422/1932-06-22,1,1,8,-7
lccn/sn84020422/1931-11-11,1,3,4,-1
lccn/sn84020422/1932-10-26,2,5,3,2
lccn/sn84020422/1931-05-27,1,4,9,-5
lccn/sn84020422/1933-04-26,2,5,4,1
lccn/sn84020422/1933-11-22,2,15,0,15
lccn/sn84020422/1935-01-10,2,8,2,6
lccn/sn84020422/1933-01-25,1,3,5,-2
lccn/sn84020422/1932-12-14,1,8,10,-2
lccn/sn84020422/1939-06-01,2,2,0,2
lccn/sn84020422/1940-01-25,2,2,1,1
lccn/sn84020422/1939-11-30,2,3,0,3
lccn/sn84020422/1939-10-26,1,0,0,0
lccn/sn84020422/1937-09-09,2,3,2,1
lccn/sn84020422/1939-04-13,2,26,1,25
lccn/sn84020422/1940-09-19,1,1,3,-2
lccn/sn84020422/1942-11-12,1,2,6,-4
lccn/sn84020422/1942-11-26,1,4,5,-1
lccn/sn84020422/1944-02-10,1,1,6,-5
lccn/sn84020422/1944-03-16,2,7,6,1
lccn/sn84020422/1943-02-04,2,5,3,2
lccn/sn84020422/1944-03-30,2,6,2,4
lccn/sn84020422/1944-08-24,2,16,2,14
lccn/sn84020422/1949-06-02,2,5,3,2
lccn/sn84020422/1949-08-18,2,9,1,8
lccn/sn84020422/1949-06-09,2,5,1,4
lccn/sn84020422/1949-10-13,1,5,6,-1
lccn/sn84020422/1949-10-20,2,2,1,1
lccn/sn85066387/1910-04-02,2,12,1,11
lccn/sn83016348/1881-03-12,2,3,1,2
lccn/sn85032573/1879-06-12,1,6,6,0
lccn/sn85038614/1901-06-23,1,1,1,0
lccn/sn86053571/1869-09-23,2,21,6,15
lccn/sn83045366/1906-09-05,1,6,12,-6
lccn/sn84024738/1879-11-19,2,5,1,4
lccn/sn83032011/1878-12-13,1,1,3,-2
lccn/sn83045462/1924-10-13,2,15,1,14
lccn/sn83030272/1899-11-26,2,4,2,2
lccn/sn85058130/1892-02-07,1,38,38,0
lccn/sn83016925/1887-01-26,2,5,1,4
lccn/sn83030313/1869-10-21,2,5,4,1
lccn/sn83030214/1880-06-18,1,0,0,0
lccn/sn83045462/1915-10-04,2,7,1,6
lccn/sn85038158/1882-03-16,1,2,4,-2
lccn/sn82016419/1873-09-05,2,9,1,8
lccn/sn85038229/1874-10-16,1,9,11,-2
lccn/sn84024738/1879-09-04,2,6,3,3
lccn/sn83030214/1896-05-21,2,3,2,1
lccn/sn83045462/1897-12-11,1,6,14,-8
lccn/sn83045462/1910-09-27,2,5,0,5
lccn/sn83045462/1910-10-27,2,7,1,6
lccn/sn83045462/1910-10-23,1,1,1,0
lccn/sn84026925/1883-07-19,2,14,3,11
lccn/sn84026853/1887-05-04,2,24,11,13
lccn/sn84026853/1886-01-27,2,14,5,9
lccn/sn86053573/1875-05-08,2,3,1,2
lccn/sn83045462/1879-09-03,2,10,3,7
lccn/sn90059522/1885-02-08,2,5,2,3
lccn/sn83030272/1898-10-08,1,7,11,-4
lccn/sn83045555/1902-05-28,1,4,8,-4
lccn/sn82015679/1896-12-30,1,7,14,-7
lccn/sn84024546/1890-08-31,2,20,12,8
lccn/sn83045462/1897-03-15,2,7,6,1
lccn/sn86053573/1883-02-22,2,8,1,7
lccn/sn85058130/1905-05-06,2,18,17,1
lccn/sn93060416/1891-09-05,2,13,11,2
lccn/sn85038158/1881-02-17,2,12,2,10
lccn/sn85038158/1878-02-14,1,3,8,-5
lccn/sn85026309/1869-03-31,2,7,4,3
lccn/sn83045462/1906-10-06,2,2,0,2
lccn/sn83045462/1906-10-04,2,11,10,1
lccn/sn83045462/1906-09-27,2,13,6,7
lccn/sn83045462/1906-09-28,1,4,10,-6
lccn/sn83045462/1909-10-04,2,10,4,6
lccn/sn83045462/1909-10-14,2,12,0,12
lccn/sn83045462/1873-06-04,2,7,4,3
lccn/sn84038034/1866-11-15,2,3,2,1
lccn/sn84038034/1866-11-29,2,10,4,6
lccn/sn83045160/1870-07-17,2,27,7,20
lccn/sn83045462/1934-09-16,2,12,1,11
lccn/sn83045462/1940-05-01,2,13,1,12
lccn/sn83045462/1937-09-26,2,11,0,11
lccn/sn83009653/1909-06-22,2,6,0,6
lccn/sn83045462/1946-09-22,2,25,7,18
lccn/sn83016368/1905-07-08,2,10,8,2
lccn/sn83016368/1905-06-10,2,6,4,2
lccn/sn83045462/1936-06-06,1,7,9,-2
lccn/sn83045462/1937-02-14,2,19,2,17
lccn/sn83045462/1936-09-05,2,18,2,16
lccn/sn83045462/1936-09-08,2,7,2,5
lccn/sn83045462/1936-09-13,2,20,9,11
lccn/sn83045462/1936-09-06,2,14,4,10
lccn/sn83045462/1936-12-20,2,9,0,9
lccn/sn83045462/1936-11-08,1,3,3,0
lccn/sn83045462/1942-05-15,2,19,2,17
lccn/sn85042354/1920-07-30,1,0,0,0
lccn/sn85042354/1920-07-28,1,5,7,-2
lccn/sn87058308/1894-09-13,2,7,1,6
lccn/sn87058308/1886-12-02,2,15,7,8
lccn/sn87058308/1888-01-12,2,12,5,7
lccn/sn87068079/1902-05-01,2,6,5,1
lccn/sn85033133/1885-12-31,1,17,19,-2
lccn/sn85058130/1902-12-28,2,8,2,6
lccn/sn83045462/1939-07-14,2,10,1,9
lccn/sn85038292/1891-06-06,2,9,5,4
lccn/sn82014381/1880-05-31,2,18,8,10
lccn/sn84024738/1860-01-05,1,3,3,0
lccn/sn83045789/1885-06-10,1,6,6,0
lccn/sn83021327/1883-01-04,2,9,3,6
lccn/sn85040344/1875-01-23,2,5,3,2
lccn/sn83045160/1883-08-10,1,5,8,-3
lccn/sn85058140/1909-09-06,2,17,8,9
lccn/sn83016925/1885-05-06,2,5,3,2
lccn/sn83016925/1885-11-25,2,10,8,2
lccn/sn83045160/1884-08-08,2,14,1,13
lccn/sn84031492/1874-11-08,1,9,14,-5
lccn/sn83045366/1904-04-30,2,18,0,18
lccn/sn83045462/1862-09-10,1,24,31,-7
lccn/sn83045462/1868-06-17,2,11,10,1
lccn/sn83045462/1865-06-23,2,9,2,7
lccn/sn83045462/1920-06-13,2,9,3,6
lccn/sn82014381/1890-09-21,1,4,15,-11
lccn/sn85066387/1896-01-14,1,11,12,-1
lccn/sn83025287/1882-01-15,2,8,5,3
lccn/sn84024738/1869-06-16,1,5,5,0
lccn/sn93051669/1889-10-05,2,7,3,4
lccn/sn82016419/1881-02-18,2,7,5,2
lccn/sn82016419/1877-02-16,2,13,2,11
lccn/sn99021999/1889-12-04,2,15,7,8
lccn/sn84024738/1874-08-04,2,16,5,11
lccn/sn84024738/1877-09-10,2,7,5,2
lccn/sn84026822/1871-08-10,1,0,0,0
lccn/sn84026925/1889-01-09,2,18,9,9
lccn/sn85058130/1904-06-05,1,3,17,-14
lccn/sn83045462/1910-09-28,2,18,2,16
lccn/sn98060050/1896-12-25,1,3,3,0
lccn/sn83045462/1920-09-26,2,17,3,14
lccn/sn83045366/1903-09-24,2,21,4,17
lccn/sn83045462/1901-07-15,2,3,2,1
lccn/sn85058130/1908-05-19,2,8,5,3
lccn/sn87052143/1881-01-29,2,7,5,2
lccn/sn87052143/1879-09-13,2,16,5,11
lccn/sn87052143/1879-10-25,2,17,0,17
lccn/sn94052989/1890-05-29,1,1,9,-8
lccn/sn85033395/1876-06-29,2,5,2,3
lccn/sn84020274/1904-10-02,2,2,0,2
lccn/sn83016107/1896-06-12,2,20,10,10
lccn/sn87056710/1875-05-07,2,19,14,5
lccn/sn83045160/1867-08-14,1,1,1,0
lccn/sn83045462/1930-09-01,1,4,5,-1
lccn/sn83045462/1930-09-18,2,11,0,11
lccn/sn83045462/1930-09-24,2,9,2,7
lccn/sn83045462/1930-09-22,2,11,0,11
lccn/sn83045462/1934-09-20,2,20,5,15
lccn/sn83045462/1934-09-21,2,13,7,6
lccn/sn83045462/1934-09-22,2,3,0,3
lccn/sn83045462/1934-10-01,2,6,2,4
lccn/sn83045462/1934-01-18,2,4,2,2
lccn/sn83045462/1934-01-19,2,13,0,13
lccn/sn83045462/1937-09-19,2,7,2,5
lccn/sn83045462/1935-04-05,2,8,4,4
lccn/sn83045462/1934-09-29,2,11,3,8
lccn/sn83045462/1934-10-02,2,23,2,21
lccn/sn83045462/1934-09-27,2,10,0,10
lccn/sn83045462/1939-07-11,2,8,1,7
lccn/sn86092518/1881-12-12,2,7,5,2
lccn/sn83045462/1949-06-19,2,10,0,10
lccn/sn83016025/1882-10-05,1,2,4,-2
lccn/sn84022374/1873-01-09,2,9,3,6
lccn/sn82015313/1924-12-10,2,15,5,10
lccn/sn85026768/1841-01-01,1,0,0,0
lccn/sn85058130/1901-03-10,2,9,3,6
lccn/sn83045462/1910-10-16,2,23,8,15
lccn/sn83045462/1910-10-22,2,10,4,6
lccn/sn83045462/1930-03-02,2,5,0,5
lccn/sn85038615/1910-01-16,2,6,1,5
lccn/sn84036012/1893-08-19,2,11,2,9
lccn/sn91068402/1890-09-18,2,18,3,15
lccn/sn91068402/1890-10-02,2,26,4,22
lccn/sn91068402/1883-05-31,2,12,7,5
lccn/sn91068402/1887-02-03,2,28,8,20
lccn/sn91068245/1907-10-17,1,7,11,-4
lccn/sn91068245/1905-09-14,1,7,7,0
lccn/sn91068245/1893-10-12,2,12,9,3
lccn/sn84036012/1894-10-28,1,3,3,0
lccn/sn91068402/1901-08-08,2,8,5,3
lccn/sn91068402/1901-09-26,1,2,5,-3
lccn/sn91068402/1901-10-10,2,5,3,2
lccn/sn91068402/1902-01-23,2,22,7,15
lccn/sn91068402/1904-06-30,2,15,1,14
lccn/sn91068402/1904-07-07,1,7,8,-1
lccn/sn91068402/1904-07-21,2,12,4,8
lccn/sn91068402/1904-07-28,2,12,2,10
lccn/sn91068402/1905-06-08,1,9,17,-8
lccn/sn91068402/1905-06-29,2,18,3,15
lccn/sn91068402/1905-07-06,2,14,5,9
lccn/sn91068402/1905-07-27,2,12,8,4
lccn/sn91068402/1900-07-19,2,23,6,17
lccn/sn91068402/1900-11-22,2,15,0,15
lccn/sn85033078/1886-12-23,1,3,3,0
lccn/sn84036143/1888-01-05,2,7,5,2
lccn/sn84036143/1888-09-27,2,4,2,2
lccn/sn91068367/1900-08-07,2,11,3,8
lccn/sn84036012/1891-03-15,1,15,16,-1
lccn/sn85033438/1871-09-06,2,4,3,1
lccn/sn83045604/1900-08-04,1,0,2,-2
lccn/sn84036012/1891-11-21,1,1,4,-3
lccn/sn85033438/1873-09-10,1,9,11,-2
lccn/sn85033438/1873-07-16,2,23,12,11
lccn/sn91068367/1898-06-07,2,8,3,5
lccn/sn83030272/1897-09-26,2,15,8,7
lccn/sn91068367/1903-10-16,1,8,9,-1
lccn/sn91068367/1904-03-11,1,9,9,0
lccn/sn85033078/1915-04-29,2,9,4,5
lccn/sn85033078/1915-10-28,2,14,5,9
lccn/sn85033078/1914-10-15,2,10,6,4
lccn/sn96091104/1905-04-07,1,5,7,-2
lccn/sn85040723/1908-09-11,1,2,6,-4
lccn/sn91068305/1890-10-30,2,6,3,3
lccn/sn91068305/1890-11-01,2,9,4,5
lccn/sn91068305/1890-11-03,2,4,2,2
lccn/sn85053057/1899-09-04,2,7,5,2
lccn/sn85033078/1890-07-03,2,9,2,7
lccn/sn85033437/1882-12-23,1,0,0,0
lccn/sn85033078/1895-10-24,1,0,0,0
lccn/sn84020558/1890-07-24,2,7,6,1
lccn/sn84020558/1890-08-04,2,9,6,3
lccn/sn84020558/1891-01-24,1,2,5,-3
lccn/sn84020558/1891-02-26,2,2,0,2
lccn/sn84020558/1891-07-26,2,9,7,2
lccn/sn84020558/1891-02-10,2,6,4,2
lccn/sn83040340/1894-07-20,2,13,8,5
lccn/sn85066387/1902-01-30,1,11,20,-9
lccn/sn85066387/1902-02-13,1,3,23,-20
lccn/sn85038709/1919-12-25,2,12,7,5
lccn/sn85038709/1917-04-12,2,5,1,4
lccn/sn85038709/1920-06-10,2,10,5,5
lccn/sn85066387/1902-05-24,2,3,1,2
lccn/sn96076998/1892-02-18,2,11,8,3
lccn/sn96076998/1895-04-25,2,19,5,14
lccn/sn94053256/1892-05-27,2,12,1,11
lccn/sn85066387/1910-07-05,1,6,8,-2
lccn/sn94053256/1892-04-06,1,11,12,-1
lccn/sn99021999/1898-10-26,2,15,6,9
lccn/sn94053256/1895-07-06,2,11,1,10
lccn/sn94053256/1895-02-28,1,4,10,-6
lccn/sn85038709/1919-08-21,2,21,5,16
lccn/sn94053256/1892-04-07,2,6,1,5
lccn/sn85066387/1897-03-28,1,0,0,0
lccn/sn86061215/1904-09-06,2,26,11,15
lccn/sn85066387/1897-12-05,2,28,15,13
lccn/sn85066387/1897-06-20,2,8,4,4
lccn/sn85066387/1897-05-14,2,10,5,5
lccn/sn86061214/1901-11-26,1,5,8,-3
lccn/sn85042462/1906-12-17,2,13,7,6
lccn/sn85042462/1906-12-21,1,9,16,-7
lccn/sn84020358/1902-01-02,2,5,4,1
lccn/sn84020358/1902-03-13,2,8,5,3
lccn/sn85042462/1906-10-22,1,0,0,0
lccn/sn85042462/1907-06-02,1,0,0,0
lccn/sn85042462/1907-09-26,1,2,12,-10
lccn/sn85042462/1907-02-06,2,4,3,1
lccn/sn85042462/1907-02-07,2,6,3,3
lccn/sn86061214/1900-05-15,2,4,3,1
lccn/sn86061214/1899-12-07,2,6,3,3
lccn/sn85042462/1907-11-15,2,6,1,5
lccn/sn85042462/1907-11-16,2,6,5,1
lccn/sn83025121/1901-08-06,1,2,3,-1
lccn/sn83025121/1901-07-26,2,4,3,1
lccn/sn83025121/1901-07-30,2,10,2,8
lccn/sn83025121/1901-08-02,2,6,3,3
lccn/sn93053725/1902-09-03,2,8,5,3
lccn/sn83045389/1915-05-29,2,8,1,7
lccn/sn83045389/1915-09-04,2,2,1,1
lccn/sn83045389/1916-03-29,1,7,7,0
lccn/sn85052023/1918-03-05,1,5,9,-4
lccn/sn85052023/1912-10-25,1,1,3,-2
lccn/sn84024271/1914-01-30,2,15,6,9
lccn/sn83030214/1918-04-05,2,7,0,7
lccn/sn90051703/1882-11-04,1,7,13,-6
lccn/sn83045389/1920-11-03,1,0,0,0
lccn/sn83045389/1920-12-09,2,2,1,1
lccn/sn87090488/1870-07-02,1,2,3,-1
lccn/sn84037890/1885-02-25,2,19,9,10
lccn/sn85052023/1915-01-12,2,16,7,9
lccn/sn84024271/1906-04-26,2,11,2,9
lccn/sn85033549/1883-03-07,2,4,0,4
lccn/sn85033549/1883-08-22,1,2,2,0
lccn/sn85033549/1884-08-27,1,5,6,-1
lccn/sn97063063/1859-10-13,2,8,6,2
lccn/sn85033549/1885-07-15,2,8,3,5
lccn/sn85033549/1880-09-22,2,6,3,3
lccn/sn85033549/1882-08-30,1,0,1,-1
lccn/sn85042462/1909-05-08,2,6,3,3
lccn/sn85042462/1909-08-27,2,10,3,7
lccn/sn85025431/1913-11-05,2,6,4,2
lccn/sn92053933/1920-11-11,1,5,7,-2
lccn/sn92053933/1920-09-30,2,11,8,3
lccn/sn85033549/1882-12-13,2,15,9,6
lccn/sn84029386/1895-04-11,2,28,19,9
lccn/sn85042462/1909-06-06,2,14,2,12
lccn/sn86058242/1922-11-15,2,7,4,3
lccn/sn86058242/1922-01-20,2,6,4,2
lccn/sn85042462/1909-04-01,1,5,10,-5
lccn/sn84022835/1891-07-24,1,8,11,-3
lccn/sn92053933/1921-05-17,2,10,3,7
lccn/sn92053933/1921-07-07,2,11,10,1
lccn/sn85042461/1897-02-08,1,0,0,0
lccn/sn85042461/1897-01-17,2,10,2,8
lccn/sn92053933/1921-09-07,1,5,5,0
lccn/sn92053933/1922-01-14,1,7,8,-1
lccn/sn83045462/1925-04-26,2,12,10,2
lccn/sn84031081/1914-12-10,2,12,5,7
lccn/sn84031081/1915-04-26,2,9,4,5
lccn/sn84031081/1915-03-08,1,14,16,-2
lccn/sn84031081/1915-02-02,2,2,1,1
lccn/sn84031081/1916-01-30,2,10,5,5
lccn/sn84031081/1914-11-26,2,17,3,14
lccn/sn83030272/1913-11-16,2,15,3,12
lccn/sn83045462/1924-12-02,2,8,6,2
lccn/sn83045462/1925-01-18,2,9,1,8
lccn/sn83045462/1925-01-07,2,7,1,6
lccn/sn83045462/1925-02-12,1,5,8,-3
lccn/sn83045462/1925-01-25,2,10,4,6
lccn/sn83045462/1925-05-09,2,16,5,11
lccn/sn83045462/1925-05-26,1,3,5,-2
lccn/sn83045462/1925-01-03,2,3,1,2
lccn/sn85026941/1909-08-27,1,11,11,0
lccn/sn83045462/1927-03-27,1,3,3,0
lccn/sn83045462/1927-03-20,1,0,0,0
lccn/sn85038615/1904-03-20,1,2,3,-1
lccn/sn85038615/1904-04-01,2,8,0,8
lccn/sn83045462/1927-02-06,1,5,7,-2
lccn/sn85038615/1904-02-05,2,8,2,6
lccn/sn83045462/1927-02-18,1,5,6,-1
lccn/sn83045462/1927-02-20,1,0,0,0
lccn/sn83045462/1927-03-14,1,3,6,-3
lccn/sn85038615/1903-11-05,2,15,4,11
lccn/sn90059959/1903-12-19,1,5,7,-2
lccn/sn90059959/1892-06-25,2,9,7,2
lccn/sn83040340/1876-01-22,2,4,2,2
lccn/sn83040340/1882-04-21,1,1,3,-2
lccn/sn86058242/1910-01-26,1,7,9,-2
lccn/sn86058242/1910-04-19,1,15,15,0
lccn/sn94055463/1907-02-28,2,10,6,4
lccn/sn85042462/1909-11-26,1,5,5,0
lccn/sn85042462/1909-11-30,2,17,3,14
lccn/sn85042462/1909-10-27,2,14,5,9
lccn/sn94055463/1907-12-26,1,0,0,0
lccn/sn82014635/1891-09-10,2,10,3,7
lccn/sn85042462/1909-11-29,1,9,9,0
lccn/sn85042462/1909-10-23,2,5,2,3
lccn/sn85042462/1909-10-20,2,7,2,5
lccn/sn85042462/1909-10-21,2,6,5,1
lccn/sn85042462/1909-10-21,2,14,8,6
lccn/sn00065127/1908-03-13,2,19,7,12
lccn/sn00065127/1906-11-23,1,8,10,-2
lccn/sn94056415/1896-10-09,2,8,4,4
lccn/sn82015104/1896-02-22,2,16,4,12
lccn/sn83040340/1889-09-13,2,16,6,10
lccn/sn82015104/1898-10-11,2,16,1,15
lccn/sn82015104/1898-10-12,2,10,5,5
lccn/sn82015104/1898-10-13,2,10,2,8
lccn/sn85042462/1909-10-22,2,12,1,11
lccn/sn82015104/1898-10-16,1,8,11,-3
lccn/sn82015104/1898-10-08,2,7,2,5
lccn/sn82015104/1898-10-09,2,16,5,11
lccn/sn82015104/1898-10-16,1,8,11,-3
lccn/sn83025440/1885-03-26,2,6,3,3
lccn/sn00065127/1894-12-21,1,3,6,-3
lccn/sn95070058/1910-09-16,2,14,8,6
lccn/sn85042462/1910-06-17,1,4,6,-2
lccn/sn95070058/1909-02-05,1,2,5,-3
lccn/sn88064250/1901-03-30,2,7,3,4
lccn/sn92070582/1920-08-30,2,13,6,7
lccn/sn82015387/1887-03-12,2,8,0,8
lccn/sn85025715/1895-08-08,1,0,2,-2
lccn/sn85025715/1895-08-24,1,0,1,-1
lccn/sn85025715/1895-08-25,2,6,4,2
lccn/sn85025715/1895-08-27,2,9,4,5
lccn/sn85025715/1895-08-28,2,13,4,9
lccn/sn85025715/1895-07-30,2,8,0,8
lccn/sn85025715/1895-08-07,1,1,2,-1
lccn/sn85025715/1895-08-11,2,8,3,5
lccn/sn85025715/1895-08-21,2,10,6,4
lccn/sn85025715/1895-09-06,1,4,4,0
lccn/sn85025715/1895-09-15,2,6,3,3
lccn/sn85025715/1895-06-22,2,8,0,8
lccn/sn88064250/1901-03-16,2,5,1,4
lccn/sn82006687/1900-09-27,1,11,12,-1
lccn/sn82006687/1906-09-06,1,0,0,0
lccn/sn92070582/1920-08-20,2,5,3,2
lccn/sn92070582/1920-09-02,2,8,5,3
lccn/sn83016348/1868-08-01,1,5,6,-1
lccn/sn84024670/1873-09-10,2,9,5,4
lccn/sn85052020/1891-03-20,1,4,6,-2
lccn/sn94060041/1886-12-18,2,7,2,5
lccn/sn94060041/1886-12-25,2,17,4,13
lccn/sn94060041/1889-08-03,1,0,0,0
lccn/sn94060041/1893-07-29,2,7,6,1
lccn/sn94060041/1895-05-11,1,0,0,0
lccn/sn83030272/1914-01-10,2,11,9,2
lccn/sn86069313/1893-02-24,1,7,8,-1
lccn/sn92070582/1914-06-24,2,10,2,8
lccn/sn87062245/1902-02-20,1,8,9,-1
lccn/sn82015387/1898-01-29,2,17,4,13
lccn/sn92070582/1915-01-25,2,5,2,3
lccn/sn85038292/1917-03-30,2,5,4,1
lccn/sn83030272/1915-02-14,1,0,0,0
lccn/sn85038292/1910-04-08,1,3,8,-5
lccn/sn85038292/1910-07-22,2,5,3,2
lccn/sn85038292/1910-09-09,1,5,5,0
lccn/sn92070582/1916-05-25,1,3,4,-1
lccn/sn85038292/1912-09-06,1,6,13,-7
lccn/sn85038292/1921-07-29,1,4,4,0
lccn/sn85038292/1919-09-19,2,7,3,4
lccn/sn85038292/1919-09-19,2,7,2,5
lccn/sn92070582/1917-04-28,2,7,3,4
lccn/sn83030272/1914-07-03,2,5,2,3
lccn/sn88064428/1886-07-09,1,0,0,0
lccn/sn93061711/1911-04-29,1,2,6,-4
lccn/sn83045462/1923-11-17,2,4,3,1
lccn/sn84037890/1886-04-14,2,18,2,16
lccn/sn83045462/1923-11-24,2,4,1,3
lccn/sn83045462/1923-12-19,2,9,6,3
lccn/sn93061711/1909-07-24,1,0,0,0
lccn/sn83045462/1923-11-03,2,4,1,3
lccn/sn85038292/1916-10-13,1,0,2,-2
lccn/sn85038292/1914-06-12,1,3,6,-3
lccn/sn85038292/1915-11-12,2,9,2,7
lccn/sn85052118/1898-09-19,2,10,2,8
lccn/sn97070614/1898-10-28,2,12,4,8
lccn/sn86058242/1909-03-02,1,4,7,-3
lccn/sn86058242/1908-07-28,1,0,0,0
lccn/sn84029853/1893-04-14,2,14,12,2
lccn/sn84029853/1891-06-17,2,13,7,6
lccn/sn90059959/1913-02-15,1,18,18,0
lccn/sn84021912/1905-03-08,2,7,2,5
lccn/sn85032814/1889-06-20,2,12,10,2
lccn/sn84020558/1917-05-19,1,4,5,-1
lccn/sn85066387/1905-05-14,2,7,0,7
lccn/sn99021999/1903-04-12,1,1,2,-1
lccn/sn99021999/1903-04-19,1,0,0,0
lccn/sn99021999/1903-04-22,2,21,7,14
lccn/sn84020558/1917-04-28,1,3,5,-2
lccn/sn84020558/1917-04-27,2,7,5,2
lccn/sn84020558/1917-06-07,2,5,4,1
lccn/sn90059959/1916-06-24,2,20,7,13
lccn/sn97070614/1898-02-11,2,22,8,14
lccn/sn99021999/1903-05-12,2,9,6,3
lccn/sn83030313/1874-06-05,2,16,7,9
lccn/sn85025007/1894-10-05,2,9,5,4
lccn/2004260421/1893-10-20,2,10,5,5
lccn/2004260421/1897-08-27,2,10,4,6
lccn/sn93051663/1885-01-31,2,9,2,7
lccn/2004260421/1906-05-04,2,7,5,2
lccn/sn88064057/1921-03-26,1,2,2,0
lccn/sn85025007/1892-10-31,1,0,0,0
lccn/2004260421/1896-08-14,1,7,7,0
lccn/2004260421/1897-10-22,1,8,11,-3
lccn/sn85025007/1892-02-22,1,4,5,-1
lccn/2004260421/1896-07-31,1,1,1,0
lccn/2013271051/1889-08-03,2,19,3,16
lccn/sn85025007/1893-11-02,1,2,7,-5
lccn/sn85025007/1894-08-17,1,0,0,0
lccn/sn86069392/1881-04-05,1,6,8,-2
lccn/sn86069392/1881-11-22,1,2,2,0
lccn/sn86069394/1884-06-20,2,6,3,3
lccn/sn85034438/1893-04-11,2,4,3,1
lccn/sn86053696/1890-01-31,2,8,5,3
lccn/sn86053696/1882-03-18,2,9,3,6
lccn/sn86053696/1882-07-29,2,14,4,10
lccn/sn86053696/1885-07-18,2,12,11,1
lccn/sn83030193/1913-09-01,2,11,7,4
lccn/sn84022644/1883-03-23,2,15,4,11
lccn/2004260421/1894-05-25,2,5,3,2
lccn/sn96088088/1905-06-02,1,2,5,-3
lccn/sn86069392/1880-04-27,1,3,8,-5
lccn/sn95066012/1920-01-27,1,3,9,-6
lccn/sn95066012/1920-01-30,1,3,3,0
lccn/sn84026844/1896-07-28,1,2,5,-3
lccn/sn84026844/1896-10-06,2,11,3,8
lccn/sn84023253/1916-10-04,1,1,2,-1
lccn/sn84023253/1917-02-14,1,2,7,-5
lccn/sn84023253/1907-01-16,2,20,12,8
lccn/sn84023253/1912-06-26,1,1,3,-2
lccn/sn84023253/1904-08-31,1,1,3,-2
lccn/sn84023253/1914-05-27,2,3,1,2
lccn/sn84023253/1908-11-04,1,4,7,-3
lccn/sn84023253/1908-11-04,2,7,5,2
lccn/sn84023253/1914-01-28,1,0,2,-2
lccn/sn84023253/1910-01-05,1,6,8,-2
lccn/sn84023253/1910-02-02,1,2,10,-8
lccn/sn84023253/1910-06-08,2,9,4,5
lccn/sn84023253/1910-07-06,2,10,6,4
lccn/sn84023253/1903-06-03,2,16,13,3
lccn/sn98060188/1919-05-28,2,11,9,2
lccn/sn98060189/1920-06-02,2,7,3,4
lccn/sn84023253/1905-01-11,1,5,5,0
lccn/sn84023253/1915-06-30,1,3,6,-3
lccn/sn95066012/1915-04-29,2,24,17,7
lccn/sn95066012/1915-12-14,2,9,1,8
lccn/sn84023253/1914-03-11,1,4,10,-6
lccn/sn83045611/1882-06-29,1,2,11,-9
lccn/sn84023209/1860-12-13,1,0,3,-3
lccn/sn84026844/1870-09-12,1,5,9,-4
lccn/sn84023253/1897-12-17,2,7,1,6
lccn/sn84023253/1897-11-05,2,9,7,2
lccn/sn95066012/1920-04-30,2,9,7,2
lccn/sn86071719/1899-04-12,2,4,3,1
lccn/sn95066012/1914-03-25,2,6,0,6
lccn/sn85038121/1853-04-21,1,3,4,-1
lccn/sn95066012/1912-08-06,2,3,2,1
lccn/sn95066012/1913-03-05,2,5,0,5
lccn/sn84026844/1895-02-15,1,1,11,-10
lccn/sn92070581/1913-05-28,2,6,5,1
lccn/sn92070464/1902-12-20,1,2,2,0
lccn/sn84026749/1920-11-24,2,8,6,2
lccn/sn83045462/1902-02-19,1,0,0,0
lccn/sn83045462/1902-03-01,1,14,24,-10
lccn/sn85025007/1895-05-18,2,10,9,1
lccn/sn85025007/1896-07-24,2,5,4,1
lccn/sn85025007/1895-07-24,2,7,3,4
lccn/sn86091095/1886-03-20,1,2,2,0
lccn/2010270500/1913-04-25,1,2,9,-7
lccn/2010270500/1912-07-26,1,4,5,-1
lccn/2010270500/1912-05-31,2,7,5,2
lccn/sn86061215/1914-06-11,2,8,0,8
lccn/sn86061215/1916-02-17,1,6,8,-2
lccn/sn86061215/1916-05-20,2,11,4,7
lccn/sn86061215/1915-04-27,2,14,3,11
lccn/sn86061215/1915-05-29,1,6,6,0
lccn/sn86061215/1915-06-15,2,11,9,2
lccn/sn86061215/1914-10-24,2,9,2,7
lccn/sn86061215/1915-01-30,2,6,5,1
lccn/sn86061215/1913-08-14,2,16,2,14
lccn/sn86061215/1914-02-07,2,6,3,3
lccn/sn86061215/1914-02-14,2,34,10,24
lccn/2010270500/1921-03-03,2,3,2,1
lccn/2010270500/1919-10-23,1,0,0,0
lccn/2010270500/1915-09-09,2,10,4,6
lccn/2010270500/1915-12-16,2,5,1,4
lccn/2010270500/1915-06-03,1,5,11,-6
lccn/sn82014086/1912-11-08,1,8,12,-4
lccn/sn82014086/1912-07-13,2,10,3,7
lccn/sn82014086/1910-06-04,2,10,2,8
lccn/sn82014086/1910-06-11,1,1,3,-2
lccn/sn85066387/1903-05-27,2,30,11,19
lccn/sn82014086/1910-12-08,2,5,2,3
lccn/sn85066387/1903-05-26,2,14,9,5
lccn/sn82014086/1912-02-10,1,3,13,-10
lccn/sn82014086/1912-02-13,2,3,2,1
lccn/sn82014086/1911-12-21,2,10,5,5
lccn/sn82014086/1912-02-28,2,14,6,8
lccn/sn82014086/1912-03-14,2,5,0,5
lccn/sn82014086/1912-03-01,2,9,3,6
lccn/sn82014086/1912-08-05,1,5,8,-3
lccn/sn82014086/1912-10-01,2,6,3,3
lccn/sn82014086/1912-10-05,1,7,12,-5
lccn/sn82014086/1912-10-11,2,8,1,7
lccn/sn82014086/1912-06-10,2,12,1,11
lccn/sn82014086/1912-06-25,1,3,15,-12
lccn/sn82014086/1912-05-02,2,5,2,3
lccn/sn82014086/1912-04-18,2,9,6,3
lccn/sn82014086/1912-05-08,1,4,4,0
lccn/sn82014086/1912-06-07,2,11,2,9
lccn/sn82014086/1912-07-20,1,7,22,-15
lccn/sn82014086/1910-02-15,2,5,1,4
lccn/sn86061215/1911-06-24,1,4,5,-1
lccn/sn82015080/1890-01-22,1,3,5,-2
lccn/sn84038095/1920-03-10,2,5,4,1
lccn/sn84020594/1873-11-11,1,0,0,0
lccn/sn96027172/1910-05-13,2,5,2,3
lccn/sn84038095/1919-11-05,1,3,12,-9
lccn/sn82014086/1910-09-08,1,3,16,-13
lccn/sn82014086/1910-10-21,1,0,5,-5
lccn/sn84038095/1918-02-13,2,7,3,4
lccn/sn86061215/1910-09-10,2,12,5,7
lccn/sn82014086/1910-11-21,2,15,6,9
lccn/sn82014086/1910-06-24,2,16,3,13
lccn/sn82014086/1910-05-28,1,2,12,-10
lccn/sn82014086/1910-06-28,2,12,2,10
lccn/sn82014086/1911-07-12,2,6,2,4
lccn/sn88053058/1906-01-06,2,5,2,3
lccn/sn82014086/1911-12-27,2,15,0,15
lccn/sn86061215/1916-08-19,1,4,4,0
lccn/sn86061216/1918-02-15,2,8,6,2
lccn/sn85066387/1908-06-12,1,7,12,-5
lccn/sn85066387/1908-06-21,2,8,4,4
lccn/sn85066387/1908-06-24,1,4,8,-4
lccn/sn86061216/1917-05-18,2,15,5,10
lccn/sn85066387/1907-02-11,2,11,2,9
lccn/sn85066387/1907-02-17,1,0,0,0
lccn/sn85066387/1909-07-09,2,9,6,3
lccn/sn85066387/1909-07-16,2,7,0,7
lccn/sn85066387/1909-07-18,2,10,3,7
lccn/sn85066387/1909-07-21,1,2,3,-1
lccn/sn85066387/1909-07-23,2,6,1,5
lccn/sn85029677/1898-11-24,2,13,9,4
lccn/sn99021999/1886-11-24,2,5,3,2
lccn/sn83025182/1915-01-21,2,4,3,1
lccn/sn85032938/1896-10-28,2,12,8,4
lccn/sn87057262/1916-05-20,1,8,10,-2
lccn/sn99021999/1887-11-03,2,9,4,5
lccn/sn82014086/1918-06-14,1,4,4,0
lccn/sn82014086/1917-03-20,2,8,4,4
lccn/sn87055779/1921-05-14,1,8,8,0
lccn/sn92053934/1913-03-06,2,6,2,4
lccn/sn87055779/1920-06-12,2,5,0,5
lccn/sn85066387/1911-01-29,1,2,3,-1
lccn/sn85066387/1911-01-23,2,27,5,22
lccn/sn85066387/1911-01-05,2,4,0,4
lccn/sn85066387/1912-02-22,1,3,3,0
lccn/sn85066387/1911-10-01,2,18,1,17
lccn/sn84026749/1910-10-16,2,27,6,21
lccn/sn83045789/1885-03-01,2,11,4,7
lccn/sn85032490/1886-09-12,2,10,5,5
lccn/sn83045789/1886-05-26,1,5,7,-2
lccn/sn83045789/1886-05-28,2,10,6,4
lccn/sn92053934/1911-11-11,2,5,2,3
lccn/sn98066392/1891-12-06,2,11,5,6
lccn/sn83045789/1885-12-20,2,23,5,18
lccn/sn83045789/1885-12-24,1,7,9,-2
lccn/sn92053934/1911-03-15,2,7,2,5
lccn/sn98066392/1891-04-11,1,0,0,0
lccn/sn83016672/1892-04-28,2,6,5,1
lccn/sn84026749/1910-06-14,2,16,3,13
lccn/sn93053725/1902-02-15,1,3,5,-2
lccn/sn83045774/1922-11-18,1,0,0,0
lccn/sn85066387/1897-01-28,1,5,6,-1
lccn/sn93053725/1901-04-11,1,7,10,-3
lccn/sn93053725/1901-08-27,1,8,16,-8
lccn/sn93053725/1901-04-04,2,11,10,1
lccn/sn93053726/1904-08-23,1,4,7,-3
lccn/sn84038335/1899-07-27,2,6,3,3
lccn/sn93053725/1903-02-21,1,2,2,0
lccn/sn85066387/1899-04-15,2,11,7,4
lccn/sn93053726/1903-06-12,1,3,6,-3
lccn/sn93053725/1902-01-09,1,3,7,-4
lccn/sn85066387/1901-08-06,1,0,0,0
lccn/sn83025121/1903-11-13,1,8,13,-5
lccn/sn83025121/1911-05-12,1,6,6,0
lccn/sn86058250/1866-08-23,2,14,8,6
lccn/sn90059523/1902-03-21,1,12,15,-3
lccn/sn90059523/1899-11-06,2,9,8,1
lccn/sn90059523/1901-12-15,1,2,6,-4
lccn/sn90059523/1901-12-28,2,7,6,1
lccn/sn93055779/1904-03-03,1,1,4,-3
lccn/sn90059523/1899-12-19,1,21,24,-3
lccn/sn90059522/1895-04-06,2,10,7,3
lccn/sn83045462/1903-12-11,2,7,4,3
lccn/sn90059523/1899-10-14,2,5,2,3
lccn/sn90059523/1900-05-29,1,5,5,0
lccn/sn90059523/1900-04-26,1,2,8,-6
lccn/sn90059523/1900-04-26,1,2,8,-6
lccn/sn90059522/1893-10-04,1,4,8,-4
lccn/sn90059522/1893-11-01,2,14,9,5
lccn/sn90059523/1900-01-21,2,11,4,7
lccn/sn90059523/1900-08-31,1,4,7,-3
lccn/sn99063956/1899-08-01,1,8,9,-1
lccn/sn99063956/1900-12-15,2,5,3,2
lccn/sn99063956/1901-03-01,2,7,2,5
lccn/sn85038614/1901-07-27,2,13,7,6
lccn/sn99063956/1899-08-23,2,10,6,4
lccn/sn99063956/1899-08-25,1,0,0,0
lccn/sn99063956/1899-08-30,1,0,0,0
lccn/sn99063956/1899-09-01,2,8,4,4
lccn/sn99063956/1899-09-04,2,5,3,2
lccn/sn99063956/1899-09-06,1,2,4,-2
lccn/sn99063956/1899-09-08,2,11,9,2
lccn/sn99063956/1899-09-11,1,0,0,0
lccn/sn99063956/1899-09-14,1,5,5,0
lccn/sn99063955/1899-01-30,2,6,3,3
lccn/sn85038614/1900-11-11,1,0,0,0
lccn/sn85042098/1884-12-10,2,17,6,11
lccn/sn85042098/1884-12-17,2,5,2,3
lccn/sn85038614/1901-01-25,2,12,3,9
lccn/sn99063955/1896-08-01,2,6,5,1
lccn/sn85038615/1908-01-12,2,7,0,7
lccn/sn99063956/1902-07-19,1,0,0,0
lccn/sn99063956/1899-08-03,1,0,0,0
lccn/sn99063956/1899-08-05,1,0,0,0
lccn/sn99063956/1899-08-08,1,0,0,0
lccn/sn99063956/1899-08-14,1,0,0,0
lccn/sn99063956/1899-08-18,1,0,0,0
lccn/sn99061556/1903-11-24,2,13,7,6
lccn/sn85038614/1900-06-24,2,21,20,1
lccn/sn85038614/1900-06-24,1,0,0,0
lccn/sn83025316/1914-10-12,2,12,4,8
lccn/sn84024670/1874-01-06,1,6,12,-6
lccn/sn85033673/1872-07-16,1,5,8,-3
lccn/sn91090200/1888-07-27,2,24,1,23
lccn/sn91090200/1888-08-03,2,11,2,9
lccn/sn92072977/1890-10-16,2,9,5,4
lccn/sn97071110/1901-05-24,2,5,3,2
lccn/sn97071110/1899-11-03,2,2,1,1
lccn/sn97071110/1899-11-24,2,12,2,10
lccn/sn97071110/1903-07-09,1,7,22,-15
lccn/sn97071110/1903-07-16,1,9,11,-2
lccn/sn97071110/1904-01-21,2,7,4,3
lccn/sn92072978/1892-06-21,2,8,3,5
lccn/sn92072978/1892-07-21,2,9,3,6
lccn/sn92072978/1892-07-26,2,10,3,7
lccn/sn92072978/1892-07-28,2,7,6,1
lccn/sn92072978/1892-07-31,1,6,8,-2
lccn/sn92072978/1892-09-01,2,11,6,5
lccn/sn92072977/1891-04-21,2,12,5,7
lccn/sn97071110/1892-10-15,1,0,1,-1
lccn/sn92072978/1892-07-24,2,14,9,5
lccn/sn92072978/1892-08-03,1,3,3,0
lccn/sn91090200/1888-07-20,2,15,6,9
lccn/sn85033673/1872-03-20,1,6,7,-1
lccn/sn84025841/1903-02-28,2,13,7,6
lccn/sn84025841/1901-03-02,1,0,0,0
lccn/sn84025841/1900-08-04,2,8,2,6
lccn/sn97071110/1906-03-01,2,5,4,1
lccn/sn83025316/1912-08-11,2,9,5,4
lccn/sn83025316/1911-10-09,2,7,2,5
lccn/sn82014635/1894-09-16,2,8,7,1
lccn/sn82014381/1887-04-02,2,11,9,2
lccn/sn82014635/1895-03-07,2,9,1,8
lccn/2016270503/1899-06-14,1,0,0,0
lccn/sn84020558/1921-12-25,2,11,3,8
lccn/2016270503/1900-06-20,1,7,7,0
lccn/2016270503/1900-06-22,2,21,7,14
lccn/sn84020558/1921-05-14,2,11,4,7
lccn/2016270503/1899-05-02,1,2,5,-3
lccn/sn84020558/1921-04-28,2,12,3,9
lccn/sn84020558/1920-09-09,2,5,4,1
lccn/sn85033637/1898-06-21,2,16,9,7
lccn/sn82014635/1899-12-28,2,38,9,29
lccn/sn82014635/1901-05-29,1,6,11,-5
lccn/sn85033637/1899-03-21,2,10,4,6
lccn/sn84020558/1920-04-04,2,11,5,6
lccn/sn93053726/1905-03-20,2,15,2,13
lccn/sn93053726/1905-05-30,2,10,6,4
lccn/sn93053726/1905-07-14,2,10,8,2
lccn/sn2001063112/1917-09-,1,4,6,-2
lccn/sn2001063112/1917-09-,1,2,4,-2
lccn/sn2001063112/1918-04-,1,2,6,-4
lccn/sn98062890/1895-10-03,2,9,7,2
lccn/sn2001063112/1916-03-,1,2,10,-8
lccn/sn85042344/1917-06-20,1,13,13,0
lccn/sn83030214/1905-11-19,2,6,2,4
lccn/sn85038411/1915-06-26,1,2,17,-15
lccn/sn85042344/1917-08-29,2,21,11,10
lccn/sn83030214/1905-11-24,1,3,8,-5
lccn/sn2001063112/1904-05-,2,17,11,6
lccn/sn2001063112/1912-10-,1,4,5,-1
lccn/sn85038411/1914-09-09,1,0,0,0
lccn/sn85038411/1916-07-22,1,15,16,-1
lccn/sn83045433/1913-07-14,2,7,1,6
lccn/sn84026749/1914-12-03,1,6,8,-2
lccn/sn84026749/1919-08-06,1,7,7,0
lccn/sn2001063112/1915-09-,1,5,9,-4
lccn/sn99062049/1917-01-26,1,11,16,-5
lccn/sn85038411/1914-01-03,1,5,14,-9
lccn/sn83045462/1904-05-16,2,18,4,14
lccn/sn83045462/1904-05-26,2,14,0,14
lccn/sn83045462/1904-06-28,2,16,13,3
lccn/sn83045366/1906-11-28,1,3,11,-8
lccn/sn87096017/1911-06-08,2,5,3,2
lccn/sn83045366/1906-08-19,2,10,5,5
lccn/sn90059522/1888-11-25,2,8,4,4
lccn/sn86058226/1922-08-12,2,7,4,3
lccn/sn86058226/1922-08-19,1,2,12,-10
lccn/sn87096040/1888-06-01,2,8,1,7
lccn/sn87096040/1888-07-13,1,0,4,-4
lccn/sn85033526/1876-02-17,2,9,5,4
lccn/sn85033526/1871-08-10,1,5,7,-2
lccn/sn87096040/1908-10-01,2,4,3,1
lccn/sn87096040/1909-02-11,2,18,5,13
lccn/sn87096040/1907-03-14,1,7,11,-4
lccn/sn87096040/1907-10-24,1,9,14,-5
lccn/sn87096040/1910-05-19,2,4,2,2
lccn/sn87096040/1910-05-26,1,4,4,0
lccn/sn85049554/1900-06-12,2,4,1,3
lccn/sn85049554/1901-02-28,2,5,3,2
lccn/sn85049554/1900-03-12,1,7,15,-8
lccn/sn85049554/1901-02-12,1,7,10,-3
lccn/sn85049554/1899-09-04,2,16,15,1
lccn/sn85049554/1901-11-16,2,12,8,4
lccn/sn85049554/1901-10-11,2,12,7,5
lccn/sn85049554/1901-09-26,1,7,11,-4
lccn/sn85049554/1902-04-17,2,9,8,1
lccn/sn85049554/1902-01-13,1,7,8,-1
lccn/sn85049554/1902-02-08,1,0,0,0
lccn/sn85049554/1902-02-04,1,3,8,-5
lccn/sn85049554/1900-01-09,1,7,12,-5
lccn/sn85049554/1902-09-03,2,11,7,4
lccn/sn85049554/1902-08-27,1,6,6,0
lccn/sn85049554/1902-08-30,1,4,8,-4
lccn/sn85049554/1902-06-04,2,8,2,6
lccn/sn99021999/1913-05-02,1,7,10,-3
lccn/sn99021999/1913-06-11,2,9,8,1
lccn/sn82016014/1911-04-15,2,9,0,9
lccn/sn82016014/1911-05-23,2,4,2,2
lccn/sn82016014/1911-03-01,1,7,9,-2
lccn/sn87062268/1909-09-30,2,13,5,8
lccn/sn85049554/1902-01-03,1,0,0,0
lccn/sn85049554/1902-01-06,2,7,3,4
lccn/sn85049554/1902-07-31,1,9,15,-6
lccn/sn82016014/1911-06-01,2,14,5,9
lccn/sn99021999/1907-10-27,1,0,0,0
lccn/sn99021999/1908-04-21,1,6,6,0
lccn/sn87062268/1909-09-26,2,21,10,11
lccn/sn87062268/1909-09-28,2,13,6,7
lccn/sn99021999/1907-06-07,2,4,3,1
lccn/sn83025121/1917-02-23,2,9,1,8
lccn/sn99021999/1907-05-19,1,3,4,-1
lccn/sn83025121/1917-10-19,2,7,1,6
lccn/sn83025121/1917-11-02,2,7,3,4
lccn/sn83025121/1917-08-10,2,9,7,2
lccn/sn99021999/1907-05-26,1,1,2,-1
lccn/sn85042460/1888-05-11,2,17,0,17
lccn/sn99021999/1908-05-24,2,10,6,4
lccn/sn82016014/1912-02-16,1,9,10,-1
lccn/sn82015536/1918-08-16,1,1,7,-6
lccn/sn83045462/1916-06-27,2,10,7,3
lccn/sn83045462/1916-03-20,1,3,3,0
lccn/sn83045462/1919-02-11,2,5,4,1
lccn/sn83045462/1916-06-21,2,7,3,4
lccn/sn83030214/1920-05-20,2,12,2,10
lccn/sn85058397/1912-05-17,1,2,2,0
lccn/sn85058397/1912-05-18,1,4,4,0
lccn/sn85058397/1912-05-20,2,4,2,2
lccn/sn85058397/1912-05-21,2,7,5,2
lccn/sn85058397/1911-12-18,1,7,7,0
lccn/sn83045462/1916-09-29,1,1,7,-6
lccn/sn83045462/1915-02-21,2,1,0,1
lccn/sn83045462/1916-08-05,2,16,7,9
lccn/sn85058273/1904-02-17,2,14,3,11
lccn/sn85058397/1912-10-22,2,18,4,14
lccn/sn85058397/1912-11-26,2,8,5,3
lccn/sn85058396/1916-09-08,2,7,4,3
lccn/sn83045555/1903-05-11,2,13,8,5
lccn/sn83045555/1905-04-07,1,0,0,0
lccn/sn83045555/1901-10-23,2,14,3,11
lccn/sn83045555/1901-10-30,2,25,7,18
lccn/sn83045555/1901-11-16,2,11,7,4
lccn/sn83045555/1903-05-26,2,6,3,3
lccn/sn83045396/1912-09-17,2,7,3,4
lccn/sn94053256/1889-02-16,1,4,7,-3
lccn/sn84020358/1894-10-27,1,8,9,-1
lccn/sn82016413/1901-09-07,1,5,11,-6
lccn/sn84038306/1920-06-23,2,5,4,1
lccn/sn94052989/1895-02-25,1,0,0,0
lccn/sn88059319/1911-05-26,2,4,0,4
lccn/sn84038306/1916-04-26,1,4,5,-1
lccn/sn84024827/1907-01-27,1,7,18,-11
lccn/sn87057096/1918-11-07,2,16,4,12
lccn/sn87057096/1919-05-29,2,8,3,5
lccn/sn84024827/1907-12-19,2,9,5,4
lccn/sn87057096/1919-04-10,2,3,0,3
lccn/sn84038306/1916-03-01,2,17,12,5
lccn/sn84038306/1913-05-14,2,14,6,8
lccn/sn95026977/1908-09-20,2,7,1,6
lccn/sn87057096/1917-04-19,2,11,8,3
lccn/sn84036143/1881-01-01,2,26,12,14
lccn/sn84025841/1919-03-15,1,8,14,-6
lccn/sn98069867/1920-07-12,2,5,2,3
lccn/sn98069867/1920-10-21,2,11,7,4
lccn/sn98069867/1920-10-07,2,22,7,15
lccn/sn84026824/1895-12-19,2,10,4,6
lccn/sn88077573/1911-06-21,2,11,7,4
lccn/sn84026824/1904-07-07,1,6,7,-1
lccn/sn84026824/1908-03-26,1,0,0,0
lccn/sn84026824/1909-01-07,2,10,2,8
lccn/sn84026824/1909-06-17,1,5,14,-9
lccn/sn84026824/1912-12-26,2,6,3,3
lccn/sn84026824/1906-08-30,2,20,9,11
lccn/sn84026824/1906-09-06,2,13,2,11
lccn/sn84026824/1914-04-16,2,9,5,4
lccn/sn97067584/1894-09-18,1,3,3,0
lccn/sn84022639/1892-06-03,2,3,2,1
lccn/sn84026844/1898-09-03,2,15,2,13
lccn/sn88077573/1908-03-14,1,6,13,-7
lccn/sn84026824/1918-08-15,2,11,5,6
lccn/sn84026824/1909-10-14,2,4,2,2
lccn/sn88077573/1908-02-25,2,4,3,1
lccn/sn86071719/1889-09-25,2,10,6,4
lccn/sn84026844/1896-04-09,1,0,0,0
lccn/sn84026847/1866-09-14,1,3,4,-1
lccn/sn83030431/1916-09-10,2,14,6,8
lccn/sn83030193/1911-03-02,2,7,5,2
lccn/sn85034235/1915-09-09,1,5,7,-2
lccn/sn86063579/1919-09-16,1,4,5,-1
lccn/sn85038615/1914-02-27,1,0,0,0
lccn/sn88064176/1887-04-09,2,8,3,5
lccn/sn84037890/1904-01-13,1,6,18,-12
lccn/sn85038615/1914-01-18,1,3,9,-6
lccn/sn85034235/1880-11-18,1,0,0,0
lccn/sn85034235/1891-07-23,2,10,6,4
lccn/sn88076432/1896-10-15,2,16,1,15
lccn/sn88076432/1896-12-10,1,8,8,0
lccn/sn86064187/1917-07-28,2,4,1,3
lccn/sn88076086/1921-08-11,2,6,4,2
lccn/sn88076086/1921-09-29,2,5,4,1
lccn/sn88076086/1919-01-09,1,2,2,0
lccn/sn88076086/1896-02-15,2,3,1,2
lccn/sn88076086/1896-02-22,2,6,3,3
lccn/sn88076086/1896-02-29,2,9,5,4
lccn/sn88076086/1896-02-08,1,5,5,0
lccn/sn96090259/1894-08-24,1,4,7,-3
lccn/sn96090259/1901-11-15,2,10,3,7
lccn/sn87080287/1899-03-06,2,19,4,15
lccn/sn83045462/1912-08-20,1,4,11,-7
lccn/sn83045462/1912-08-03,1,0,0,0
lccn/sn84024283/1917-08-23,2,13,2,11
lccn/sn83045462/1911-11-06,1,5,8,-3
lccn/sn83045462/1911-11-18,1,2,4,-2
lccn/sn83045462/1911-06-26,2,9,1,8
lccn/sn83045462/1910-09-05,1,3,9,-6
lccn/sn83045462/1912-04-22,2,13,3,10
lccn/sn85042242/1913-08-14,2,7,1,6
lccn/sn85042242/1915-02-12,2,12,8,4
lccn/sn89066316/1922-09-26,1,8,11,-3
lccn/sn84024283/1914-07-23,2,6,2,4
lccn/sn84024283/1915-12-09,2,5,3,2
lccn/sn85042588/1890-02-07,1,1,1,0
lccn/sn85042588/1889-05-24,1,2,22,-20
lccn/sn86063615/1899-04-22,2,17,7,10
lccn/sn85042588/1887-12-09,1,6,9,-3
lccn/sn83026389/1905-07-08,1,3,5,-2
lccn/sn83026389/1906-06-02,2,14,5,9
lccn/sn83026389/1905-05-06,2,4,2,2
lccn/sn83026389/1905-05-13,2,6,1,5
lccn/sn85034357/1892-06-17,2,6,3,3
lccn/sn85034357/1893-06-02,1,0,0,0
lccn/sn85034357/1914-10-16,2,14,10,4
lccn/sn85034357/1914-11-06,1,4,6,-2
lccn/sn85034357/1914-12-18,2,17,4,13
lccn/sn85034357/1915-04-16,2,21,12,9
lccn/sn85034357/1917-09-07,2,13,5,8
lccn/sn85034447/1882-06-02,2,9,3,6
lccn/sn84024720/1908-09-11,1,2,4,-2
lccn/sn83026389/1893-06-17,2,23,10,13
lccn/sn83026389/1895-04-27,2,13,2,11
lccn/sn84024720/1903-04-03,1,5,9,-4
lccn/sn85034357/1918-02-08,2,12,6,6
lccn/sn85034357/1918-03-08,1,4,4,0
lccn/sn85034357/1918-09-13,2,8,7,1
lccn/sn84024720/1905-11-17,1,8,16,-8
lccn/sn85025715/1897-06-26,2,12,4,8
lccn/sn86090233/1908-11-26,2,11,1,10
lccn/sn86090233/1906-01-25,2,17,7,10
lccn/sn85025715/1896-08-23,1,8,9,-1
lccn/sn85025715/1896-08-28,2,11,2,9
lccn/sn85025715/1896-12-29,2,6,4,2
lccn/sn85025715/1896-07-22,2,7,1,6
lccn/sn84024720/1909-06-11,1,4,4,0
lccn/sn85025715/1895-12-11,2,8,3,5
lccn/sn85025715/1895-08-29,1,3,4,-1
lccn/sn85025715/1895-09-04,2,11,9,2
lccn/sn88064250/1919-01-18,1,9,10,-1
lccn/sn83045462/1901-09-05,2,37,4,33
lccn/sn83045462/1900-09-15,2,40,22,18
lccn/sn85025715/1896-07-11,2,16,3,13
lccn/sn85025715/1896-07-15,2,9,1,8
lccn/sn85025715/1896-08-16,2,19,2,17
lccn/sn83025733/1881-01-27,1,1,1,0
lccn/sn83025733/1881-02-10,1,0,0,0
lccn/sn83025733/1881-02-04,1,0,0,0
lccn/sn83025733/1884-09-04,2,13,5,8
lccn/sn83025733/1881-01-29,1,0,0,0
lccn/sn83025733/1882-12-13,2,13,6,7
lccn/sn83025733/1876-12-26,1,0,0,0
lccn/sn86088296/1886-10-14,2,6,1,5
lccn/sn86088296/1888-06-28,2,9,2,7
lccn/sn86088296/1895-12-12,2,12,9,3
lccn/sn86088296/1896-02-13,2,12,10,2
lccn/sn86088296/1896-07-16,1,1,1,0
lccn/sn83025779/1919-09-06,2,9,3,6
lccn/sn83025779/1919-12-20,2,15,0,15
lccn/sn83045396/1905-11-08,1,14,17,-3
lccn/sn83045396/1905-09-02,1,4,4,0
lccn/sn83045396/1905-09-27,1,2,5,-3
lccn/sn83030214/1900-06-13,1,6,6,0
lccn/sn83045396/1909-01-20,2,9,1,8
lccn/sn83045396/1909-01-27,2,6,5,1
lccn/sn83045396/1909-01-13,1,3,10,-7
lccn/sn83045396/1909-01-30,1,8,8,0
lccn/sn83045396/1909-09-27,2,12,3,9
lccn/sn83045396/1909-01-03,2,15,7,8
lccn/sn86081895/1887-02-24,1,0,0,0
lccn/sn86081895/1889-07-18,1,10,15,-5
lccn/sn86063952/1899-06-23,2,4,2,2
lccn/sn87078321/1904-03-23,1,0,0,0
lccn/sn85066387/1900-05-24,2,13,9,4
lccn/sn85066387/1900-06-09,1,5,7,-2
lccn/sn85066387/1900-09-13,1,3,4,-1
lccn/sn85038292/1882-09-02,2,12,6,6
lccn/sn85034248/1912-06-22,2,20,5,15
lccn/sn85034248/1883-03-03,2,16,9,7
lccn/sn85052118/1897-11-02,2,11,2,9
lccn/sn85034248/1917-05-12,2,15,1,14
lccn/sn86071779/1899-07-01,2,6,4,2
lccn/sn86071779/1899-07-23,2,8,6,2
lccn/sn86071779/1899-07-01,2,5,3,2
lccn/sn83045462/1924-09-20,2,8,3,5
lccn/sn83030272/1916-03-26,2,9,2,7
lccn/sn93061674/1899-03-11,2,5,0,5
lccn/sn83045462/1924-04-01,2,4,2,2
lccn/sn88064469/1907-10-20,2,16,7,9
lccn/sn85038292/1867-10-24,2,8,3,5
lccn/sn85038292/1867-10-03,2,7,2,5
lccn/sn85038292/1867-10-10,2,8,2,6
lccn/sn85040344/1899-02-04,1,4,5,-1
lccn/sn85040344/1895-12-14,2,9,2,7
lccn/sn85040344/1896-02-15,2,9,5,4
lccn/sn85040344/1896-05-23,2,10,7,3
lccn/sn85040344/1903-05-30,1,11,12,-1
lccn/sn85040344/1903-02-07,2,11,7,4
lccn/sn83045604/1894-06-23,1,3,5,-2
lccn/sn84036228/1905-05-24,2,5,1,4
lccn/sn91068305/1892-10-05,2,6,2,4
lccn/sn83045604/1894-01-02,1,1,1,0
lccn/sn83045604/1893-07-11,1,0,0,0
lccn/sn83045604/1893-03-20,2,17,10,7
lccn/sn85053057/1900-07-11,2,8,3,5
lccn/sn83045604/1892-10-21,2,5,2,3
lccn/sn86076366/1897-10-31,2,9,2,7
lccn/sn86076366/1900-05-18,1,0,0,0
lccn/sn83045433/1914-04-05,2,10,8,2
lccn/sn86076366/1897-01-24,1,6,8,-2
lccn/sn83045462/1922-04-15,2,6,0,6
lccn/sn83045433/1914-06-13,2,16,5,11
lccn/sn84026749/1906-04-27,2,5,4,1
lccn/sn83045433/1913-12-07,2,4,1,3
lccn/sn83045433/1914-03-09,2,12,5,7
lccn/sn86076366/1899-07-14,1,10,12,-2
lccn/sn95026977/1905-08-07,2,3,1,2
lccn/sn99021999/1900-09-07,1,4,6,-2
lccn/sn99021999/1900-09-18,1,1,5,-4
lccn/sn99021999/1901-11-22,2,3,2,1
lccn/sn99021999/1900-12-23,1,5,10,-5
lccn/sn99021999/1900-03-06,1,2,3,-1
lccn/sn99021999/1901-02-03,2,7,4,3
lccn/sn95026977/1906-12-02,2,7,3,4
lccn/sn84038095/1919-10-29,2,10,5,5
lccn/sn82015080/1892-01-20,1,4,11,-7
lccn/sn84020594/1875-08-11,2,11,1,10
lccn/sn99021999/1901-11-13,1,0,0,0
lccn/sn86061215/1910-06-25,2,19,14,5
lccn/sn82015080/1898-07-06,2,10,8,2
lccn/sn96027172/1908-09-18,1,1,8,-7
lccn/sn84038095/1919-12-03,2,7,6,1
lccn/sn85025007/1908-03-07,1,1,11,-10
lccn/sn85033964/1880-09-02,2,18,2,16
lccn/sn84036012/1890-03-16,1,4,5,-1
lccn/sn84036012/1890-03-18,1,0,0,0
lccn/sn85038615/1912-09-23,2,7,5,2
lccn/97071090/1914-10-13/e,2,4,3,1
lccn/sn86064259/1918-06-28,2,8,7,1
lccn/sn83045611/1882-12-19,2,9,3,6
lccn/sn84023416/1898-04-15,2,9,6,3
lccn/sn84023416/1898-07-08,2,15,1,14
lccn/sn84023416/1891-12-25,1,0,2,-2
lccn/sn84023428/1873-08-27,2,19,9,10
lccn/sn84023416/1873-08-30,1,0,0,0
lccn/sn84023416/1874-04-04,1,4,4,0
lccn/sn84023416/1874-04-11,1,6,9,-3
lccn/sn84023416/1874-05-09,2,9,3,6
lccn/sn84023416/1874-05-23,2,4,2,2
lccn/sn84023416/1874-06-13,2,6,4,2
lccn/sn84023416/1889-05-24,1,4,4,0
lccn/sn84026844/1899-10-10,1,4,5,-1
lccn/sn84026844/1900-08-04,1,6,6,0
lccn/sn88085947/1904-05-30,2,11,4,7
lccn/sn84023416/1899-11-03,2,8,3,5
lccn/sn97067613/1896-02-13,1,10,12,-2
lccn/sn87060165/1900-07-10,2,25,7,18
lccn/sn87060165/1900-07-14,1,1,3,-2
lccn/sn87060165/1900-07-17,2,18,4,14
lccn/sn87060165/1900-07-24,2,6,4,2
lccn/sn87060165/1900-07-26,2,6,5,1
lccn/sn87060165/1900-08-02,1,0,0,0
lccn/sn86090474/1882-03-18,1,0,0,0
lccn/sn87060165/1910-03-08,2,14,2,12
lccn/sn85025350/1887-07-16,1,0,0,0
lccn/sn87060165/1909-12-02,1,7,7,0
lccn/sn87060165/1911-02-23,2,7,5,2
lccn/sn85025350/1886-04-24,2,6,2,4
lccn/sn85025350/1904-10-01,2,17,5,12
lccn/sn99063955/1897-06-16,2,7,3,4
lccn/sn99063955/1897-06-25,2,7,5,2
lccn/sn99063955/1897-07-02,2,12,8,4
lccn/sn99063955/1897-07-03,2,14,6,8
lccn/sn84024716/1903-09-02,1,6,6,0
lccn/sn84024716/1899-09-13,2,10,9,1
lccn/sn84024716/1906-09-19,1,3,11,-8
lccn/sn84024716/1908-06-03,1,1,6,-5
lccn/sn84024716/1909-02-10,2,5,3,2
lccn/sn84036012/1899-01-08,2,8,6,2
lccn/sn85034438/1901-04-05,1,0,0,0
lccn/sn85025350/1872-04-06,2,19,16,3
lccn/sn84036012/1899-11-19,2,6,2,4
lccn/sn84036012/1899-09-17,1,3,6,-3
lccn/sn84024716/1909-09-15,2,12,4,8
lccn/sn84024716/1909-10-06,2,10,5,5
lccn/sn85025350/1903-09-19,2,17,9,8
lccn/sn85025350/1904-01-23,2,39,17,22
lccn/sn85025350/1884-01-05,2,25,4,21
lccn/sn85025350/1890-12-06,1,5,12,-7
lccn/sn85025350/1889-11-09,1,11,13,-2
lccn/sn85025350/1892-09-17,1,0,0,0
lccn/sn85025350/1895-06-22,2,8,6,2
lccn/sn88085318/1922-05-27,1,1,2,-1
lccn/sn86064205/1886-03-01,2,7,0,7
lccn/sn86064205/1886-04-10,2,9,4,5
lccn/sn88084272/1914-11-28,2,2,1,1
lccn/sn88084272/1915-01-26,2,9,3,6
lccn/sn88084272/1915-01-19,2,14,2,12
lccn/sn88085460/1906-11-30,1,0,2,-2
lccn/sn88085318/1918-04-27,1,3,6,-3
lccn/sn88085318/1918-04-27,1,11,11,0
lccn/sn88085318/1916-07-15,2,10,4,6
lccn/sn86072054/1922-09-01,1,2,4,-2
lccn/sn86072054/1922-09-08,2,5,3,2
lccn/sn86072054/1918-03-19,2,14,1,13
lccn/sn86072054/1918-03-20,2,11,6,5
lccn/sn86072054/1922-10-26,2,12,8,4
lccn/sn97067589/1907-11-22,1,4,4,0
lccn/sn97067589/1908-06-26,1,3,9,-6
lccn/sn97067589/1908-01-10,2,14,12,2
lccn/sn97067589/1908-06-26,1,1,5,-4
lccn/sn86071593/1914-11-03,1,7,9,-2
lccn/sn88084272/1920-06-15,1,6,12,-6
lccn/sn86064205/1886-05-01,2,4,2,2
lccn/sn86064205/1885-09-23,1,13,15,-2
lccn/sn97067589/1911-02-10,1,4,14,-10
lccn/sn85038222/1871-05-04,2,10,3,7
lccn/sn85038222/1871-10-07,2,7,5,2
lccn/sn85038222/1872-01-06,2,7,4,3
lccn/sn86079037/1871-06-14,1,0,0,0
lccn/sn87075163/1856-01-17,2,23,18,5
lccn/sn97067589/1910-09-16,2,6,2,4
lccn/sn97067589/1910-11-18,2,9,3,6
lccn/sn97067589/1911-01-13,1,1,9,-8
lccn/sn97067589/1911-12-08,2,6,1,5
lccn/sn98069146/1906-06-22,2,12,2,10
lccn/sn86072054/1922-08-07,1,3,7,-4
lccn/sn86072054/1919-05-08,1,5,8,-3
lccn/sn83045555/1906-09-05,1,2,5,-3
lccn/sn83045555/1903-12-19,2,5,1,4
lccn/sn83045211/1919-11-08,1,1,3,-2
lccn/sn83045555/1893-11-20,ERROR
lccn/sn83045555/1902-06-21,2,5,2,3
lccn/sn83045555/1900-09-15,1,2,2,0
lccn/sn85054468/1898-08-19,2,5,2,3
lccn/sn85054468/1898-11-11,1,6,9,-3
lccn/sn83045211/1917-10-25,1,10,10,0
lccn/sn83045211/1918-03-09,2,10,2,8
lccn/sn83045555/1906-08-11,1,3,3,0
lccn/sn83045211/1918-07-08,2,4,3,1
lccn/sn83045433/1912-03-26,2,8,5,3
lccn/sn83045433/1912-03-30,2,14,7,7
lccn/sn84026749/1914-05-13,2,11,4,7
lccn/sn84026749/1915-03-30,2,19,10,9
lccn/sn85058130/1891-02-15,2,10,5,5
lccn/sn83045211/1919-04-03,1,10,10,0
lccn/sn83045211/1919-03-20,2,15,8,7
lccn/sn83045211/1919-05-03,2,9,4,5
lccn/sn83045211/1918-11-30,2,5,0,5
lccn/sn88056024/1912-11-20,2,2,0,2
lccn/sn88056024/1917-04-17,1,0,0,0
lccn/sn88056024/1917-10-07,1,1,3,-2
lccn/sn83045232/1867-08-29,2,7,2,5
lccn/sn87007277/1882-11-11,2,18,6,12
lccn/sn87007277/1898-01-28,2,6,5,1
lccn/sn82007023/1897-06-25,2,7,6,1
lccn/sn85052076/1901-11-07,1,12,13,-1
lccn/sn84031081/1922-09-20,1,5,5,0
lccn/sn99062858/1890-11-08,2,6,5,1
lccn/sn95047406/1900-03-16,1,1,3,-2
lccn/sn95026977/1909-05-01,2,6,4,2
lccn/sn85032923/1911-05-10,1,6,8,-2
lccn/sn85066387/1897-10-03,1,0,0,0
lccn/sn82014086/1919-12-25,1,5,7,-2
lccn/sn82014086/1918-11-12,2,13,4,9
lccn/sn82014086/1919-05-15,1,5,7,-2
lccn/sn82014086/1919-02-22,2,5,1,4
lccn/sn82014086/1918-12-28,2,7,5,2
lccn/sn82014086/1919-01-06,1,3,3,0
lccn/sn82014086/1919-07-23,2,5,3,2
lccn/sn85066387/1897-07-28,2,3,2,1
lccn/sn86091346/1896-10-22,1,6,8,-2
lccn/sn82014086/1919-06-02,2,8,3,5
lccn/sn82014086/1919-06-23,2,7,6,1
lccn/sn82014086/1919-08-08,1,11,12,-1
lccn/sn82014086/1919-10-15,2,11,7,4
lccn/sn82014086/1919-10-22,1,10,10,0
lccn/sn82014086/1919-12-08,2,4,2,2
lccn/sn82014086/1919-11-26,2,7,4,3
lccn/sn82014086/1918-03-04,2,5,4,1
lccn/sn82014086/1918-03-06,2,8,3,5
lccn/sn82014086/1918-04-24,2,9,4,5
lccn/sn82014086/1918-05-24,2,4,2,2
lccn/sn82014086/1918-06-19,2,11,6,5
lccn/sn82014086/1918-06-22,1,3,5,-2
lccn/sn82014086/1918-06-29,2,7,6,1
lccn/sn82014086/1918-07-01,1,2,4,-2
lccn/sn82014086/1917-09-25,1,7,8,-1
lccn/sn82014086/1917-10-18,2,5,3,2
lccn/sn82014086/1917-05-22,2,6,3,3
lccn/sn82014086/1917-06-05,2,8,2,6
lccn/sn82014086/1917-12-19,2,26,13,13
lccn/sn82014086/1918-01-21,2,8,4,4
lccn/sn85042462/1906-01-28,1,8,10,-2
lccn/sn82014086/1917-06-07,1,9,9,0
lccn/sn82014086/1917-02-15,1,4,4,0
lccn/sn82014086/1917-02-17,2,10,0,10
lccn/sn82014086/1917-04-14,2,6,3,3
lccn/sn82014086/1917-04-24,2,16,0,16
lccn/sn82014086/1917-04-27,1,2,11,-9
lccn/sn82014086/1917-03-01,2,7,6,1
lccn/sn82014086/1917-10-31,1,5,8,-3
lccn/sn85042462/1905-02-09,2,19,6,13
lccn/sn85042462/1905-09-03,2,15,1,14
lccn/sn87057262/1917-05-24,1,0,7,-7
lccn/sn85030287/1907-04-04,2,13,2,11
lccn/sn85030287/1904-02-04,1,8,9,-1
lccn/sn85042462/1906-04-29,1,6,12,-6
lccn/sn95047417/1905-05-26,2,3,2,1
lccn/sn95047417/1906-03-16,1,6,9,-3
lccn/sn99021999/1882-02-25,1,3,6,-3
lccn/sn99021999/1886-02-20,2,2,1,1
lccn/sn99021999/1886-01-20,2,9,8,1
lccn/sn86063952/1896-03-08,2,4,3,1
lccn/sn82014086/1920-09-25,1,6,6,0
lccn/sn82014086/1920-06-17,1,0,0,0
lccn/sn82014086/1920-06-22,1,4,5,-1
lccn/sn82014086/1920-07-13,2,14,5,9
lccn/sn82014086/1920-10-26,2,9,4,5
lccn/sn82014086/1920-05-20,2,9,4,5
lccn/sn82014086/1920-06-03,2,9,6,3
lccn/sn82014086/1922-06-19,2,16,7,9
lccn/sn82014086/1922-11-27,1,5,6,-1
lccn/sn82014086/1922-12-23,2,12,6,6
lccn/sn82014086/1920-04-20,2,13,1,12
lccn/sn82014086/1920-04-26,2,15,4,11
lccn/sn82014086/1921-02-10,1,5,8,-3
lccn/sn82014086/1921-02-22,2,6,4,2
lccn/sn82014086/1920-07-01,2,7,3,4
lccn/sn82014086/1922-09-21,2,10,1,9
lccn/sn82014086/1922-09-16,2,11,6,5
lccn/sn82014086/1921-01-05,1,0,3,-3
lccn/sn82014086/1921-06-13,1,5,7,-2
lccn/sn82014086/1922-04-08,1,6,6,0
lccn/sn82014086/1922-05-17,2,11,1,10
lccn/sn82014086/1921-11-24,2,5,1,4
lccn/sn82014086/1922-01-06,2,15,8,7
lccn/sn82014086/1922-02-01,2,3,1,2
lccn/sn84020558/1912-04-04,1,1,1,0
lccn/sn85066387/1907-08-09,2,9,7,2
lccn/sn84020558/1911-09-11,2,13,7,6
lccn/sn82014086/1920-01-28,2,15,5,10
lccn/sn82014086/1920-03-24,2,6,2,4
lccn/sn82014086/1920-01-31,1,3,8,-5
lccn/sn82014086/1920-01-03,1,0,0,0
lccn/sn82014086/1921-06-08,1,4,10,-6
lccn/sn85066387/1908-06-14,2,10,2,8
lccn/sn82014086/1921-11-04,2,9,3,6
lccn/sn85066387/1907-09-15,2,8,4,4
lccn/sn85066387/1905-02-11,2,35,7,28
lccn/sn85032923/1917-10-17,2,14,4,10
lccn/sn85066387/1908-02-06,1,10,10,0
lccn/sn85066387/1907-12-23,2,12,5,7
lccn/sn85066387/1908-01-28,1,5,6,-1
lccn/sn84022643/1876-09-22,1,6,6,0
lccn/sn84022643/1876-09-29,2,18,5,13
lccn/sn84022643/1877-04-27,2,10,6,4
lccn/sn84022643/1877-08-31,1,5,6,-1
lccn/sn84022643/1877-08-03,1,6,8,-2
lccn/sn84022643/1877-08-24,2,12,4,8
lccn/sn83025308/1891-01-08,2,7,4,3
lccn/sn93051660/1903-07-21,1,9,12,-3
lccn/sn83025308/1893-02-26,2,18,8,10
lccn/sn85038615/1909-03-02,1,0,1,-1
lccn/sn85038615/1908-09-28,2,1,0,1
lccn/sn85038615/1908-10-12,2,3,0,3
lccn/sn85038615/1908-11-21,2,7,1,6
lccn/sn94060041/1902-07-05,2,9,5,4
lccn/sn84026758/1909-02-20,2,8,2,6
lccn/sn84022643/1869-10-09,2,20,2,18
lccn/sn84036008/1907-12-24,1,9,11,-2
lccn/sn84022643/1869-12-11,1,7,8,-1
lccn/sn84022643/1870-02-05,2,13,3,10
lccn/sn94060041/1905-01-21,2,10,6,4
lccn/sn94060041/1907-03-16,2,11,9,2
lccn/sn85038614/1901-11-21,2,4,1,3
lccn/sn85033429/1875-09-09,2,23,6,17
lccn/sn85033429/1885-08-27,2,13,4,9
lccn/sn85033429/1895-06-19,2,16,14,2
lccn/sn85033429/1895-11-20,1,9,11,-2
lccn/sn83030214/1907-09-29,2,12,7,5
lccn/sn83045555/1896-02-07,2,6,3,3
lccn/sn83045433/1918-11-18,1,2,3,-1
lccn/sn83045433/1919-03-30,2,3,1,2
lccn/sn83045433/1920-02-10,2,7,1,6
lccn/sn83045433/1919-12-20,2,7,5,2
lccn/sn85058393/1921-02-14,2,21,10,11
lccn/sn93062856/1902-02-15,2,17,10,7
lccn/sn93062856/1910-01-15,2,14,3,11
lccn/sn93062856/1903-01-10,2,16,5,11
lccn/sn93062856/1903-01-24,2,22,4,18
lccn/sn93062856/1903-10-03,2,12,7,5
lccn/sn93062856/1903-10-03,2,10,3,7
lccn/sn93062856/1905-01-28,2,9,6,3
lccn/sn93062856/1902-06-28,2,9,7,2
lccn/sn93062856/1904-07-02,1,8,13,-5
lccn/sn93062856/1904-07-16,1,18,21,-3
lccn/sn93062856/1910-06-04,2,16,3,13
lccn/sn93062856/1900-04-21,2,29,6,23
lccn/sn93062856/1907-02-02,2,5,2,3
lccn/sn93062856/1907-09-14,2,11,1,10
lccn/sn85058217/1909-10-01,2,12,9,3
lccn/sn86091038/1895-07-03,2,27,23,4
lccn/sn86091038/1894-03-12,1,0,0,0
lccn/sn83045396/1910-06-04,2,11,5,6
lccn/sn85058245/1907-09-12,1,8,11,-3
lccn/sn83030214/1920-11-16,1,5,18,-13
lccn/sn83045555/1890-11-26,1,0,0,0
lccn/sn83030214/1910-12-08,1,0,0,0
lccn/sn83025182/1911-01-18,2,6,2,4
lccn/sn82014682/1917-07-28,2,7,2,5
lccn/sn82016014/1913-05-17,2,7,5,2
lccn/sn82016014/1913-05-01,2,4,2,2
lccn/sn92051227/1918-09-28,2,13,4,9
lccn/sn82016014/1913-09-26,1,1,7,-6
lccn/sn82016014/1914-01-22,1,8,9,-1
lccn/sn82016014/1914-02-07,2,12,9,3
lccn/2010270500/1907-04-26,1,3,4,-1
lccn/sn84027621/1907-05-29,2,9,7,2
lccn/sn82016014/1911-12-08,1,4,19,-15
lccn/sn82016014/1913-03-19,1,0,0,0
lccn/sn83025121/1916-03-10,2,7,6,1
lccn/sn83025121/1916-08-18,1,9,13,-4
lccn/sn82016014/1911-02-25,1,11,11,0
lccn/sn82015104/1899-06-30,2,9,3,6
lccn/sn82015104/1899-07-01,2,10,8,2
lccn/sn82015104/1899-03-05,2,12,2,10
lccn/2010270500/1911-01-27,2,10,5,5
lccn/2010270500/1911-03-10,1,6,6,0
lccn/2010270500/1910-05-13,1,7,8,-1
lccn/2010270500/1910-08-26,2,5,3,2
lccn/sn84020558/1904-08-30,2,8,4,4
lccn/sn84020558/1904-04-23,2,12,4,8
lccn/2010270500/1907-08-09,2,14,9,5
lccn/sn82015104/1899-11-28,1,2,8,-6
lccn/sn84020358/1903-02-20,1,3,14,-11
lccn/sn84020358/1903-03-27,1,7,7,0
lccn/sn85066387/1899-10-15,2,10,4,6
lccn/sn85066387/1899-10-31,1,9,14,-5
lccn/sn84020358/1904-03-16,1,0,0,0
lccn/sn84020358/1904-08-05,2,13,7,6
lccn/sn84020358/1903-12-14,1,19,28,-9
lccn/sn86091349/1920-03-12,2,4,0,4
lccn/sn84020358/1903-06-20,2,15,0,15
lccn/sn84020358/1903-01-29,2,6,5,1
lccn/sn84038335/1902-10-23,1,0,0,0
lccn/sn85066387/1896-06-24,1,2,9,-7
lccn/sn93052980/1902-07-11,1,8,9,-1
lccn/sn93052980/1906-12-14,2,7,6,1
lccn/sn87062268/1917-04-23,2,4,3,1
lccn/sn84020358/1904-11-14,2,7,4,3
lccn/sn93052980/1902-10-17,2,11,6,5
lccn/sn93052980/1903-03-27,2,14,4,10
lccn/sn93052980/1906-03-16,2,11,2,9
lccn/sn93052980/1905-12-08,2,10,7,3
lccn/sn93052980/1906-07-06,1,0,0,0
lccn/sn93052980/1905-05-26,1,8,8,0
lccn/sn87062055/1921-02-04,2,19,3,16
lccn/sn93052980/1905-06-02,1,9,9,0
lccn/sn84038335/1918-02-28,1,5,10,-5
lccn/sn84038335/1915-04-22,2,15,5,10
lccn/sn84029690/1917-03-17,2,11,8,3
lccn/sn84029690/1917-01-27,1,7,7,0
lccn/sn84029696/1907-04-06,2,10,3,7
lccn/sn84022048/1872-11-06,1,5,6,-1
lccn/sn84029696/1902-05-10,1,7,11,-4
lccn/sn84038306/1921-08-17,2,5,4,1
lccn/sn93052980/1905-06-23,2,11,7,4
lccn/sn93052980/1905-06-09,2,12,4,8
lccn/sn93052980/1905-07-28,2,12,9,3
lccn/sn83045366/1902-01-30,2,8,6,2
lccn/sn89066316/1922-03-09,1,4,7,-3
lccn/sn89066316/1922-03-16,1,4,4,0
lccn/sn89066316/1922-05-05,2,11,3,8
lccn/sn89066316/1922-05-08,2,5,3,2
lccn/sn89066316/1922-01-14,2,11,10,1
lccn/sn89074404/1914-05-16,2,9,1,8
lccn/sn83045462/1911-12-11,1,8,14,-6
lccn/sn83045462/1912-02-21,2,2,0,2
lccn/sn83045462/1911-12-14,2,6,1,5
lccn/sn85042373/1912-02-09,2,14,5,9
lccn/sn85042373/1912-01-08,1,10,10,0
lccn/sn85042373/1912-07-02,1,6,8,-2
lccn/sn85042373/1912-05-01,2,9,2,7
lccn/sn85042373/1912-05-27,1,8,17,-9
lccn/sn85042373/1912-06-04,2,9,5,4
lccn/sn83030214/1894-07-08,1,0,0,0
lccn/sn89066097/1894-07-13,2,16,6,10
lccn/sn85042373/1914-02-07,2,9,6,3
lccn/sn85042373/1913-05-23,1,0,0,0
lccn/sn83045462/1911-10-09,2,7,4,3
lccn/sn83030214/1912-11-24,1,2,3,-1
lccn/sn83045433/1910-10-11,1,2,2,0
lccn/sn85042373/1910-01-06,2,19,5,14
lccn/sn83045366/1904-11-19,2,7,6,1
lccn/sn85066387/1904-10-25,1,0,0,0
lccn/sn84020358/1906-02-15,1,3,5,-2
lccn/sn99021999/1881-07-29,2,7,6,1
lccn/sn85066387/1903-01-28,2,12,1,11
lccn/sn85066387/1903-12-29,1,7,9,-2
lccn/sn85066387/1908-07-03,1,11,16,-5
lccn/sn85066387/1908-07-10,2,17,10,7
lccn/sn85066387/1908-07-08,1,13,13,0
lccn/sn92051397/1908-06-12,1,5,6,-1
lccn/sn84020358/1907-12-05,2,8,3,5
lccn/sn84029690/1915-03-27,2,21,8,13
lccn/sn85066387/1909-05-22,2,3,2,1
lccn/sn85066387/1910-01-04,1,4,14,-10
lccn/sn85066387/1910-02-26,1,3,12,-9
lccn/sn85066387/1910-03-05,2,15,4,11
lccn/sn88064328/1912-05-04,2,5,3,2
lccn/sn88064328/1913-04-12,1,4,6,-2
lccn/sn88064328/1913-05-10,1,0,0,0
lccn/sn88064328/1906-09-29,2,15,4,11
lccn/sn83045462/1921-03-20,2,8,4,4
lccn/sn88064327/1901-10-12,2,14,1,13
lccn/sn88064328/1903-11-14,2,12,6,6
lccn/sn88064327/1901-09-14,2,22,8,14
lccn/sn88064327/1901-09-21,2,18,11,7
lccn/sn88064327/1901-10-05,2,20,1,19
lccn/sn83045462/1922-06-14,2,13,5,8
lccn/sn88064327/1901-09-07,2,10,1,9
lccn/sn88064327/1897-05-22,2,13,6,7
lccn/sn88064327/1900-09-15,1,0,0,0
lccn/sn88064327/1900-10-13,1,7,8,-1
lccn/sn88064327/1901-08-10,2,15,2,13
lccn/sn88064327/1901-08-17,2,11,5,6
lccn/sn88064327/1901-08-24,2,16,0,16
lccn/sn85025007/1874-04-07,1,2,5,-3
lccn/sn85025007/1872-10-14,1,4,5,-1
lccn/sn84031081/1918-12-26,1,6,6,0
lccn/sn83045462/1921-05-07,1,3,6,-3
lccn/sn85034469/1877-08-31,1,8,10,-2
lccn/sn87065532/1901-05-03,1,7,8,-1
lccn/sn88076013/1903-12-19,2,13,1,12
lccn/sn88076013/1904-02-06,2,21,8,13
lccn/sn88076013/1904-03-19,2,8,6,2
lccn/sn88076013/1904-08-06,1,3,9,-6
lccn/sn88076013/1904-09-10,2,14,5,9
lccn/sn88076013/1905-04-15,1,3,12,-9
lccn/sn88076013/1904-01-30,2,9,5,4
lccn/sn88076013/1904-05-28,1,5,5,0
lccn/sn85042405/1906-02-01,2,12,6,6
lccn/sn85042405/1920-09-16,1,3,3,0
lccn/sn85042405/1920-12-30,1,3,16,-13
lccn/sn88076421/1921-06-16,2,16,5,11
lccn/sn88076013/1901-08-24,2,8,5,3
lccn/sn88076013/1898-08-06,2,8,0,8
lccn/sn88076013/1900-09-01,2,7,6,1
lccn/sn88076013/1916-05-20,2,22,7,15
lccn/sn99062010/1904-06-09,1,4,7,-3
lccn/sn99062010/1908-10-08,1,8,9,-1
lccn/sn99062010/1911-07-13,2,14,5,9
lccn/sn99062010/1915-03-11,1,10,11,-1
lccn/sn99062010/1918-09-26,1,3,3,0
lccn/sn99062010/1912-12-19,2,7,2,5
lccn/sn88076013/1913-02-01,1,0,0,0
lccn/sn99062010/1917-03-22,2,13,6,7
lccn/sn83045555/1904-03-05,2,23,5,18
lccn/sn84009409/1883-06-28,2,11,4,7
lccn/sn83045555/1908-09-11,1,1,4,-3
lccn/sn83045555/1908-05-26,1,6,10,-4
lccn/sn83045555/1908-05-29,2,18,15,3
lccn/sn83045555/1908-06-02,2,18,10,8
lccn/sn83045433/1921-11-28,2,8,5,3
lccn/sn83045555/1908-10-26,1,5,11,-6
lccn/sn83045433/1922-10-01,2,4,3,1
lccn/sn83045433/1922-11-12,1,0,7,-7
lccn/sn83045433/1922-06-04,1,10,27,-17
lccn/sn83045433/1922-03-31,1,9,10,-1
lccn/sn83045433/1922-04-13,2,15,9,6
lccn/sn83045211/1915-04-10,2,5,3,2
lccn/sn84026355/1900-09-12,2,3,2,1
lccn/sn84026355/1900-05-17,2,11,8,3
lccn/sn84026355/1900-05-21,1,3,5,-2
lccn/sn83045555/1904-03-24,2,8,3,5
lccn/sn83032300/1883-02-12,2,8,4,4
lccn/sn83008556/1887-01-06,1,12,13,-1
lccn/sn83045555/1902-11-01,1,5,6,-1
lccn/sn83032300/1883-08-16,2,6,5,1
lccn/sn83032300/1884-12-05,2,3,1,2
lccn/sn83032300/1883-05-25,1,2,3,-1
lccn/sn83045555/1907-12-14,1,3,6,-3
lccn/sn83045555/1906-01-23,1,2,7,-5
lccn/sn83025812/1932-12-30,2,9,2,7
lccn/sn91068099/1936-09-30,1,2,2,0
lccn/sn86071158/1891-11-08,2,20,8,12
lccn/sn86064205/1886-07-25,1,13,18,-5
lccn/sn86064205/1886-08-01,1,3,6,-3
lccn/sn86071197/1902-04-14,1,1,12,-11
lccn/sn86064205/1890-08-03,2,5,1,4
lccn/sn86064205/1890-08-20,2,13,2,11
lccn/sn86064205/1890-08-22,2,13,6,7
lccn/sn86071158/1891-06-13,2,13,7,6
lccn/sn86071158/1891-06-18,2,25,10,15
lccn/sn86071158/1891-06-25,2,13,2,11
lccn/sn86071158/1891-07-02,2,19,6,13
lccn/sn85042551/1920-09-08,2,11,0,11
lccn/sn88084272/1920-06-10,1,13,13,0
lccn/sn88084272/1915-03-19,2,8,7,1
lccn/sn86064205/1888-06-04,1,7,8,-1
lccn/sn83030214/1910-01-24,2,5,4,1
lccn/sn83030214/1910-01-30,2,10,1,9
lccn/sn83045433/1913-03-01,2,23,8,15
lccn/sn83045433/1913-03-16,1,1,4,-3
lccn/sn83045433/1913-03-20,2,6,3,3
lccn/sn83045433/1913-01-26,1,5,7,-2
lccn/sn83045433/1913-02-02,2,11,2,9
lccn/sn83045433/1912-09-28,2,15,5,10
lccn/sn85054468/1897-11-30,1,0,0,0
lccn/sn83045462/1922-09-01,1,4,8,-4
lccn/sn83045462/1922-10-01,2,3,0,3
lccn/sn83030214/1919-08-31,2,12,1,11
lccn/sn83030214/1919-08-05,1,6,12,-6
lccn/sn83045396/1906-01-24,2,10,2,8
lccn/sn83045433/1913-03-30,2,8,4,4
lccn/sn83030214/1909-12-29,1,0,0,0
lccn/sn83045462/1919-05-15,2,15,1,14
lccn/sn83045433/1916-09-23,2,5,4,1
lccn/sn83045462/1915-08-03,2,13,5,8
lccn/sn83045462/1916-02-23,2,7,6,1
lccn/sn83045462/1915-07-04,2,22,1,21
lccn/sn83045462/1915-09-20,2,9,6,3
lccn/sn83045462/1915-06-10,1,5,10,-5
lccn/sn83045462/1915-06-13,2,3,1,2
lccn/sn83045462/1915-06-13,2,7,2,5
lccn/sn83045462/1918-07-02,1,0,0,0
lccn/sn83045462/1915-11-29,2,5,0,5
lccn/sn83045462/1915-08-31,2,11,7,4
lccn/sn83045462/1916-01-02,2,11,4,7
lccn/sn83045462/1920-05-13,1,6,6,0
lccn/sn83045462/1920-06-20,1,4,4,0
lccn/sn83045462/1916-11-30,1,2,2,0
lccn/sn83045462/1915-06-01,1,2,8,-6
lccn/sn86090528/1919-01-15,2,20,5,15
lccn/sn99063957/1918-10-19,1,1,10,-9
lccn/sn90066132/1922-04-29,1,3,3,0
lccn/2004260421/1906-12-14,1,3,8,-5
lccn/sn82015387/1909-04-24,2,3,2,1
lccn/sn82015387/1915-09-11,1,10,13,-3
lccn/sn82015387/1913-12-20,2,15,7,8
lccn/sn82015387/1916-09-30,1,6,6,0
lccn/sn96088088/1909-06-01,2,4,2,2
lccn/sn99063957/1918-03-26,2,6,2,4
lccn/sn84025828/1900-09-08,1,5,5,0
lccn/sn84025828/1900-12-22,2,9,8,1
lccn/sn90059523/1900-09-01,1,0,0,0
lccn/sn90059523/1905-04-30,1,0,0,0
lccn/sn83045366/1901-04-02,2,7,2,5
lccn/sn83045366/1901-04-04,2,8,5,3
lccn/sn83045366/1901-03-06,1,0,0,0
lccn/sn83045366/1901-03-11,2,4,2,2
lccn/sn89066818/1894-06-23,2,7,2,5
lccn/sn90059523/1902-08-24,2,13,5,8
lccn/sn90059523/1903-09-16,1,2,3,-1
lccn/sn83045366/1901-04-27,2,7,4,3
lccn/sn90059523/1902-11-20,2,27,7,20
lccn/sn90059523/1902-11-30,2,5,3,2
lccn/sn90059523/1902-12-22,2,12,4,8
lccn/sn90059523/1902-12-26,1,0,0,0
lccn/sn90059523/1903-05-26,1,8,10,-2
lccn/sn90059523/1904-08-04,2,17,7,10
lccn/sn90059523/1905-01-01,2,15,4,11
lccn/sn86086284/1875-11-14,2,7,2,5
lccn/sn86086284/1876-07-09,2,6,1,5
lccn/sn86086284/1875-07-04,2,9,7,2
lccn/sn86086284/1874-05-24,2,15,1,14
lccn/sn86086284/1872-02-04,2,3,1,2
lccn/sn97071110/1907-09-05,2,11,6,5
lccn/sn97071110/1917-01-25,2,14,7,7
lccn/sn97071110/1915-03-25,2,6,1,5
lccn/sn97071110/1912-03-07,1,0,0,0
lccn/sn97071110/1914-01-22,2,3,1,2
lccn/sn97071110/1916-10-26,1,7,7,0
lccn/sn96061150/1898-04-08,2,15,2,13
lccn/sn96061150/1898-07-29,2,4,2,2
lccn/sn83045396/1906-03-09,2,9,3,6
lccn/sn83045396/1906-05-28,2,25,11,14
lccn/sn83045396/1910-01-17,2,7,6,1
lccn/sn83045396/1910-01-27,2,10,4,6
lccn/sn83045396/1907-04-26,2,8,1,7
lccn/sn83045396/1907-05-16,1,7,10,-3
lccn/sn83045396/1907-06-06,1,9,12,-3
lccn/sn83045396/1912-05-29,2,7,6,1
lccn/sn83045396/1910-11-17,1,6,6,0
lccn/sn83045396/1906-09-20,2,8,5,3
lccn/sn83030214/1920-09-12,2,39,12,27
lccn/sn83030214/1920-09-26,2,11,0,11
lccn/sn83030214/1920-10-05,2,31,10,21
lccn/sn83045396/1911-05-04,1,4,13,-9
lccn/sn83045396/1911-05-25,2,9,5,4
lccn/sn83045396/1911-06-02,2,5,3,2
lccn/sn83045396/1911-06-04,1,1,1,0
lccn/sn83045396/1911-07-04,1,5,15,-10
lccn/sn83045396/1908-11-11,1,4,5,-1
lccn/sn83045396/1908-11-20,1,2,4,-2
lccn/sn83045462/1920-02-14,2,12,6,6
lccn/sn83045462/1920-01-30,2,10,1,9
lccn/sn83045462/1919-11-18,2,4,1,3
lccn/sn83045396/1909-04-21,1,6,7,-1
lccn/sn83045396/1908-11-30,2,14,7,7
lccn/sn83045396/1910-04-05,1,9,10,-1
lccn/sn83045396/1910-10-13,1,4,9,-5
lccn/sn83045396/1910-07-24,1,9,13,-4
lccn/sn83045396/1910-05-11,1,2,11,-9
lccn/sn83045396/1910-05-24,2,7,2,5
lccn/sn83045396/1914-03-01,2,8,7,1
lccn/sn83045396/1914-03-17,2,15,2,13
lccn/sn83030214/1907-12-18,2,6,1,5
lccn/sn83045396/1912-10-13,1,7,7,0
lccn/sn83045396/1913-07-09,2,11,8,3
lccn/sn83045396/1913-07-12,2,7,2,5
lccn/sn83045462/1919-07-06,1,1,6,-5
lccn/sn83045396/1913-05-23,1,2,5,-3
lccn/sn83045396/1912-06-20,1,5,8,-3
lccn/sn82015104/1894-04-21,1,1,1,0
lccn/sn83040592/1900-01-27,1,6,8,-2
lccn/sn82015104/1894-08-06,1,0,7,-7
lccn/sn82015104/1891-03-27,1,5,5,0
lccn/sn85049554/1914-03-28,1,3,9,-6
lccn/sn85049554/1915-03-12,2,14,8,6
lccn/sn84022472/1911-06-28,1,9,9,0
lccn/sn84022472/1911-06-14,1,4,9,-5
lccn/sn84022472/1911-08-12,1,5,15,-10
lccn/sn85049554/1916-05-22,2,10,0,10
lccn/sn85049554/1916-02-11,2,5,3,2
lccn/sn85049554/1915-12-04,1,4,9,-5
lccn/sn84022472/1911-04-26,1,0,0,0
lccn/sn85049554/1914-05-09,2,5,4,1
lccn/sn85049554/1914-03-25,2,5,3,2
lccn/sn85049554/1914-03-26,2,12,5,7
lccn/sn85049554/1914-03-30,2,12,2,10
lccn/sn85049554/1914-03-31,1,7,7,0
lccn/sn99021999/1914-12-07,2,20,4,16
lccn/sn99021999/1915-04-18,2,15,4,11
lccn/sn99021999/1915-04-21,1,4,6,-2
lccn/sn95047263/1911-04-27,2,8,3,5
lccn/sn85049554/1915-08-21,2,5,2,3
lccn/sn85049554/1915-08-16,1,5,9,-4
lccn/sn82014086/1913-07-08,1,0,0,0
lccn/sn82014086/1913-07-07,2,12,3,9
lccn/sn82014086/1913-09-05,1,4,8,-4
lccn/sn85049554/1914-08-01,2,19,5,14
lccn/sn82014086/1913-05-02,1,4,6,-2
lccn/sn82014086/1913-06-02,1,9,13,-4
lccn/sn82014086/1913-06-07,1,5,11,-6
lccn/sn82014086/1913-06-03,2,3,2,1
lccn/sn82016014/1917-02-15,1,4,11,-7
lccn/sn84026820/1912-10-05,2,8,5,3
lccn/sn82016187/1904-03-10,1,0,0,0
lccn/sn86074033/1918-02-16,2,5,2,3
lccn/sn86074033/1903-03-07,2,5,1,4
lccn/sn86074033/1909-09-18,2,14,6,8
lccn/sn86091100/1914-07-30,2,4,1,3
lccn/sn86091128/1919-03-07,2,12,2,10
lccn/sn93061428/1913-05-30,1,3,5,-2
lccn/sn85066387/1895-05-20,2,23,1,22
lccn/sn85066387/1895-12-27,1,0,0,0
lccn/sn85066387/1895-12-21,2,12,6,6
lccn/sn85066387/1895-10-05,1,5,7,-2
lccn/sn92051487/1893-07-28,2,10,2,8
lccn/sn84020109/1859-01-06,2,7,3,4
lccn/sn85066387/1895-12-23,1,8,12,-4
lccn/sn85066387/1895-06-30,2,29,1,28
lccn/sn85066387/1895-06-02,2,25,5,20
lccn/sn85066387/1895-04-16,1,0,0,0
lccn/sn98066392/1888-07-08,1,1,9,-8
lccn/sn99021999/1902-02-05,1,5,7,-2
lccn/sn99021999/1902-03-03,1,4,4,0
lccn/sn82015485/1886-02-06,2,8,5,3
lccn/sn99021999/1902-06-29,2,18,4,14
lccn/sn99021999/1902-06-21,2,8,6,2
lccn/sn82015485/1889-11-30,2,42,19,23
lccn/sn82015485/1892-05-07,2,15,8,7
lccn/sn99021999/1902-09-02,2,2,1,1
lccn/sn92051487/1888-01-13,2,7,5,2
lccn/sn92051487/1877-11-01,1,1,2,-1
lccn/sn92051487/1896-06-12,2,7,1,6
lccn/sn92051487/1899-03-24,2,10,4,6
lccn/sn92051487/1901-10-18,2,6,5,1
lccn/sn92051487/1905-09-15,2,10,7,3
lccn/sn92051487/1898-08-26,2,16,4,12
lccn/sn92051487/1898-12-02,2,12,3,9
lccn/sn92051487/1897-10-29,2,6,3,3
lccn/sn92051487/1897-10-01,2,15,4,11
lccn/sn83025121/1909-09-07,1,4,15,-11
lccn/sn92051487/1906-07-13,2,8,4,4
lccn/sn99021999/1902-10-19,2,13,7,6
lccn/sn84020558/1916-11-27,2,7,5,2
lccn/sn99021999/1902-10-30,1,2,4,-2
lccn/sn84020558/1917-01-29,2,13,8,5
lccn/sn85032814/1887-02-03,2,9,3,6
lccn/sn86063760/1904-07-13,2,12,8,4
lccn/sn93067760/1902-10-01,2,16,4,12
lccn/sn93067760/1903-05-27,2,9,6,3
lccn/sn93067760/1903-08-26,2,21,5,16
lccn/sn93067760/1907-08-07,2,6,5,1
lccn/sn84028490/1902-05-06,2,7,4,3
lccn/sn86063760/1916-03-08,2,9,4,5
lccn/sn86063760/1916-03-22,2,13,6,7
lccn/sn93067777/1887-04-28,2,13,8,5
lccn/sn84026909/1881-11-17,1,0,0,0
lccn/sn93067777/1884-10-02,2,7,3,4
lccn/sn84026909/1881-09-21,1,3,6,-3
lccn/sn84026909/1878-12-11,2,21,15,6
lccn/sn87076552/1915-06-25,2,7,1,6
lccn/sn84026913/1886-07-08,2,9,7,2
lccn/sn93067634/1902-07-10,2,8,2,6
lccn/sn93067634/1902-07-17,2,9,6,3
lccn/sn93067634/1902-07-24,1,0,0,0
lccn/sn93067634/1897-10-14,2,12,2,10
lccn/sn84026853/1903-12-30,2,13,4,9
lccn/sn84026853/1904-02-24,2,21,6,15
lccn/sn84026853/1904-04-06,1,0,0,0
lccn/sn86063758/1921-08-16,1,12,13,-1
lccn/2012218613/1900-09-26,2,18,12,6
lccn/sn87076552/1916-03-31,1,2,6,-4
lccn/sn87076552/1920-06-04,1,5,22,-17
lccn/sn87076552/1921-06-23,1,10,12,-2
lccn/sn87076552/1921-08-25,2,11,0,11
lccn/sn87076552/1921-02-03,2,17,7,10
lccn/sn87076552/1921-05-19,2,13,9,4
lccn/sn87076552/1917-03-09,1,4,6,-2
lccn/sn87076552/1918-06-28,1,0,0,0
lccn/sn93067659/1903-10-01,1,9,11,-2
lccn/sn87076552/1917-06-29,1,5,6,-1
lccn/sn84026909/1881-11-17,1,0,0,0
lccn/sn85038158/1883-11-07,1,2,3,-1
lccn/sn82014635/1897-06-24,2,12,6,6
lccn/sn82014635/1897-02-19,2,9,5,4
lccn/sn93053726/1908-03-23,1,0,0,0
lccn/sn85038709/1902-10-17,1,6,12,-6
lccn/sn85038709/1912-05-16,1,3,10,-7
lccn/sn82014635/1896-04-03,2,14,1,13
lccn/sn82014635/1896-04-07,2,10,3,7
lccn/sn95073194/1886-09-15,1,8,10,-2
lccn/sn85066387/1907-01-30,1,2,3,-1
lccn/sn95073194/1888-09-12,2,7,5,2
lccn/sn95073194/1889-02-20,2,4,2,2
lccn/sn85066387/1906-06-26,1,1,8,-7
lccn/sn95073194/1905-05-10,1,3,4,-1
lccn/sn95073194/1904-12-07,2,7,5,2
lccn/sn95073194/1905-11-29,1,3,5,-2
lccn/sn85066387/1906-12-06,1,0,0,0
lccn/sn95073194/1907-06-12,2,7,6,1
lccn/sn85038709/1898-10-28,2,26,9,17
lccn/sn95073194/1904-05-25,1,1,9,-8
lccn/sn95073194/1903-06-24,2,10,4,6
lccn/sn95073194/1900-10-03,1,3,4,-1
lccn/sn95073194/1899-11-22,2,9,5,4
lccn/sn95073194/1900-01-10,2,8,3,5
lccn/sn95073194/1901-02-20,1,10,10,0
lccn/sn84020558/1918-05-27,1,2,2,0
lccn/sn84020558/1918-05-31,2,23,5,18
lccn/sn98062890/1917-03-22,2,14,4,10
lccn/sn97065832/1902-10-24,1,0,5,-5
lccn/sn98062890/1915-03-11,2,8,7,1
lccn/sn99068076/1904-06-10,2,5,4,1
lccn/sn86063952/1909-12-28,2,7,4,3
lccn/sn86063952/1918-04-24,1,0,0,0
lccn/sn2001063112/1888-05-,2,17,14,3
lccn/sn2001063112/1889-01-,1,4,19,-15
lccn/sn85025007/1870-11-17,2,5,1,4
lccn/sn84031081/1917-09-08,2,15,3,12
lccn/sn84031081/1917-09-11,2,18,5,13
lccn/sn84031081/1918-04-26,2,17,13,4
lccn/sn88056164/1897-06-25,2,7,5,2
lccn/sn99062858/1888-02-04,1,7,8,-1
lccn/sn85025007/1866-11-30,2,5,0,5
lccn/sn85025007/1866-08-06,1,4,5,-1
lccn/sn85025007/1866-08-10,2,12,1,11
lccn/sn85025007/1866-08-16,2,14,3,11
lccn/sn85025007/1866-08-17,2,11,7,4
lccn/sn85025007/1866-08-22,2,19,1,18
lccn/sn85025007/1866-08-23,1,3,3,0
lccn/sn85025007/1866-08-24,2,18,5,13
lccn/sn85025007/1866-08-25,2,12,5,7
lccn/sn85025007/1866-08-08,2,13,1,12
lccn/sn85025007/1866-08-09,2,4,1,3
lccn/sn85025007/1866-08-11,2,2,1,1
lccn/sn85025007/1866-08-13,2,7,5,2
lccn/sn85025007/1866-08-14,2,18,9,9
lccn/sn85025007/1866-08-21,1,4,12,-8
lccn/sn85025007/1866-08-29,2,8,0,8
lccn/sn83045232/1878-02-22,2,11,5,6
lccn/sn84031081/1920-02-22,2,7,2,5
lccn/sn84031081/1921-03-18,2,13,7,6
lccn/sn84031081/1921-05-24,2,9,3,6
lccn/sn84031081/1921-04-16,2,8,2,6
lccn/sn84031081/1921-01-17,2,10,3,7
lccn/sn87065031/1922-02-26,2,16,0,16
lccn/sn84031081/1920-11-26,2,14,5,9
lccn/sn86074011/1917-03-16,1,3,7,-4
lccn/sn84031081/1920-04-18,1,6,8,-2
lccn/sn86091096/1904-12-09,1,3,6,-3
lccn/sn85025007/1872-02-05,2,20,8,12
lccn/sn85025007/1872-02-07,2,9,7,2
lccn/sn85025007/1872-02-14,1,4,15,-11
lccn/sn85025007/1872-08-23,2,9,5,4
lccn/sn85025007/1872-08-24,1,5,8,-3
lccn/sn85025007/1872-08-27,2,9,5,4
lccn/sn85025007/1872-08-30,1,2,2,0
lccn/sn85025007/1872-08-31,1,5,6,-1
lccn/sn85025007/1872-09-02,2,13,3,10
lccn/sn85025007/1872-09-16,2,13,1,12
lccn/sn85025007/1872-09-17,2,10,0,10
lccn/sn85025007/1872-09-18,2,9,1,8
lccn/sn85025007/1872-09-19,2,12,1,11
lccn/sn85025007/1872-09-21,2,10,1,9
lccn/sn85025007/1872-09-23,2,4,2,2
lccn/sn85025007/1872-09-24,2,7,1,6
lccn/sn85025007/1872-10-01,2,6,2,4
lccn/sn85025007/1872-01-26,1,9,10,-1
lccn/sn85025007/1872-02-09,1,0,0,0
lccn/sn85025007/1872-02-17,1,0,0,0
lccn/sn85025007/1872-02-17,1,0,0,0
lccn/sn85025007/1872-02-06,2,17,12,5
lccn/sn85025007/1872-02-08,1,0,0,0
lccn/sn85025007/1872-02-10,1,0,0,0
lccn/sn85025007/1872-02-12,1,0,0,0
lccn/sn85025007/1872-02-13,1,0,0,0
lccn/sn85025007/1872-02-15,1,0,0,0
lccn/sn85025007/1872-02-16,1,0,0,0
lccn/sn85025007/1872-05-24,2,9,2,7
lccn/sn86074011/1917-03-23,1,11,17,-6
lccn/sn86074011/1917-03-30,1,13,13,0
lccn/sn83025287/1883-08-22,1,0,0,0
lccn/sn86063624/1895-04-07,1,7,8,-1
lccn/sn89074405/1915-04-22,2,13,4,9
lccn/sn89074405/1915-08-24,2,9,2,7
lccn/sn83045366/1905-09-29,1,9,13,-4
lccn/sn85042414/1918-05-07,2,25,2,23
lccn/sn86063615/1898-04-24,1,1,7,-6
lccn/sn83025287/1882-03-11,2,6,3,3
lccn/sn86063624/1896-09-11,2,7,3,4
lccn/sn86063624/1896-09-09,1,7,10,-3
lccn/sn88078751/1910-05-31,1,3,11,-8
lccn/sn88078751/1910-06-21,1,3,12,-9
lccn/sn88078751/1910-02-04,1,1,12,-11
lccn/sn84026355/1894-02-06,1,4,4,0
lccn/sn84026355/1894-02-08,2,5,2,3
lccn/sn84026355/1894-02-20,2,9,2,7
lccn/sn84026355/1894-03-06,2,7,1,6
lccn/sn84026355/1894-09-05,2,8,1,7
lccn/sn83025010/1902-02-20,2,6,0,6
lccn/sn83025010/1902-02-20,2,7,1,6
lccn/sn93066071/1906-03-22,2,12,9,3
lccn/sn83025010/1886-07-01,2,6,5,1
lccn/sn83025010/1893-10-26,1,1,3,-2
lccn/sn83025010/1894-04-26,1,3,11,-8
lccn/sn83025010/1894-05-03,2,11,9,2
lccn/sn83025010/1894-05-31,2,10,5,5
lccn/sn83025010/1894-06-21,2,10,4,6
lccn/sn83025010/1894-06-28,2,13,3,10
lccn/sn83032041/1895-02-08,1,0,0,0
lccn/sn93066071/1901-12-12,1,6,7,-1
lccn/sn93066071/1921-05-12,2,8,3,5
lccn/sn85034438/1900-02-21,1,3,8,-5
lccn/sn85034438/1900-03-11,1,0,0,0
lccn/sn85034438/1900-06-03,2,9,5,4
lccn/sn85034438/1900-05-31,1,0,0,0
lccn/sn83045830/1899-10-08,1,2,3,-1
lccn/sn85034438/1901-11-15,1,0,0,0
lccn/sn84036012/1897-07-21,1,0,2,-2
lccn/sn92073049/1892-06-28,2,6,3,3
lccn/sn85034438/1901-02-22,1,0,0,0
lccn/sn92073049/1892-07-05,2,12,2,10
lccn/sn85034438/1901-02-24,1,6,6,0
lccn/sn85034438/1900-09-15,2,7,6,1
lccn/sn85034438/1902-06-10,2,8,5,3
lccn/sn84036012/1897-09-30,1,5,5,0
lccn/sn83045604/1897-04-29,2,6,2,4
lccn/sn84036012/1892-09-18,2,10,5,5
lccn/sn83045604/1897-08-08,1,3,4,-1
lccn/sn84036012/1896-10-17,1,0,0,0
lccn/sn84036012/1893-01-25,1,0,0,0
lccn/sn84036012/1895-07-08,2,26,7,19
lccn/sn83045462/1913-12-05,1,0,0,0
lccn/sn92053945/1887-11-21,1,6,6,0
lccn/sn86086633/1912-10-29,1,6,6,0
lccn/sn99021999/1912-04-08,2,5,4,1
lccn/sn99021999/1912-04-21,1,8,9,-1
lccn/sn83045462/1908-01-19,2,13,6,7
lccn/sn92053945/1888-02-13,2,9,7,2
lccn/sn92053945/1888-01-27,2,5,1,4
lccn/sn92053934/1915-07-17,2,4,3,1
lccn/sn83045462/1912-08-31,2,4,0,4
lccn/sn83045462/1912-09-01,2,6,3,3
lccn/sn86086633/1914-02-19,2,12,9,3
lccn/sn99021999/1917-06-10,2,17,12,5
lccn/sn99021999/1917-01-11,2,14,13,1
lccn/sn85066387/1905-09-15,1,5,7,-2
lccn/sn90059180/1914-12-18,2,10,2,8
lccn/sn92053934/1917-12-29,2,6,5,1
lccn/sn92053934/1917-12-31,1,4,10,-6
lccn/sn92053934/1917-11-16,1,4,5,-1
lccn/sn92053934/1917-11-09,2,10,5,5
lccn/sn90059180/1914-08-14,2,2,1,1
lccn/sn92053934/1916-04-04,1,0,0,0
lccn/sn92053934/1916-02-19,1,0,0,0
lccn/sn92053934/1916-07-08,1,1,7,-6
lccn/sn99021999/1917-07-15,2,8,5,3
lccn/sn85066387/1906-03-17,2,12,3,9
lccn/sn99021999/1912-06-10,2,13,10,3
lccn/sn82016014/1898-03-10,2,7,2,5
lccn/sn86086633/1913-12-01,1,2,6,-4
lccn/sn99021999/1912-06-19,2,18,1,17
lccn/sn92053934/1916-06-05,1,7,8,-1
lccn/sn92053934/1916-03-29,1,2,4,-2
lccn/sn85038531/1918-03-20,2,8,2,6
lccn/sn84038123/1877-08-09,2,2,0,2
lccn/sn85038531/1919-08-30,2,6,3,3
lccn/sn85038531/1919-02-22,2,16,4,12
lccn/sn96088004/1920-08-04,2,9,3,6
lccn/sn96088004/1920-09-15,1,4,7,-3
lccn/sn96088004/1921-02-09,1,3,4,-1
lccn/sn85038531/1918-10-02,2,7,6,1
lccn/sn93051669/1898-04-30,1,6,7,-1
lccn/sn93051669/1899-01-14,1,0,0,0
lccn/sn93051669/1899-09-16,2,10,0,10
lccn/sn93051669/1899-09-23,2,12,6,6
lccn/sn89067274/1909-05-20,2,6,4,2
lccn/sn89067274/1910-08-18,2,12,6,6
lccn/sn84038582/1876-08-12,2,6,1,5
lccn/sn90059523/1898-04-03,1,0,0,0
lccn/sn90059523/1898-05-08,2,18,6,12
lccn/sn90059523/1898-05-01,2,13,7,6
lccn/sn84038582/1885-06-20,1,3,7,-4
lccn/sn84038582/1877-10-20,2,18,12,6
lccn/sn84038582/1882-08-30,2,8,4,4
lccn/sn90059523/1897-12-23,2,5,3,2
lccn/sn96076641/1916-06-07,2,16,7,9
lccn/sn96076641/1914-09-23,2,13,3,10
lccn/sn96076641/1914-12-09,2,4,1,3
lccn/sn87055779/1917-08-07,1,4,6,-2
lccn/sn87055779/1917-09-16,2,14,4,10
lccn/sn87055779/1917-09-23,2,9,4,5
lccn/sn87055779/1917-12-10,1,6,13,-7
lccn/sn87055779/1917-06-19,1,1,3,-2
lccn/sn96076641/1911-08-24,2,23,6,17
lccn/sn87055779/1917-01-20,1,4,4,0
lccn/sn87055779/1915-11-02,2,5,3,2
lccn/sn87055779/1915-12-01,1,2,7,-5
lccn/sn87055779/1915-12-03,2,7,1,6
lccn/sn87055779/1916-12-06,2,12,8,4
lccn/sn87055779/1916-08-22,1,4,4,0
lccn/sn92053934/1915-02-02,1,2,3,-1
lccn/sn96076641/1904-01-21,1,6,21,-15
lccn/sn85066387/1912-05-01,2,13,11,2
lccn/sn83045462/1901-02-25,2,8,1,7
lccn/sn89081022/1917-04-11,1,4,8,-4
lccn/sn89081022/1918-01-16,2,9,7,2
lccn/sn89081022/1918-07-31,2,3,1,2
lccn/sn89081022/1918-08-07,1,6,7,-1
lccn/sn87055779/1922-06-13,1,0,0,0
lccn/sn89081022/1916-01-12,2,8,3,5
lccn/sn82016014/1914-03-18,2,5,3,2
lccn/sn85025620/1897-12-30,2,6,5,1
lccn/sn85025620/1888-11-29,2,9,4,5
lccn/sn99021999/1919-04-22,1,0,0,0
lccn/sn83045462/1923-01-27,2,5,0,5
lccn/sn84027670/1889-03-21,2,6,3,3
lccn/sn87055779/1915-12-10,1,7,7,0
lccn/sn96076641/1898-10-27,2,28,9,19
lccn/sn89081022/1904-02-10,1,1,8,-7
lccn/sn85030821/1903-07-17,2,19,13,6
lccn/sn85030821/1898-11-25,1,7,10,-3
lccn/sn85030821/1899-09-15,2,6,5,1
lccn/sn99021999/1896-08-19,1,4,7,-3
lccn/sn84027670/1885-10-15,2,11,3,8
lccn/sn82014635/1890-05-04,2,10,5,5
lccn/sn99021999/1896-09-01,2,5,1,4
lccn/sn82014635/1890-06-08,2,4,1,3
lccn/sn84027670/1884-06-12,2,5,3,2
lccn/sn84027670/1886-04-22,2,7,4,3
lccn/sn99021999/1893-12-10,1,16,22,-6
lccn/sn99021999/1894-03-27,2,8,7,1
lccn/sn82014635/1890-09-18,2,26,10,16
lccn/sn99021999/1897-04-20,2,5,2,3
lccn/sn82014635/1890-06-15,1,8,14,-6
lccn/sn82014635/1892-11-30,2,7,2,5
lccn/sn99021999/1899-05-21,2,11,3,8
lccn/sn99021999/1899-05-16,2,4,3,1
lccn/sn99021999/1899-05-05,1,8,11,-3
lccn/sn99021999/1899-05-09,2,7,1,6
lccn/sn99021999/1899-07-11,2,14,10,4
lccn/sn82014635/1892-06-21,1,0,0,0
lccn/sn99021999/1899-11-12,1,10,10,0
lccn/sn82014635/1893-03-26,2,9,0,9
lccn/sn84020358/1900-01-11,1,3,3,0
lccn/sn83025121/1898-07-15,2,11,8,3
lccn/sn82014635/1893-11-28,2,8,3,5
lccn/sn84020358/1899-06-12,1,4,27,-23
lccn/sn83025121/1912-02-02,2,5,3,2
lccn/sn84020358/1899-06-14,1,5,10,-5
lccn/sn99021999/1897-02-11,1,6,7,-1
lccn/sn82014635/1890-12-20,2,11,10,1
lccn/sn82014635/1892-05-21,2,14,8,6
lccn/sn99021999/1898-11-23,1,5,10,-5
lccn/sn82014635/1891-12-18,2,10,9,1
lccn/sn83016632/1875-05-01,2,6,2,4
lccn/sn85025007/1872-10-25,2,17,0,17
lccn/sn85025007/1872-10-26,2,19,0,19
lccn/sn85025007/1872-10-28,1,0,0,0
lccn/sn85025007/1872-10-29,1,2,3,-1
lccn/sn85025007/1872-10-30,2,12,1,11
lccn/sn85025007/1872-10-31,2,13,2,11
lccn/sn85025007/1872-11-01,1,2,5,-3
lccn/sn85025007/1872-11-02,1,2,5,-3
lccn/sn85025007/1872-11-04,1,0,0,0
lccn/sn85025007/1872-11-05,2,8,1,7
lccn/sn85025007/1872-11-06,2,7,5,2
lccn/sn85025007/1872-11-07,2,19,5,14
lccn/sn85025007/1872-11-08,1,0,0,0
lccn/sn85025007/1872-11-09,2,13,2,11
lccn/sn85025007/1872-11-12,2,6,5,1
lccn/sn85025007/1872-11-13,2,12,2,10
lccn/sn85025007/1872-11-14,2,6,1,5
lccn/sn85025007/1872-11-15,2,26,0,26
lccn/sn85025007/1872-11-16,2,7,4,3
lccn/sn93061701/1920-08-13,2,12,4,8
lccn/sn93061701/1919-01-31,2,5,2,3
lccn/sn93061701/1918-08-16,2,5,2,3
lccn/sn86063592/1897-08-21,2,8,6,2
lccn/sn86063592/1897-09-13,2,8,0,8
lccn/sn86063592/1896-05-23,2,10,0,10
lccn/sn87065532/1883-09-28,1,6,11,-5
lccn/sn87065532/1883-11-02,1,1,6,-5
lccn/sn87065532/1883-11-09,1,2,2,0
lccn/sn87065532/1883-12-14,2,8,2,6
lccn/sn87065532/1884-02-22,2,11,2,9
lccn/sn87065532/1884-03-07,2,5,3,2
lccn/sn87065532/1884-03-28,2,6,1,5
lccn/sn87065532/1884-05-02,1,4,7,-3
lccn/sn94056869/1917-07-12,2,5,1,4
lccn/sn94056869/1918-01-17,1,13,13,0
lccn/sn86063592/1899-09-08,1,8,11,-3
lccn/sn86063592/1900-05-24,1,1,4,-3
lccn/sn85025007/1875-03-22,2,6,1,5
lccn/sn85052114/1906-05-21,2,13,9,4
lccn/sn86071197/1898-12-17,1,1,4,-3
lccn/sn88085187/1915-05-29,2,9,1,8
lccn/sn88085187/1915-05-31,2,15,1,14
lccn/sn86064205/1883-07-13,2,13,4,9
lccn/sn86071197/1899-02-19,2,7,0,7
lccn/sn91068076/1892-02-04,2,12,3,9
lccn/sn84020682/1888-04-10,2,19,5,14
lccn/sn91068076/1892-05-18,1,8,8,0
lccn/sn91068076/1894-03-28,1,5,6,-1
lccn/sn84020682/1888-10-02,2,10,3,7
lccn/sn91068076/1891-11-09,1,6,7,-1
lccn/sn88084272/1912-11-28,2,5,3,2
lccn/sn86089443/1881-03-31,2,12,8,4
lccn/sn88085187/1910-07-13,2,13,5,8
lccn/sn88085187/1910-07-14,2,13,1,12
lccn/sn88085187/1910-07-15,2,12,3,9
lccn/sn88084272/1913-08-02,1,6,9,-3
lccn/sn88085187/1915-07-15,2,19,3,16
lccn/sn88084272/1913-09-15,2,3,1,2
lccn/sn88085187/1912-07-06,1,10,13,-3
lccn/sn88085187/1911-06-03,2,14,1,13
lccn/sn88085523/1910-09-28,2,5,1,4
lccn/sn88085523/1911-09-13,1,0,1,-1
lccn/sn88085523/1912-07-17,2,8,2,6
lccn/sn88084272/1912-05-23,1,6,6,0
lccn/sn88085187/1915-06-17,2,9,4,5
lccn/sn88085523/1897-01-28,2,11,9,2
lccn/sn88085187/1911-10-16,2,15,1,14
lccn/sn86071197/1902-08-07,2,6,5,1
lccn/sn91068076/1892-04-26,2,9,8,1
lccn/sn88084272/1911-08-07,2,7,6,1
lccn/sn88084272/1911-09-13,2,12,8,4
lccn/sn88084272/1915-12-07,2,11,5,6
lccn/sn88084272/1915-12-29,2,6,5,1
lccn/sn88084272/1916-01-04,2,14,1,13
lccn/sn88084272/1916-07-14,1,5,9,-4
lccn/sn88084272/1914-09-02,1,6,8,-2
lccn/sn88084272/1916-07-06,1,5,6,-1
lccn/sn88084272/1914-01-22,2,4,1,3
lccn/sn88084272/1917-02-23,2,7,1,6
lccn/sn88084272/1914-10-05,2,12,3,9
lccn/sn88084272/1916-01-03,1,5,9,-4
lccn/sn88084272/1911-10-12,1,4,7,-3
lccn/sn88084272/1911-02-18,1,1,2,-1
lccn/sn88084272/1914-09-03,1,7,7,0
lccn/sn88084272/1914-09-07,2,13,0,13
lccn/sn88084272/1916-12-06,1,7,7,0
lccn/sn83035101/1854-01-25,2,8,6,2
lccn/sn86071197/1896-02-13,2,11,5,6
lccn/sn86071197/1901-06-01,1,0,0,0
lccn/sn86071197/1901-06-02,1,9,14,-5
lccn/sn83035565/1916-08-31,1,2,3,-1
lccn/sn83035565/1917-02-22,2,11,6,5
lccn/sn88085187/1915-05-21,1,0,0,0
lccn/sn88085187/1915-05-22,2,16,2,14
lccn/sn88085187/1915-05-24,1,0,0,0
lccn/sn88085187/1915-05-25,2,15,2,13
lccn/sn88085187/1915-05-27,2,12,1,11
lccn/sn88085187/1915-05-19,2,19,1,18
lccn/sn96061150/1896-03-06,1,5,5,0
lccn/sn82003389/1889-11-06,2,10,4,6
lccn/sn82003389/1890-01-22,2,12,9,3
lccn/sn82003389/1870-08-10,1,3,5,-2
lccn/sn96061150/1897-07-11,1,3,3,0
lccn/sn96061150/1897-10-31,1,2,3,-1
lccn/sn98060050/1902-12-26,1,0,1,-1
lccn/sn86071719/1910-03-31,2,2,1,1
lccn/sn86071719/1898-05-04,1,1,7,-6
lccn/sn86071719/1897-07-28,2,14,3,11
lccn/sn87076917/1887-12-22,1,12,17,-5
lccn/sn87076916/1885-01-31,2,11,10,1
lccn/sn86092536/1918-06-04,2,20,4,16
lccn/sn86092536/1918-06-07,1,1,3,-2
lccn/sn86092536/1917-07-06,2,11,3,8
lccn/sn86092536/1917-07-13,1,8,13,-5
lccn/sn86092536/1916-07-10,2,7,2,5
lccn/sn86092536/1916-07-14,1,6,10,-4
lccn/sn98060050/1903-09-18,2,2,0,2
lccn/sn98060050/1904-11-25,1,6,6,0
lccn/sn86092536/1917-10-26,2,9,6,3
lccn/sn86092536/1920-04-16,2,5,2,3
lccn/sn86092536/1917-11-02,2,10,4,6
lccn/sn87076917/1888-05-19,1,17,20,-3
lccn/sn86092536/1919-01-18,1,0,0,0
lccn/sn86092536/1919-02-21,2,13,3,10
lccn/sn86092536/1919-05-23,1,3,7,-4
lccn/sn86092536/1919-05-24,2,9,4,5
lccn/sn86092536/1919-05-31,2,4,2,2
lccn/sn86092536/1919-03-28,1,5,11,-6
lccn/sn86092536/1919-03-29,1,6,10,-4
lccn/sn86092536/1919-11-24,1,0,0,0
lccn/sn86092536/1919-09-15,1,5,5,0
lccn/sn86092536/1918-05-21,2,6,5,1
lccn/sn86092536/1918-11-16,1,3,10,-7
lccn/sn85038161/1900-04-19,1,3,9,-6
lccn/sn84026847/1870-12-21,2,9,2,7
lccn/sn84026847/1870-12-29,1,0,0,0
lccn/sn98060050/1922-10-20,2,6,4,2
lccn/sn84023200/1852-10-21,2,4,2,2
lccn/sn84022473/1876-10-02,1,0,0,0
lccn/sn87076917/1887-10-24,2,12,1,11
lccn/sn84022473/1874-08-21,2,22,2,20
lccn/sn98060050/1916-06-23,1,0,4,-4
lccn/sn98060050/1916-03-31,2,2,1,1
lccn/sn86092536/1921-09-10,2,15,1,14
lccn/sn86092536/1921-01-15,2,13,3,10
lccn/sn86064205/1887-06-30,2,13,8,5
lccn/sn86071197/1899-05-29,2,13,0,13
lccn/sn86071197/1901-11-21,2,11,10,1
lccn/sn88084272/1919-01-23,2,12,2,10
lccn/sn88084272/1917-08-31,2,14,4,10
lccn/sn88084272/1917-10-27,1,5,5,0
lccn/sn88084272/1917-08-16,1,12,20,-8
lccn/sn88084272/1919-05-30,2,11,5,6
lccn/sn83025925/1867-11-02,2,9,2,7
lccn/sn83045396/1904-02-15,2,16,14,2
lccn/sn83045396/1908-09-19,1,5,7,-2
lccn/sn83045396/1904-09-17,1,0,0,0
lccn/sn83045396/1904-07-10,1,0,1,-1
lccn/sn83045396/1908-05-25,1,7,9,-2
lccn/sn83045396/1908-05-28,2,8,3,5
lccn/sn83045396/1908-05-22,2,9,4,5
lccn/sn83045396/1908-05-31,2,10,3,7
lccn/sn83045396/1908-05-31,1,5,23,-18
lccn/sn83045396/1908-06-06,1,1,6,-5
lccn/sn83045396/1907-02-18,2,16,1,15
lccn/sn83045396/1905-05-23,1,4,4,0
lccn/sn83045396/1905-05-24,2,9,7,2
lccn/sn83045396/1905-05-25,2,7,3,4
lccn/sn83045396/1905-05-27,2,8,4,4
lccn/sn83045396/1905-06-02,2,5,2,3
lccn/sn83045396/1907-09-03,2,6,2,4
lccn/sn85042461/1898-10-20,1,0,0,0
lccn/sn85042461/1897-06-13,1,5,8,-3
lccn/sn85042461/1898-01-13,1,1,5,-4
lccn/sn85042461/1897-10-27,2,6,2,4
lccn/sn85042461/1898-01-02,2,15,3,12
lccn/sn85042461/1898-05-29,1,6,7,-1
lccn/sn85042461/1898-06-18,2,5,3,2
lccn/sn85042461/1897-05-14,2,11,5,6
lccn/sn85042461/1897-05-29,2,15,4,11
lccn/sn87062268/1913-06-08,1,3,9,-6
lccn/sn87057096/1900-05-31,2,6,4,2
lccn/sn87057096/1900-08-16,1,5,10,-5
lccn/sn82014805/1874-12-15,2,6,1,5
lccn/sn82014805/1876-05-31,2,14,10,4
lccn/sn82016014/1902-10-24,2,6,0,6
lccn/sn99021999/1905-06-22,2,11,7,4
lccn/sn82016014/1902-08-12,2,14,2,12
lccn/sn82014805/1875-03-09,1,4,7,-3
lccn/sn84038095/1905-08-09,2,7,2,5
lccn/sn82014805/1878-12-27,2,9,5,4
lccn/sn82016014/1902-10-28,2,12,2,10
lccn/sn99021999/1910-06-26,2,8,5,3
lccn/sn99021999/1910-05-23,2,4,2,2
lccn/sn87062268/1911-06-28,1,0,0,0
lccn/sn87062268/1911-08-09,2,9,0,9
lccn/sn87062268/1911-08-10,2,4,1,3
lccn/sn87062268/1911-08-11,2,3,2,1
lccn/sn87062268/1911-08-08,2,6,2,4
lccn/sn84022770/1897-11-05,2,18,13,5
lccn/sn84022770/1905-10-06,2,9,8,1
lccn/sn84022770/1901-03-15,2,6,5,1
lccn/sn91066782/1915-12-10,1,0,0,0
lccn/sn91066782/1918-02-01,2,7,6,1
lccn/sn91066782/1918-04-30,1,9,16,-7
lccn/sn91066782/1918-09-21,2,16,0,16
lccn/sn91066782/1919-01-31,1,3,8,-5
lccn/sn91066782/1919-02-01,1,5,9,-4
lccn/sn91066782/1919-02-27,1,0,0,0
lccn/sn91066782/1919-12-31,1,2,4,-2
lccn/sn84028490/1879-03-13,2,10,4,6
lccn/sn91066782/1914-02-05,2,14,5,9
lccn/sn91066782/1914-02-10,1,2,9,-7
lccn/sn91066782/1913-04-10,1,0,0,0
lccn/sn91066782/1913-06-17,1,4,6,-2
lccn/sn91066782/1915-07-27,1,4,6,-2
lccn/sn91066782/1915-10-05,2,8,4,4
lccn/sn86092557/1922-09-01,1,2,4,-2
lccn/sn86092557/1922-09-08,2,5,3,2
lccn/sn86092557/1922-10-26,2,12,8,4
lccn/sn91066782/1916-11-01,1,3,3,0
lccn/sn91066782/1916-11-03,1,4,12,-8
lccn/sn91066782/1916-12-28,2,16,8,8
lccn/sn91066782/1917-01-02,1,6,10,-4
lccn/sn91066782/1916-04-18,1,6,11,-5
lccn/sn91066782/1916-05-05,1,3,3,0
lccn/sn88085101/1920-02-27,2,15,3,12
lccn/sn88085101/1918-05-03,2,15,2,13
lccn/sn88085101/1918-09-20,1,8,9,-1
lccn/sn85059715/1914-09-01,2,16,2,14
lccn/sn85059715/1914-09-03,2,15,1,14
lccn/sn85059715/1914-09-04,2,15,3,12
lccn/sn88085523/1892-10-27,2,25,4,21
lccn/sn84022472/1916-09-23,2,18,3,15
lccn/sn84022472/1916-10-14,2,14,5,9
lccn/sn82016014/1922-03-17,2,5,1,4
lccn/sn84038114/1886-02-02,1,3,19,-16
lccn/sn84038114/1885-04-15,2,12,6,6
lccn/sn82016014/1922-06-12,2,2,1,1
lccn/sn82016014/1922-08-19,2,7,2,5
lccn/sn84026820/1917-11-10,2,4,0,4
lccn/sn84026820/1917-05-12,1,6,6,0
lccn/sn84026820/1917-04-14,2,2,0,2
lccn/sn82016014/1922-04-18,1,8,9,-1
lccn/sn85049554/1913-01-06,2,13,5,8
lccn/sn85049554/1913-02-06,1,0,0,0
lccn/sn85049554/1913-02-14,2,6,2,4
lccn/sn82016014/1921-05-13,2,5,2,3
lccn/sn82016014/1922-10-02,2,12,1,11
lccn/sn84022472/1914-08-20,1,3,9,-6
lccn/sn84022472/1915-09-09,1,2,4,-2
lccn/sn82016014/1913-02-15,2,10,4,6
lccn/sn99021999/1907-01-16,1,4,6,-2
lccn/sn99021999/1905-09-24,1,3,8,-5
lccn/sn85066387/1908-08-30,2,6,3,3
lccn/sn99021999/1907-04-21,2,9,0,9
lccn/sn99021999/1907-04-24,1,4,4,0
lccn/sn99021999/1905-11-19,2,9,0,9
lccn/sn84026820/1922-12-09,2,10,0,10
lccn/sn85049554/1913-10-18,2,14,9,5
lccn/sn85049554/1913-12-01,1,4,11,-7
lccn/sn99021999/1906-01-05,1,5,11,-6
lccn/sn85049554/1913-11-22,1,10,14,-4
lccn/sn99021999/1906-01-14,1,10,11,-1
lccn/sn85049554/1914-01-07,2,11,3,8
lccn/sn99021999/1906-02-11,2,14,3,11
lccn/sn85066387/1908-08-11,2,7,5,2
lccn/sn85066387/1908-08-19,2,7,2,5
lccn/sn87062268/1909-10-01,2,9,5,4
lccn/sn85066387/1908-08-01,1,0,0,0
lccn/sn82016014/1920-08-20,1,4,9,-5
lccn/sn86053369/1906-05-04,2,10,6,4
lccn/sn86081853/1893-05-19,2,25,12,13
lccn/sn85042344/1916-10-28,1,0,0,0
lccn/sn91099608/1888-12-24,1,3,4,-1
lccn/sn85042344/1910-10-05,1,4,10,-6
lccn/sn86081853/1895-05-31,1,0,0,0
lccn/sn86071045/1896-03-19,1,0,0,0
lccn/sn86071045/1892-12-02,2,12,2,10
lccn/sn90061576/1895-11-14,1,6,10,-4
lccn/sn90061576/1895-02-28,1,3,8,-5
lccn/sn90061576/1891-09-24,1,0,0,0
lccn/sn83030214/1906-02-28,1,13,13,0
lccn/sn83030214/1906-03-03,1,0,0,0
lccn/sn85042242/1900-01-06,2,8,3,5
lccn/sn83030214/1905-10-18,1,6,7,-1
lccn/sn84026925/1879-01-09,2,10,5,5
lccn/sn84026925/1904-05-27,1,8,15,-7
lccn/sn85038119/1884-06-19,1,4,8,-4
lccn/sn85038119/1900-12-27,2,2,1,1
lccn/sn84026925/1897-08-14,2,3,2,1
lccn/sn84026925/1897-08-21,2,7,5,2
lccn/sn84028473/1914-03-20,2,26,19,7
lccn/sn84028473/1914-10-23,2,8,5,3
lccn/sn84028473/1913-10-31,2,14,7,7
lccn/sn84028473/1912-04-26,2,17,7,10
lccn/sn84028473/1912-08-02,1,3,5,-2
lccn/sn84026925/1913-05-27,2,28,7,21
lccn/sn84026817/1875-05-06,1,0,0,0
lccn/sn84026817/1879-01-08,2,12,6,6
lccn/sn99021999/1922-01-15,2,8,6,2
lccn/sn87065531/1920-05-07,2,11,5,6
lccn/sn85025007/1919-11-01,1,6,6,0
lccn/sn84020630/1900-09-03,2,12,6,6
lccn/sn83016926/1867-01-10,1,6,6,0
lccn/sn83016926/1867-01-17,1,0,0,0
lccn/sn83016926/1867-01-31,2,10,5,5
lccn/sn83016926/1867-02-07,2,15,4,11
lccn/sn86079018/1874-05-03,1,7,7,0
lccn/sn99021999/1921-10-31,2,12,7,5
lccn/sn84024326/1922-11-26,1,3,3,0
lccn/sn90059523/1896-06-13,2,12,8,4
lccn/sn90059523/1896-06-24,2,10,0,10
lccn/sn90059523/1898-12-24,2,18,11,7
lccn/sn83045366/1901-05-13,2,12,11,1
lccn/sn83045462/1903-02-09,2,13,6,7
lccn/sn83045462/1902-11-10,1,4,8,-4
lccn/sn83045462/1903-06-13,1,0,0,0
lccn/sn90059522/1895-11-28,2,7,2,5
lccn/sn88068010/1886-07-09,2,7,6,1
lccn/sn88068010/1886-08-20,2,8,4,4
lccn/sn88068010/1884-09-12,2,5,3,2
lccn/sn83045366/1901-10-26,1,4,12,-8
lccn/sn83045366/1901-07-12,2,11,2,9
lccn/sn83045366/1901-08-31,2,12,10,2
lccn/sn83045366/1901-11-25,2,17,0,17
lccn/sn83045366/1901-12-23,1,1,8,-7
lccn/sn90059523/1904-01-24,2,7,4,3
lccn/sn90059522/1888-02-19,1,0,0,0
lccn/sn89065008/1919-06-04,2,12,1,11
lccn/sn86091100/1892-04-01,2,8,1,7
lccn/sn86069201/1912-08-02,1,5,6,-1
lccn/sn83045389/1916-08-13,2,5,3,2
lccn/sn83045389/1916-10-05,1,5,6,-1
lccn/sn84026399/1858-02-18,2,8,5,3
lccn/sn83045462/1898-02-05,2,6,1,5
lccn/sn85058130/1894-11-25,2,9,3,6
lccn/sn85058130/1894-06-02,2,14,13,1
lccn/sn84026749/1915-09-17,2,10,5,5
lccn/sn84026749/1916-02-21,1,0,0,0
lccn/sn85058130/1894-04-10,2,75,13,62
lccn/sn85058130/1893-12-31,2,13,8,5
lccn/sn84026749/1917-10-10,1,2,3,-1
lccn/sn85058130/1893-11-03,2,22,11,11
lccn/sn84026749/1917-02-20,2,10,2,8
lccn/sn84026749/1917-05-03,2,15,14,1
lccn/sn85058130/1893-05-19,2,14,0,14
lccn/sn84026399/1855-03-01,2,7,4,3
lccn/sn83045433/1915-07-24,1,6,8,-2
lccn/sn85058130/1891-08-15,1,7,8,-1
lccn/sn83045396/1909-02-10,1,5,5,0
lccn/sn83032231/1877-01-06,1,4,8,-4
lccn/sn83045462/1898-09-14,2,12,2,10
lccn/sn83045462/1898-11-11,2,13,3,10
lccn/sn83045462/1898-07-01,2,9,4,5
lccn/sn83045462/1895-11-27,2,29,5,24
lccn/sn83045462/1897-09-29,2,10,5,5
lccn/sn87078000/1897-08-23,2,11,4,7
lccn/sn87078000/1896-04-09,1,0,12,-12
lccn/sn85058130/1893-04-02,1,14,23,-9
lccn/sn83030214/1921-11-01,1,6,13,-7
lccn/sn85058140/1910-09-01,2,12,4,8
lccn/sn85058140/1910-09-30,1,7,10,-3
lccn/sn83045462/1917-12-01,1,3,3,0
lccn/sn83045211/1915-01-08,2,10,5,5
lccn/sn85058398/1909-07-09,2,12,8,4
lccn/sn85058398/1909-09-17,2,11,8,3
lccn/sn85058140/1910-05-12,2,14,1,13
lccn/sn85058140/1910-06-05,1,7,8,-1
lccn/sn85058140/1910-06-04,2,53,12,41
lccn/sn85058140/1910-07-03,2,24,8,16
lccn/sn85058140/1909-11-02,2,3,1,2
lccn/sn83045462/1917-10-29,1,5,7,-2
lccn/sn84026355/1901-06-27,1,8,10,-2
lccn/sn84026355/1902-01-08,2,13,2,11
lccn/sn83045462/1917-11-13,1,8,8,0
lccn/sn84026749/1916-12-01,2,7,5,2
lccn/sn84026749/1917-06-19,2,17,10,7
lccn/sn83045462/1918-12-01,1,8,12,-4
lccn/sn84026355/1902-04-08,1,0,0,0
lccn/sn84026355/1902-08-19,2,15,7,8
lccn/sn83045462/1918-07-14,2,5,4,1
lccn/sn84026355/1901-08-02,2,20,9,11
lccn/sn83045462/1917-11-03,1,6,11,-5
lccn/sn85038615/1905-01-06,2,12,1,11
lccn/sn85038615/1905-03-05,1,6,7,-1
lccn/sn85034438/1902-09-21,1,11,12,-1
lccn/sn85034438/1902-09-25,2,10,4,6
lccn/sn85034438/1902-09-26,2,11,8,3
lccn/sn85034438/1902-09-28,2,7,0,7
lccn/sn85034438/1902-10-29,1,5,7,-2
lccn/sn85038615/1905-11-01,2,12,4,8
lccn/sn85038615/1905-08-20,1,0,0,0
lccn/sn85038615/1905-10-15,2,8,3,5
lccn/sn85053181/1911-11-17,2,12,1,11
lccn/sn84026526/1877-02-15,2,10,2,8
lccn/sn84026526/1883-10-11,2,15,2,13
lccn/sn85038615/1911-06-09,1,3,5,-2
lccn/sn85038615/1911-05-22,2,7,2,5
lccn/sn85038615/1911-11-04,2,8,3,5
lccn/sn85038615/1911-10-08,1,6,7,-1
lccn/sn85038615/1911-11-16,2,10,1,9
lccn/sn85038615/1911-09-10,2,7,2,5
lccn/sn85033964/1868-11-20,1,6,8,-2
lccn/sn85033964/1868-12-04,1,3,6,-3
lccn/sn87093407/1903-05-28,1,0,0,0
lccn/sn87093407/1903-05-28,1,0,0,0
lccn/sn84022871/1908-03-23,1,4,8,-4
lccn/sn91066782/1906-09-07,2,14,6,8
lccn/sn86092557/1907-11-26,1,0,0,0
lccn/sn86092557/1907-11-27,1,5,8,-3
lccn/sn86092557/1907-12-18,2,4,2,2
lccn/sn86092557/1907-04-13,1,6,10,-4
lccn/sn91066782/1911-12-04,1,0,0,0
lccn/sn87093407/1902-01-27,1,5,5,0
lccn/sn83025661/1837-02-22,2,13,1,12
lccn/sn87093056/1903-04-22,2,25,9,16
lccn/sn85038102/1886-11-12,2,4,0,4
lccn/sn85038102/1886-11-19,2,4,0,4
lccn/sn85038102/1886-11-26,2,4,0,4
lccn/sn85038102/1886-12-03,2,4,0,4
lccn/sn85038102/1886-12-10,2,14,1,13
lccn/sn85038102/1887-01-14,1,4,5,-1
lccn/sn88076639/1916-01-28,2,3,2,1
lccn/sn83045366/1903-06-01,1,2,3,-1
lccn/sn83045366/1903-06-10,2,11,10,1
lccn/sn83045366/1903-06-11,2,16,9,7
lccn/sn83045366/1903-08-03,1,11,11,0
lccn/sn83045366/1903-10-01,2,11,9,2
lccn/sn83045366/1903-09-19,2,6,3,3
lccn/sn83045366/1903-05-29,2,9,4,5
lccn/sn88076741/1896-12-18,1,0,0,0
lccn/sn83045366/1904-07-08,1,1,8,-7
lccn/sn89074404/1914-04-18,1,0,0,0
lccn/sn83045366/1904-06-09,1,3,9,-6
lccn/sn83045366/1904-06-17,1,5,8,-3
lccn/sn83045366/1904-02-24,2,11,9,2
lccn/sn83045366/1904-12-24,1,4,10,-6
lccn/sn85042414/1916-12-23,2,18,1,17
lccn/sn83045366/1904-01-23,1,5,12,-7
lccn/sn89074405/1915-08-30,2,12,1,11
lccn/sn83045366/1903-04-29,2,14,3,11
lccn/sn83045366/1902-05-24,2,8,2,6
lccn/sn83045462/1911-03-18,1,4,6,-2
lccn/sn83045462/1911-12-06,1,0,0,0
lccn/sn83030193/1908-10-17,2,8,5,3
lccn/sn83030193/1909-03-04,2,9,3,6
lccn/sn85038531/1920-03-17,2,12,3,9
lccn/sn85038531/1920-02-17,2,13,6,7
lccn/sn85038531/1919-11-06,1,5,7,-2
lccn/sn85038615/1910-12-25,1,1,4,-3
lccn/sn84036266/1899-02-23,1,7,13,-6
lccn/sn85038531/1920-05-28,2,10,5,5
lccn/sn85038531/1919-12-08,1,0,0,0
lccn/sn85038531/1920-09-08,1,0,0,0
lccn/sn85038531/1920-05-07,1,0,0,0
lccn/sn88065731/1916-08-30,1,2,4,-2
lccn/sn85038531/1920-05-19,2,5,3,2
lccn/sn88061082/1879-06-14,2,10,0,10
lccn/sn88061082/1877-09-22,2,5,1,4
lccn/sn89058007/1892-08-12,1,8,12,-4
lccn/sn89058007/1892-09-16,2,7,3,4
lccn/sn89058007/1892-08-05,2,10,5,5
lccn/sn89058007/1892-08-19,2,8,6,2
lccn/sn89058007/1892-09-09,1,8,10,-2
lccn/sn89060124/1902-05-30,2,12,4,8
lccn/sn85038615/1907-02-17,2,10,2,8
lccn/sn82006687/1878-10-17,2,18,16,2
lccn/sn82006687/1875-07-01,2,10,5,5
lccn/sn83045462/1925-10-08,1,1,4,-3
lccn/sn83045462/1925-11-15,2,12,9,3
lccn/sn86063242/1885-07-08,2,19,9,10
lccn/sn86069675/1891-02-10,2,4,0,4
lccn/sn85038615/1904-08-14,2,18,4,14
lccn/sn82006687/1895-06-20,2,14,9,5
lccn/sn82006687/1895-01-31,2,13,9,4
lccn/sn82006687/1895-11-15,1,0,0,0
lccn/sn82006687/1904-06-23,2,11,3,8
lccn/sn82006687/1882-12-07,1,8,10,-2
lccn/sn95079154/1912-05-30,2,15,2,13
lccn/sn83030272/1911-05-20,2,13,5,8
lccn/sn84026925/1919-10-14,1,1,3,-2
lccn/sn88078751/1916-08-29,1,3,6,-3
lccn/sn88078751/1916-10-10,1,3,4,-1
lccn/sn93067841/1905-09-14,2,9,6,3
lccn/sn98060050/1911-12-22,1,4,7,-3
lccn/sn95066012/1908-12-31,1,5,7,-2
lccn/sn86063790/1921-11-17,2,3,1,2
lccn/sn88077067/1915-09-10,2,9,1,8
lccn/sn88077067/1916-09-01,1,3,7,-4
lccn/sn88077067/1916-11-10,2,7,2,5
lccn/sn88077067/1917-02-16,2,23,3,20
lccn/2012218613/1885-08-05,2,10,4,6
lccn/sn88077067/1910-06-03,2,11,9,2
lccn/sn88077067/1910-07-08,1,4,5,-1
lccn/sn88077067/1913-08-29,1,4,11,-7
lccn/sn88077067/1913-10-10,2,5,1,4
lccn/sn88077067/1912-11-22,2,6,5,1
lccn/sn88077067/1911-03-24,1,5,9,-4
lccn/sn84026853/1897-12-29,1,6,7,-1
lccn/sn84026853/1887-03-16,2,19,16,3
lccn/sn84026907/1894-08-29,2,9,3,6
lccn/sn84026907/1894-09-05,1,17,21,-4
lccn/sn84026907/1899-09-20,2,11,8,3
lccn/sn84026907/1899-10-11,2,14,6,8
lccn/sn84026853/1908-10-28,1,4,6,-2
lccn/sn84026853/1908-11-11,2,8,5,3
lccn/sn84026853/1907-09-04,2,17,10,7
lccn/sn84026853/1907-09-25,2,11,5,6
lccn/sn84026907/1886-10-06,1,7,8,-1
lccn/sn84026907/1888-10-10,1,0,0,0
lccn/sn84026907/1888-10-17,2,10,5,5
lccn/sn84026907/1889-01-30,2,5,4,1
lccn/sn84026853/1912-08-14,2,20,9,11
lccn/sn84028473/1917-09-14,2,7,3,4
lccn/sn84028473/1918-04-26,2,7,5,2
lccn/sn84028473/1918-05-17,2,15,9,6
lccn/sn84028473/1915-08-13,2,12,9,3
lccn/sn84028473/1916-02-25,2,8,6,2
lccn/sn84028473/1916-05-19,2,5,1,4
lccn/sn84028473/1919-04-11,1,4,4,0
lccn/sn84028473/1916-10-27,2,12,11,1
lccn/sn84028473/1917-01-19,1,7,7,0
lccn/sn84028473/1917-06-01,2,3,1,2
lccn/sn84028473/1920-12-17,2,10,9,1
lccn/sn85066387/1908-12-31,2,6,2,4
lccn/sn99021999/1907-02-13,2,11,5,6
lccn/sn85066387/1909-03-21,2,11,2,9
lccn/sn99021999/1905-12-10,2,11,3,8
lccn/sn82015104/1892-09-27,2,7,6,1
lccn/sn82015104/1893-07-27,1,2,5,-3
lccn/sn85049554/1917-11-23,1,18,20,-2
lccn/sn82015104/1892-06-22,2,19,6,13
lccn/sn82015104/1892-04-08,2,12,8,4
lccn/sn84026820/1916-11-25,2,17,8,9
lccn/sn85049554/1917-02-19,1,8,11,-3
lccn/sn82016014/1918-02-27,2,11,7,4
lccn/sn82016014/1918-03-02,2,11,6,5
lccn/sn82015104/1892-09-27,2,12,5,7
lccn/sn82016014/1917-07-03,1,6,7,-1
lccn/sn82016014/1917-09-20,1,4,6,-2
lccn/sn82016014/1917-11-24,2,10,9,1
lccn/sn84026820/1907-07-20,1,8,11,-3
lccn/sn85049554/1916-09-18,2,5,3,2
lccn/sn85049554/1916-09-13,1,9,9,0
lccn/sn84026820/1914-12-12,2,9,4,5
lccn/sn84026820/1911-12-16,2,11,6,5
lccn/sn82015104/1891-05-29,1,8,10,-2
lccn/sn84022472/1914-07-03,1,8,8,0
lccn/sn85049554/1917-05-12,1,5,10,-5
lccn/sn82016014/1917-04-18,1,11,16,-5
lccn/sn82016014/1917-04-28,1,8,19,-11
lccn/sn84022472/1912-11-12,1,7,7,0
lccn/sn84022472/1912-09-06,1,0,0,0
lccn/sn84022472/1912-09-07,1,5,9,-4
lccn/sn84022472/1912-09-09,1,6,10,-4
lccn/sn84022472/1912-09-10,2,9,2,7
lccn/sn84022472/1912-09-11,2,8,7,1
lccn/sn84022472/1912-09-12,1,0,0,0
lccn/sn84022472/1913-03-11,1,3,5,-2
lccn/sn99021999/1906-10-29,2,12,9,3
lccn/sn99021999/1906-11-20,2,6,2,4
lccn/sn99021999/1906-05-27,2,7,2,5
lccn/sn82014086/1913-03-04,2,11,2,9
lccn/sn84026820/1894-06-16,2,25,3,22
lccn/sn84026837/1872-10-15,1,2,8,-6
lccn/sn84022472/1914-02-25,2,9,4,5
lccn/sn84026820/1912-11-09,2,6,4,2
lccn/sn84026820/1908-09-05,2,12,4,8
lccn/sn84026820/1915-02-06,2,11,3,8
lccn/sn85049554/1917-02-24,1,7,7,0
lccn/sn82015104/1891-08-03,1,2,10,-8
lccn/sn82016014/1918-07-27,2,6,1,5
lccn/sn82016014/1919-08-28,2,4,1,3
lccn/sn99021999/1905-09-15,1,0,0,0
lccn/sn84020630/1901-01-10,2,11,9,2
lccn/sn84020630/1902-08-01,2,17,8,9
lccn/sn83004226/1904-11-11,1,0,0,0
lccn/sn84020630/1901-09-21,2,12,9,3
lccn/sn86069117/1896-05-23,2,6,1,5
lccn/sn88064069/1921-08-04,1,22,27,-5
lccn/sn88064069/1921-05-05,2,5,1,4
lccn/sn85038615/1913-07-29,2,6,1,5
lccn/sn83004226/1921-02-11,1,6,7,-1
lccn/sn83004226/1917-06-22,1,3,11,-8
lccn/sn88086023/1919-08-22,1,2,2,0
lccn/sn97071038/1921-04-07,2,7,3,4
lccn/sn97071038/1921-05-19,2,15,5,10
lccn/sn97071038/1922-11-09,2,10,2,8
lccn/sn88086023/1918-04-25,2,4,2,2
lccn/sn84022644/1869-10-02,1,5,10,-5
lccn/sn84022644/1869-10-23,2,3,1,2
lccn/sn84022644/1869-10-30,2,3,1,2
lccn/sn84022644/1869-12-03,2,6,2,4
lccn/sn84022644/1869-12-10,1,4,6,-2
lccn/sn85026941/1894-08-17,1,8,11,-3
lccn/sn99063957/1916-12-23,1,8,9,-1
lccn/sn93051660/1901-11-01,2,11,2,9
lccn/sn84036012/1898-09-11,2,11,5,6
lccn/sn84036012/1898-12-05,1,6,9,-3
lccn/sn84020712/1866-12-04,1,0,0,0
lccn/sn84020712/1867-09-10,2,30,3,27
lccn/sn84020712/1861-03-26,2,9,7,2
lccn/sn84020712/1855-03-23,2,15,8,7
lccn/sn83025308/1894-05-27,2,2,1,1
lccn/sn85033437/1872-08-08,2,14,4,10
lccn/sn85033437/1871-08-08,2,12,6,6
lccn/sn85033437/1871-08-09,2,7,3,4
lccn/sn85033437/1871-08-10,2,7,5,2
lccn/sn85033437/1871-08-11,2,10,2,8
lccn/sn85033437/1871-08-12,2,9,1,8
lccn/sn85033437/1871-08-22,2,9,6,3
lccn/sn85033437/1871-08-24,2,18,2,16
lccn/sn85033437/1871-08-25,1,8,8,0
lccn/sn85033437/1871-09-05,2,8,7,1
lccn/sn85033437/1871-04-25,2,21,4,17
lccn/sn84026536/1874-10-02,2,14,2,12
lccn/sn85053323/1898-10-15,2,10,7,3
lccn/sn89060124/1915-03-12,2,10,2,8
lccn/sn89060124/1918-03-01,1,0,0,0
lccn/sn85038615/1907-02-10,1,0,0,0
lccn/sn83045217/1922-11-19,2,8,7,1
lccn/sn83045217/1922-08-31,1,4,7,-3
lccn/sn85038615/1906-08-27,2,10,4,6
lccn/sn85038615/1906-08-12,2,3,0,3
lccn/sn85038615/1904-09-15,2,17,14,3
lccn/sn85038615/1904-12-13,1,5,9,-4
lccn/sn85038615/1906-01-13,1,3,3,0
lccn/sn85038615/1904-11-13,2,3,0,3
lccn/sn88064020/1916-10-05,2,17,10,7
lccn/sn88064020/1916-06-15,2,12,7,5
lccn/sn88064020/1911-09-28,2,12,2,10
lccn/sn88064020/1912-11-07,1,8,10,-2
lccn/sn88064020/1914-01-15,2,17,12,5
lccn/sn88064020/1913-03-20,1,8,8,0
lccn/sn84026688/1896-02-20,2,16,6,10
lccn/sn83045462/1928-01-31,2,12,11,1
lccn/sn83045462/1928-04-25,2,4,0,4
lccn/sn83045462/1928-04-15,2,5,2,3
lccn/sn84026688/1898-10-13,2,5,3,2
lccn/sn84026688/1918-11-28,2,10,5,5
lccn/sn83030193/1920-12-10,1,3,10,-7
lccn/sn83045462/1928-05-24,2,5,3,2
lccn/sn85033139/1921-04-21,1,4,4,0
lccn/sn85033139/1922-03-02,1,5,6,-1
lccn/sn86086769/1868-12-23,2,10,4,6
lccn/sn86086769/1868-03-11,2,13,3,10
lccn/sn85033139/1907-03-28,1,7,8,-1
lccn/sn85033139/1907-03-21,2,12,6,6
lccn/sn85033139/1907-05-23,1,3,7,-4
lccn/sn85033139/1909-03-25,2,25,5,20
lccn/sn85033153/1870-04-07,2,10,9,1
lccn/sn84026472/1876-08-30,1,0,0,0
lccn/sn84020731/1911-05-12,1,0,0,0
lccn/sn84020731/1911-05-19,1,4,9,-5
lccn/sn84020731/1885-07-29,2,26,6,20
lccn/sn86086770/1877-04-11,1,0,0,0
lccn/sn86086770/1882-03-09,1,4,5,-1
lccn/sn86086770/1886-12-23,2,4,3,1
lccn/sn84031081/1911-06-24,2,7,5,2
lccn/sn84031081/1911-11-29,2,5,1,4
lccn/sn83045389/1919-06-11,2,8,4,4
lccn/sn83045389/1918-08-25,2,19,3,16
lccn/sn86069162/1900-04-04,2,12,7,5
lccn/sn86069162/1903-06-10,1,7,8,-1
lccn/sn83045389/1918-07-01,2,18,14,4
lccn/sn84031081/1911-05-11,1,0,0,0
lccn/sn88056095/1901-05-25,2,14,7,7
lccn/sn88056095/1898-10-15,2,8,5,3
lccn/sn85034374/1897-05-26,2,10,5,5
lccn/sn83016943/1906-04-28,2,11,2,9
lccn/sn85038614/1902-09-27,2,8,2,6
lccn/sn85038614/1902-09-27,2,3,0,3
lccn/sn85034374/1906-12-01,1,3,3,0
lccn/sn86063823/1907-05-25,2,8,5,3
lccn/sn83016926/1869-07-22,2,13,7,6
lccn/sn83030214/1901-05-22,2,8,5,3
lccn/sn83030214/1901-01-13,2,14,6,8
lccn/sn88085189/1897-09-02,2,7,4,3
lccn/sn86088529/1887-12-30,2,9,4,5
lccn/sn88084272/1920-11-26,2,12,4,8
lccn/sn88084272/1918-03-30,2,15,6,9
lccn/sn88085189/1897-10-28,2,13,6,7
lccn/sn86071197/1902-07-24,1,5,7,-2
lccn/sn88084272/1920-11-25,1,6,8,-2
lccn/sn86071197/1901-11-10,2,10,8,2
lccn/sn86071197/1899-06-30,1,4,5,-1
lccn/sn86079046/1854-05-06,1,1,5,-4
lccn/sn90068957/1849-05-26,2,8,3,5
lccn/sn86071197/1898-05-29,2,13,5,8
lccn/sn86071197/1899-08-13,1,6,12,-6
lccn/sn84028296/1892-03-10,2,10,4,6
lccn/sn87093407/1914-01-07,1,0,0,0
lccn/sn84028296/1881-07-14,2,16,3,13
lccn/sn84022097/1891-07-03,2,20,6,14
lccn/sn86064205/1889-08-07,1,6,16,-10
lccn/sn86064205/1889-08-25,2,6,2,4
lccn/sn86064205/1889-09-01,2,12,7,5
lccn/sn86064205/1889-09-02,2,16,4,12
lccn/sn86071197/1901-04-28,1,0,0,0
lccn/sn86071197/1900-08-31,2,17,4,13
lccn/sn86089977/1906-10-20,2,39,20,19
lccn/sn85038615/1909-09-17,1,2,7,-5
lccn/sn86071868/1890-12-25,2,2,1,1
lccn/sn85042400/1902-06-15,2,5,0,5
lccn/sn99063955/1897-06-15,1,9,15,-6
lccn/sn99063955/1897-06-18,2,13,1,12
lccn/sn99063955/1897-07-01,2,13,5,8
lccn/sn99063955/1897-06-12,1,2,3,-1
lccn/sn89060136/1890-05-30,2,13,6,7
lccn/sn89060136/1903-10-23,1,2,8,-6
lccn/sn85034438/1903-01-15,1,5,5,0
lccn/sn84024442/1896-03-10,2,14,6,8
lccn/sn83030272/1908-10-19,1,7,9,-2
lccn/sn83025733/1887-08-11,1,0,0,0
lccn/sn83030193/1904-12-10,2,17,15,2
lccn/sn88076421/1903-11-11,2,10,6,4
lccn/sn88076270/1916-11-23,2,8,6,2
lccn/sn88076270/1916-05-11,2,18,8,10
lccn/sn83030214/1913-03-01,1,0,1,-1
lccn/sn83045160/1874-06-19,1,0,0,0
lccn/sn83045160/1874-07-23,1,1,2,-1
lccn/sn84036228/1905-10-03,1,11,12,-1
lccn/sn91068245/1892-07-07,2,2,1,1
lccn/sn91068245/1892-07-14,2,5,0,5
lccn/sn91068245/1892-07-28,2,19,8,11
lccn/sn91068245/1889-07-18,2,5,4,1
lccn/sn91068245/1889-07-25,1,1,1,0
lccn/sn91068245/1889-08-22,2,11,3,8
lccn/sn91068245/1889-09-05,1,3,12,-9
lccn/sn91068245/1889-10-17,1,3,5,-2
lccn/sn91068245/1890-09-04,2,9,3,6
lccn/sn85033139/1888-08-16,1,0,0,0
lccn/sn85033139/1888-08-30,1,0,0,0
lccn/sn83045160/1875-09-17,2,5,2,3
lccn/sn83045160/1875-09-21,2,5,3,2
lccn/sn85033139/1863-02-20,1,2,2,0
lccn/sn85033139/1860-08-17,2,5,3,2
lccn/sn85033139/1860-08-24,1,0,0,0
lccn/sn84036143/1889-05-23,1,8,28,-20
lccn/sn83045604/1898-04-30,2,7,4,3
lccn/sn85033139/1889-01-24,2,7,0,7
lccn/sn86061215/1907-01-03,2,6,2,4
lccn/sn86061215/1907-04-02,2,20,8,12
lccn/sn86061215/1907-04-23,1,1,5,-4
lccn/sn86061215/1907-09-05,2,8,6,2
lccn/sn86061215/1909-02-13,2,16,7,9
lccn/sn86061215/1909-06-19,1,5,8,-3
lccn/sn86061215/1908-04-21,1,4,7,-3
lccn/sn86061215/1906-05-29,2,8,6,2
lccn/sn86061215/1906-06-19,2,6,5,1
lccn/sn86061215/1908-09-26,2,18,3,15
lccn/sn86061215/1906-08-21,2,8,5,3
lccn/sn86061215/1906-09-25,2,20,1,19
lccn/sn86061215/1907-05-04,1,6,18,-12
lccn/sn86061215/1905-10-07,1,4,15,-11
lccn/sn86061215/1905-12-05,1,6,10,-4
lccn/sn86061215/1905-12-19,2,9,6,3
lccn/sn86061215/1906-01-30,2,4,3,1
lccn/sn86061215/1905-06-13,2,15,7,8
lccn/sn86061215/1905-06-17,2,12,0,12
lccn/sn86061215/1904-12-03,2,10,6,4
lccn/sn86061215/1909-10-07,2,7,2,5
lccn/sn86061215/1910-02-26,2,6,1,5
lccn/sn84026900/1859-11-09,1,0,0,0
lccn/sn84026900/1889-12-11,2,5,4,1
lccn/sn86063778/1908-09-17,2,6,3,3
lccn/sn86063778/1907-08-29,1,4,5,-1
lccn/sn86063778/1907-09-05,1,6,6,0
lccn/sn86063778/1907-09-12,2,13,3,10
lccn/sn86063778/1907-09-19,2,9,6,3
lccn/sn86063778/1907-09-26,1,0,0,0
lccn/sn83007465/1913-07-25,1,0,0,0
lccn/sn83007465/1913-05-02,2,9,7,2
lccn/sn93067951/1918-04-18,2,14,1,13
lccn/sn86091092/1920-11-19,1,0,1,-1
lccn/sn86072143/1911-12-28,2,7,2,5
lccn/sn98060050/1893-06-16,2,13,2,11
lccn/sn98060050/1906-05-25,2,8,1,7
lccn/sn86072143/1912-08-29,2,6,4,2
lccn/sn86072143/1908-08-13,1,10,14,-4
lccn/sn86072143/1908-08-20,1,5,8,-3
lccn/sn86072143/1906-09-20,1,0,0,0
lccn/sn86072143/1905-07-13,2,17,10,7
lccn/sn98060050/1896-11-20,1,3,10,-7
lccn/sn98060050/1897-04-16,2,29,20,9
lccn/sn98060050/1895-05-31,1,10,17,-7
lccn/sn98060050/1896-07-03,2,10,3,7
lccn/sn98060050/1896-07-10,2,14,4,10
lccn/sn98060050/1896-07-17,2,13,2,11
lccn/sn98060050/1896-07-31,2,16,9,7
lccn/sn98060050/1896-08-07,1,5,5,0
lccn/sn98060050/1896-08-14,2,6,3,3
lccn/sn98060050/1896-09-04,2,13,5,8
lccn/sn98060050/1893-07-21,2,13,3,10
lccn/sn98060050/1893-08-04,2,5,4,1
lccn/sn98060050/1893-08-11,2,8,6,2
lccn/sn98060050/1899-07-28,1,3,5,-2
lccn/sn98060050/1899-08-11,1,10,19,-9
lccn/sn98060050/1900-04-13,2,8,4,4
lccn/sn98060050/1906-10-05,2,15,1,14
lccn/sn98060050/1906-11-30,2,8,6,2
lccn/sn98060050/1905-11-10,1,2,11,-9
lccn/sn98060050/1910-03-04,2,9,4,5
lccn/sn98060050/1910-03-18,2,7,2,5
lccn/sn98060050/1910-04-08,1,5,6,-1
lccn/sn98060050/1905-03-10,2,4,3,1
lccn/sn98060050/1905-04-07,2,14,6,8
lccn/sn98060050/1899-02-03,1,5,11,-6
lccn/sn98060050/1899-06-02,2,13,7,6
lccn/sn98060050/1899-06-23,1,3,4,-1
lccn/sn98060050/1895-09-06,1,2,5,-3
lccn/sn98060050/1894-08-10,1,4,7,-3
lccn/sn98060050/1910-06-03,1,1,1,0
lccn/sn86072143/1887-08-19,1,0,0,0
lccn/sn83045462/1917-10-02,1,0,0,0
lccn/sn83045211/1922-09-27,1,3,3,0
lccn/sn83045462/1921-01-22,2,6,3,3
lccn/sn83045462/1920-10-21,2,9,2,7
lccn/sn83045462/1920-10-27,2,8,7,1
lccn/sn83045462/1920-10-20,1,6,11,-5
lccn/sn83045462/1920-10-04,2,28,12,16
lccn/sn83045462/1920-11-26,1,2,7,-5
lccn/sn83045462/1920-11-27,1,2,4,-2
lccn/sn83025287/1881-04-02,2,5,3,2
lccn/sn83025287/1881-05-22,2,19,3,16
lccn/sn90059522/1884-08-17,2,5,1,4
lccn/sn90059522/1884-08-19,2,10,1,9
lccn/sn90059522/1884-08-21,2,10,9,1
lccn/sn90059522/1884-08-22,2,14,5,9
lccn/sn90059522/1884-08-31,2,16,10,6
lccn/sn84020274/1901-01-17,1,4,5,-1
lccn/sn84020274/1901-11-08,2,4,0,4
lccn/sn83025287/1882-10-19,1,0,0,0
lccn/sn90059522/1885-07-01,1,2,10,-8
lccn/sn83045366/1906-04-28,1,1,7,-6
lccn/sn83045366/1906-02-18,1,2,10,-8
lccn/sn84026749/1915-06-28,2,14,4,10
lccn/sn85058130/1907-06-01,2,6,4,2
lccn/sn85058130/1899-03-05,2,17,6,11
lccn/sn85058130/1894-08-19,2,18,11,7
lccn/sn85058130/1898-10-02,1,16,22,-6
lccn/sn84026749/1915-01-25,1,6,6,0
lccn/sn85058130/1899-10-15,2,22,9,13
lccn/sn85058130/1899-04-30,1,7,8,-1
lccn/sn85058130/1899-05-13,2,13,10,3
lccn/sn85058130/1899-05-21,2,6,1,5
lccn/sn85058130/1896-06-11,2,16,2,14
lccn/sn84026749/1915-03-04,2,11,8,3
lccn/sn84026749/1913-12-27,2,5,1,4
lccn/sn84026749/1916-06-06,1,7,7,0
lccn/sn84026749/1916-07-07,2,6,2,4
lccn/sn85040724/1907-11-29,2,8,1,7
lccn/sn85053040/1882-05-27,2,11,4,7
lccn/sn85033295/1899-08-22,2,34,16,18
lccn/sn84036228/1904-05-04,2,12,7,5
lccn/sn85033078/1911-05-25,2,11,4,7
lccn/sn83030193/1905-08-10,1,7,13,-6
lccn/sn85033078/1911-06-15,2,24,12,12
lccn/sn84023209/1845-07-24,2,16,0,16
lccn/sn84022687/1848-02-24,1,10,11,-1
lccn/sn84026844/1870-07-18,1,0,0,0
lccn/sn84026844/1870-09-26,2,8,1,7
lccn/sn84026844/1870-10-01,2,7,3,4
lccn/sn84026844/1873-08-22,2,12,6,6
lccn/sn84026844/1874-04-17,1,3,6,-3
lccn/sn84023210/1861-09-03,2,21,10,11
lccn/sn84023210/1861-09-05,2,15,5,10
lccn/sn83045433/1915-01-29,1,4,6,-2
lccn/sn83030214/1906-08-22,1,0,0,0
lccn/sn83030214/1908-07-12,2,7,1,6
lccn/sn84026749/1913-07-28,1,1,8,-7
lccn/sn84026749/1906-05-06,2,15,3,12
lccn/sn83030214/1919-02-02,1,0,0,0
lccn/sn83045433/1911-01-31,2,18,9,9
lccn/sn84024442/1895-09-09,2,7,3,4
lccn/sn83045433/1915-12-19,1,0,1,-1
lccn/sn85054468/1898-12-04,2,13,9,4
lccn/sn83045555/1906-08-04,2,11,8,3
lccn/sn83030214/1902-11-23,1,0,0,0
lccn/sn83030214/1909-01-25,2,10,5,5
lccn/sn83030214/1909-01-28,2,9,3,6
lccn/sn83045211/1917-04-24,2,6,2,4
lccn/sn83030214/1902-09-21,2,12,5,7
lccn/sn83030214/1908-11-25,2,5,4,1
lccn/sn83045211/1915-06-10,1,4,7,-3
lccn/sn83045211/1915-06-15,1,1,12,-11
lccn/sn83045211/1915-08-26,2,11,8,3
lccn/sn83045211/1916-06-26,2,9,2,7
lccn/sn83045211/1916-05-06,2,11,5,6
lccn/sn83045211/1916-05-11,1,1,1,0
lccn/sn94052989/1893-09-14,1,10,28,-18
lccn/sn82015679/1895-12-07,2,18,2,16
lccn/sn82014635/1902-04-16,2,6,4,2
lccn/sn82015679/1896-04-09,2,5,4,1
lccn/sn83045462/1913-12-27,1,0,0,0
lccn/sn83045462/1914-05-03,2,8,5,3
lccn/sn82015679/1895-03-05,2,9,7,2
lccn/sn92053943/1883-06-15,1,9,13,-4
lccn/sn83045462/1909-04-24,2,11,6,5
lccn/sn92053943/1884-05-27,2,2,0,2
lccn/sn92053943/1882-04-22,1,6,10,-4
lccn/sn82016014/1899-01-04,1,0,0,0
lccn/sn82016014/1898-09-13,2,11,10,1
lccn/sn83045462/1909-05-20,2,8,0,8
lccn/sn86086632/1896-06-18,2,18,16,2
lccn/sn84024546/1889-06-30,2,9,7,2
lccn/sn83045462/1896-12-22,2,20,1,19
lccn/sn83045462/1897-02-15,2,5,2,3
lccn/sn83045555/1906-07-07,2,5,2,3
lccn/sn83030214/1922-02-25,1,0,0,0
lccn/sn83045604/1890-12-30,1,6,10,-4
lccn/sn84026844/1895-08-03,2,7,5,2
lccn/sn83045604/1899-07-05,2,7,1,6
lccn/sn83045604/1891-09-30,2,3,2,1
lccn/sn84026844/1897-07-03,2,9,1,8
lccn/sn83035487/1852-03-20,2,13,4,9
lccn/sn84020274/1902-10-29,1,8,9,-1
lccn/sn83045366/1903-02-17,1,6,9,-3
lccn/sn83045366/1903-02-26,2,14,12,2
lccn/sn85042414/1921-06-07,2,21,9,12
lccn/sn84020274/1902-08-17,2,13,3,10
lccn/sn85042414/1920-04-22,1,7,13,-6
lccn/sn85042414/1920-05-24,2,10,3,7
lccn/sn84020274/1903-05-29,1,6,18,-12
lccn/sn84020274/1903-09-09,2,8,2,6
lccn/sn83045366/1905-04-11,1,5,9,-4
lccn/sn83045366/1905-05-24,2,8,6,2
lccn/sn83045366/1905-05-29,1,2,6,-4
lccn/sn83045366/1905-05-30,1,14,18,-4
lccn/sn83045366/1905-05-31,1,8,10,-2
lccn/sn83045366/1905-06-05,1,2,6,-4
lccn/sn83045366/1902-12-20,2,4,2,2
lccn/sn85042414/1920-06-14,2,10,2,8
lccn/sn88076514/1888-12-29,1,0,0,0
lccn/sn85042414/1922-11-07,1,1,4,-3
lccn/sn83045366/1906-05-29,1,8,10,-2
lccn/sn83045366/1906-05-27,2,5,4,1
lccn/sn83045366/1903-03-25,2,11,8,3
lccn/sn85042414/1920-04-17,2,10,5,5
lccn/sn83045433/1921-09-30,2,18,10,8
lccn/sn85058130/1905-12-31,2,23,10,13
lccn/sn83045555/1905-01-17,2,7,5,2
lccn/sn83045555/1905-10-07,2,5,2,3
lccn/sn83045555/1910-11-22,1,0,2,-2
lccn/sn83045555/1910-11-21,2,7,1,6
lccn/sn83045555/1909-10-11,2,14,4,10
lccn/sn83045555/1901-08-28,2,16,12,4
lccn/sn83045555/1901-09-04,2,18,7,11
lccn/sn83045555/1901-07-20,1,11,11,0
lccn/sn83045555/1901-07-31,1,1,4,-3
lccn/sn83045555/1901-07-24,2,13,7,6
lccn/sn84025891/1908-11-28,2,9,2,7
lccn/sn83045555/1905-09-18,2,6,2,4
lccn/sn83045555/1910-11-30,1,0,0,0
lccn/sn83045555/1910-10-06,2,15,8,7
lccn/sn85058396/1917-06-01,1,4,4,0
lccn/sn85058396/1917-04-14,2,17,9,8
lccn/sn85058396/1917-05-07,2,9,2,7
lccn/sn84023296/1913-04-26,2,3,2,1
lccn/sn83025667/1859-08-24,2,1,0,1
lccn/sn84026847/1871-01-27,2,8,1,7
lccn/sn84026847/1871-03-22,1,0,0,0
lccn/sn84026847/1870-09-01,2,5,2,3
lccn/sn84026847/1870-09-24,2,4,0,4
lccn/sn84026847/1870-10-03,2,8,6,2
lccn/sn84026847/1870-10-17,2,16,1,15
lccn/sn84026847/1870-10-21,1,5,16,-11
lccn/sn84026847/1870-11-18,2,7,1,6
lccn/sn84026824/1889-01-18,1,3,5,-2
lccn/sn84026824/1879-04-05,1,1,3,-2
lccn/sn84026824/1866-08-11,2,7,2,5
lccn/sn84026847/1870-07-27,2,8,2,6
lccn/sn84026847/1870-07-28,2,8,2,6
lccn/sn84026847/1870-07-30,2,5,1,4
lccn/sn84026847/1870-08-01,1,5,5,0
lccn/sn84026824/1873-07-26,2,7,1,6
lccn/sn84026824/1867-08-10,2,3,0,3
lccn/sn84026824/1867-08-24,2,2,0,2
lccn/sn85038161/1900-08-16,1,5,7,-2
lccn/sn83030214/1900-07-08,2,8,2,6
lccn/sn84024558/1860-12-20,2,19,13,6
lccn/sn84024558/1861-01-10,2,6,1,5
lccn/sn84024558/1865-04-27,2,11,8,3
lccn/sn86081096/1859-02-10,2,11,4,7
lccn/sn83030214/1902-01-14,1,0,0,0
lccn/sn85058130/1897-05-18,2,12,4,8
lccn/sn85058130/1897-06-19,2,7,2,5
lccn/sn85058130/1897-09-21,1,4,16,-12
lccn/sn85058130/1897-11-17,2,17,10,7
lccn/sn85058130/1897-11-27,2,12,8,4
lccn/sn85058130/1898-03-20,2,6,4,2
lccn/sn85058130/1898-05-15,2,13,8,5
lccn/sn85058130/1895-11-11,2,17,6,11
lccn/sn83045555/1908-04-04,2,14,2,12
lccn/sn83045555/1908-04-20,2,4,2,2
lccn/sn83045774/1922-01-25,2,7,2,5
lccn/sn86091197/1908-05-01,2,14,4,10
lccn/sn92053945/1889-10-10,2,15,6,9
lccn/sn83016810/1897-11-27,1,6,18,-12
lccn/sn83016810/1897-12-04,2,10,1,9
lccn/sn83016810/1898-01-22,2,10,5,5
lccn/sn83016810/1900-10-13,2,15,1,14
lccn/sn83016810/1899-01-14,2,16,6,10
lccn/sn83016810/1897-10-30,2,12,8,4
lccn/sn83016810/1898-01-15,2,8,4,4
lccn/sn83016810/1898-01-29,2,46,1,45
lccn/sn83030214/1909-10-13,2,7,0,7
lccn/sn83045433/1914-05-17,1,14,20,-6
lccn/sn84026749/1914-11-26,2,4,2,2
lccn/sn83045462/1922-01-08,1,5,12,-7
lccn/sn83045462/1922-01-29,1,11,16,-5
lccn/sn83045433/1917-10-01,1,12,17,-5
lccn/sn84026749/1912-09-09,1,3,7,-4
lccn/sn83045462/1922-06-01,2,6,3,3
lccn/sn83045462/1922-05-13,2,5,1,4
lccn/sn83045462/1922-05-17,1,7,12,-5
lccn/sn83045462/1921-12-17,1,6,6,0
lccn/sn84022770/1884-07-25,2,18,4,14
lccn/sn91066782/1917-01-25,1,5,8,-3
lccn/sn91066782/1912-03-19,1,6,7,-1
lccn/sn91066782/1911-10-13,2,28,4,24
lccn/sn91066782/1908-06-13,1,3,4,-1
lccn/sn91066782/1910-03-18,1,0,0,0
lccn/sn91066782/1919-06-04,1,6,6,0
lccn/sn84028490/1887-04-14,1,4,6,-2
lccn/sn91066782/1913-02-06,1,3,5,-2
lccn/sn91066782/1912-04-15,2,4,2,2
lccn/sn91066782/1907-08-28,2,8,5,3
lccn/sn91066782/1907-09-06,2,13,9,4
lccn/sn91066782/1907-08-05,1,6,6,0
lccn/sn91066782/1910-06-23,2,2,1,1
lccn/sn91066782/1910-04-22,1,5,6,-1
lccn/sn91066782/1911-03-22,1,1,5,-4
lccn/sn91066782/1910-12-10,1,5,7,-2
lccn/sn91066782/1911-05-20,1,3,4,-1
lccn/sn91066782/1909-06-22,2,15,8,7
lccn/sn91066782/1908-06-10,2,11,1,10
lccn/sn91066782/1908-08-19,2,7,5,2
lccn/sn84022871/1901-06-10,2,18,3,15
lccn/sn84022871/1905-10-09,2,9,3,6
lccn/sn84022871/1897-11-22,1,10,12,-2
lccn/sn91066782/1905-11-22,1,0,0,0
lccn/sn91066782/1906-01-17,1,10,11,-1
lccn/sn84023253/1901-06-19,2,8,1,7
lccn/sn84023253/1902-02-05,2,13,1,12
lccn/sn84026847/1878-06-21,1,5,8,-3
lccn/sn85026241/1892-05-05,1,10,10,0
lccn/sn85026241/1892-09-29,2,14,11,3
lccn/sn85026241/1893-01-26,2,13,9,4
lccn/sn95066012/1920-11-01,1,11,12,-1
lccn/sn83045462/1921-12-07,2,14,6,8
lccn/sn84026749/1922-05-13,2,11,3,8
lccn/sn84026749/1922-08-12,2,12,8,4
lccn/sn84026749/1922-05-04,1,6,10,-4
lccn/sn83045462/1899-06-14,2,46,5,41
lccn/sn83045462/1902-09-11,1,0,0,0
lccn/sn83030214/1903-05-13,2,8,1,7
lccn/sn85054616/1864-01-13,1,5,10,-5
lccn/sn83032199/1861-01-09,2,32,11,21
lccn/sn81004761/1869-04-14,2,3,2,1
lccn/sn83032199/1854-11-02,1,7,9,-2
lccn/sn83045462/1902-01-18,2,19,4,15
lccn/sn85025620/1890-12-25,1,4,6,-2
lccn/sn85025620/1892-10-06,2,3,2,1
lccn/sn83045462/1900-05-25,1,0,0,0
lccn/sn84026749/1910-12-07,2,5,4,1
lccn/sn89081022/1905-08-09,1,0,13,-13
lccn/sn89081022/1914-03-18,2,6,2,4
lccn/sn89081022/1912-06-19,1,1,11,-10
lccn/sn89081022/1915-10-27,2,4,2,2
lccn/sn89081022/1905-01-11,2,5,4,1
lccn/sn89081022/1905-05-24,2,7,3,4
lccn/sn89081022/1905-01-11,1,5,5,0
lccn/sn85066387/1912-08-25,1,2,3,-1
lccn/sn85066387/1912-08-25,1,6,9,-3
lccn/sn89081022/1907-10-02,2,3,1,2
lccn/sn92053934/1914-06-02,2,2,1,1
lccn/sn92053943/1881-03-11,2,12,8,4
lccn/sn90059522/1896-02-12,1,5,5,0
lccn/sn90059522/1896-01-16,1,0,0,0
lccn/sn90059522/1896-04-09,2,13,1,12
lccn/sn86063325/1859-11-03,2,6,4,2
lccn/sn83016957/1841-05-15,2,11,7,4
lccn/sn83045462/1903-06-23,2,15,1,14
lccn/sn83045462/1903-09-12,2,11,2,9
lccn/sn90059523/1905-01-21,1,4,10,-6
lccn/sn83045462/1913-04-03,2,10,2,8
lccn/sn90059522/1884-10-14,2,7,1,6
lccn/sn83045462/1913-10-15,2,8,6,2
lccn/sn83045462/1913-10-19,2,6,1,5
lccn/sn83045462/1913-10-20,1,8,16,-8
lccn/sn82015679/1887-06-06,1,4,7,-3
lccn/sn82015679/1887-01-31,1,0,0,0
lccn/sn82015679/1887-02-17,1,3,7,-4
lccn/sn82015679/1887-03-04,2,3,2,1
lccn/sn83045462/1903-12-04,2,13,1,12
lccn/sn83045462/1903-10-02,2,6,1,5
lccn/sn86072143/1913-02-13,1,4,5,-1
lccn/sn86072143/1915-10-14,1,0,0,0
lccn/sn86071719/1887-06-08,2,10,3,7
lccn/sn86071719/1887-04-27,1,3,5,-2
lccn/sn98060050/1911-04-14,1,4,7,-3
lccn/sn98060050/1911-04-28,2,11,4,7
lccn/sn98060050/1911-09-08,1,3,8,-5
lccn/sn98060050/1911-09-22,2,10,8,2
lccn/sn98060050/1911-10-06,2,6,5,1
lccn/sn98060050/1912-02-02,2,7,0,7
lccn/sn98060050/1912-04-12,2,4,2,2
lccn/sn98060050/1912-04-19,2,7,2,5
lccn/sn98060050/1912-04-19,1,1,5,-4
lccn/sn98060050/1912-05-03,1,5,6,-1
lccn/sn98060050/1912-06-14,1,1,7,-6
lccn/sn98060050/1912-07-05,1,7,8,-1
lccn/sn98060050/1912-10-11,2,13,1,12
lccn/sn84022871/1915-01-27,2,7,4,3
lccn/sn84022871/1915-02-17,1,2,2,0
lccn/sn86072143/1916-06-15,2,7,6,1
lccn/sn86072143/1914-12-24,2,4,2,2
lccn/sn86072143/1913-12-25,1,1,10,-9
lccn/sn86072143/1914-04-16,1,5,11,-6
lccn/sn86071719/1887-05-25,2,4,1,3
lccn/sn95066012/1907-06-04,1,11,11,0
lccn/sn95066012/1906-12-28,2,7,5,2
lccn/sn95066012/1908-11-10,2,7,3,4
lccn/sn84023253/1887-09-01,2,10,5,5
lccn/sn85038119/1893-11-23,2,10,4,6
lccn/sn84022871/1921-01-05,1,10,11,-1
lccn/sn84022871/1921-12-28,2,14,4,10
lccn/sn84022871/1922-09-27,2,11,5,6
lccn/sn84022871/1919-06-11,2,5,4,1
lccn/sn89067274/1897-05-13,2,16,8,8
lccn/sn89067274/1906-03-15,1,7,9,-2
lccn/sn89067274/1894-04-19,2,14,4,10
lccn/sn89067274/1894-10-25,2,19,6,13
lccn/sn89067274/1889-12-26,2,6,2,4
lccn/sn82015679/1889-10-09,2,8,3,5
lccn/sn82015679/1890-07-18,2,17,13,4
lccn/sn82015679/1891-02-03,2,8,3,5
lccn/sn82015679/1891-03-07,2,21,2,19
lccn/sn82015679/1889-09-29,2,21,5,16
lccn/sn82015679/1889-04-11,1,0,0,0
lccn/sn89067274/1879-02-27,2,8,7,1
lccn/sn89067274/1918-09-26,1,11,13,-2
lccn/sn89067274/1914-04-16,2,11,4,7
lccn/sn89067274/1887-11-24,2,15,6,9
lccn/sn89067274/1922-10-19,2,11,9,2
lccn/sn89067274/1884-09-04,1,7,7,0
lccn/sn85054468/1900-03-22,2,12,5,7
lccn/sn85054468/1900-07-25,2,17,6,11
lccn/sn85054468/1900-12-02,2,25,6,19
lccn/sn84020631/1892-07-09,2,6,2,4
lccn/sn84031081/1922-10-11,1,0,0,0
lccn/sn84031081/1922-02-06,1,7,10,-3
lccn/sn84020631/1891-09-12,2,19,8,11
lccn/sn90059522/1891-10-02,2,13,5,8
lccn/sn90059523/1901-06-09,1,10,11,-1
lccn/sn90059523/1901-01-13,2,13,2,11
lccn/sn90059523/1901-01-20,2,19,11,8
lccn/sn90059523/1902-01-05,2,13,1,12
lccn/sn90059523/1901-04-20,1,1,6,-5
lccn/sn90059523/1901-04-20,1,0,0,0
lccn/sn90059523/1900-12-18,1,0,0,0
lccn/sn90059522/1892-03-06,1,0,0,0
lccn/sn90061417/1901-05-17,1,11,12,-1
lccn/sn88076144/1894-04-13,2,13,8,5
lccn/sn88076998/1888-07-27,1,0,0,0
lccn/sn87065532/1895-05-17,1,4,7,-3
lccn/sn83045462/1921-07-03,1,3,5,-2
lccn/sn87065532/1895-08-30,2,17,12,5
lccn/sn86069180/1908-11-21,2,7,3,4
lccn/sn86069180/1909-06-19,2,18,2,16
lccn/sn84026355/1898-08-05,1,8,13,-5
lccn/sn85058398/1909-01-19,1,0,0,0
lccn/sn85058398/1910-01-14,1,7,11,-4
lccn/sn84036276/1897-10-16,1,0,0,0
lccn/sn86074011/1902-11-28,2,3,2,1
lccn/sn90061371/1922-12-27,1,7,8,-1
lccn/sn90061371/1916-07-19,2,12,2,10
lccn/sn90061371/1921-04-20,1,2,9,-7
lccn/sn84036220/1915-12-23,2,12,6,6
lccn/sn84036276/1893-04-01,2,4,2,2
lccn/sn83030431/1918-01-20,2,14,2,12
lccn/sn83045433/1913-11-30,1,1,2,-1
lccn/sn83045433/1913-11-30,2,16,6,10
lccn/sn83045433/1921-07-27,2,9,7,2
lccn/sn84024441/1899-01-24,1,1,1,0
lccn/sn84024441/1899-02-08,2,11,6,5
lccn/sn82016187/1896-04-30,1,8,9,-1
lccn/sn83045433/1921-03-25,1,7,8,-1
lccn/sn83045433/1921-05-05,2,15,11,4
lccn/sn83045433/1920-06-27,2,6,5,1
lccn/sn83045433/1920-07-04,1,7,9,-2
lccn/sn83045433/1920-06-13,1,6,7,-1
lccn/sn85042461/1894-10-27,2,13,5,8
lccn/sn92053933/1922-04-29,2,11,1,10
lccn/sn92053933/1922-05-02,2,18,10,8
lccn/sn85033781/1871-05-12,2,18,9,9
lccn/sn82014635/1903-08-02,1,3,9,-6
lccn/sn82014635/1904-03-16,1,0,0,0
lccn/sn90059028/1884-07-31,2,7,4,3
lccn/sn90059028/1885-08-20,2,10,4,6
lccn/sn85025431/1869-09-09,1,7,7,0
lccn/sn82014635/1903-07-16,2,20,18,2
lccn/sn82014635/1903-05-03,2,7,0,7
lccn/sn85042461/1895-08-29,2,18,3,15
lccn/sn92053933/1922-07-22,1,0,0,0
lccn/sn82014296/1867-06-19,2,9,5,4
lccn/sn89064515/1920-12-17,1,3,5,-2
lccn/sn82014635/1902-08-26,2,12,9,3
lccn/sn89064515/1921-01-28,1,5,17,-12
lccn/sn82014635/1902-08-21,2,21,11,10
lccn/sn85042461/1896-10-30,1,7,11,-4
lccn/sn85042461/1896-09-21,1,6,12,-6
lccn/sn92053933/1921-05-30,2,5,2,3
lccn/sn91090200/1884-01-19,2,10,3,7
lccn/sn84020750/1854-01-21,1,5,11,-6
lccn/sn85026955/1881-05-31,2,8,4,4
lccn/sn85026955/1882-05-09,2,14,7,7
lccn/sn85033673/1869-07-26,2,9,4,5
lccn/sn85033673/1869-07-27,2,13,4,9
lccn/sn85033673/1869-07-24,1,6,6,0
lccn/sn99063952/1891-05-27,2,14,9,5
lccn/sn99063952/1892-08-15,1,3,5,-2
lccn/sn99063952/1891-09-18,2,16,3,13
lccn/sn99063952/1891-09-19,2,14,3,11
lccn/sn91068748/1922-03-03,2,5,3,2
lccn/sn99063952/1892-02-24,2,12,3,9
lccn/sn91068748/1920-05-21,2,9,3,6
lccn/sn99063952/1892-09-05,2,17,13,4
lccn/sn84020751/1896-06-11,2,12,8,4
lccn/sn85038615/1911-03-10,1,7,8,-1
lccn/sn85038615/1911-04-18,2,12,9,3
lccn/sn87070090/1883-05-17,2,11,2,9
lccn/sn84026561/1858-08-04,1,8,12,-4
lccn/sn84026561/1859-07-13,2,10,4,6
lccn/sn85038615/1907-07-14,2,13,1,12
lccn/sn85038615/1907-05-26,1,3,4,-1
lccn/sn99063957/1915-01-22,1,5,6,-1
lccn/sn99063957/1915-08-14,1,7,7,0
lccn/sn83032231/1889-01-26,2,6,3,3
lccn/sn83030214/1922-05-04,1,8,10,-2
lccn/sn83045211/1920-09-03,2,6,2,4
lccn/sn83045555/1898-04-23,1,2,7,-5
lccn/sn83045211/1921-03-15,2,14,3,11
lccn/sn83045211/1921-09-22,2,9,3,6
lccn/sn85058130/1884-10-12,2,18,8,10
lccn/sn85058130/1885-12-20,2,8,2,6
lccn/sn91068247/1891-02-06,2,10,3,7
lccn/sn91068247/1891-02-13,2,12,2,10
lccn/sn91068247/1891-02-20,2,12,2,10
lccn/sn91068247/1891-02-27,1,5,7,-2
lccn/sn91068247/1891-03-13,1,8,9,-1
lccn/sn85042205/1875-12-03,2,8,1,7
lccn/sn85042205/1875-12-10,2,14,2,12
lccn/sn85042205/1876-01-07,2,10,6,4
lccn/sn85042205/1876-01-21,2,10,4,6
lccn/sn84020713/1874-06-22,2,7,3,4
lccn/sn84020713/1874-06-29,2,8,4,4
lccn/sn84020713/1875-05-31,2,5,4,1
lccn/sn84020713/1875-06-07,1,4,6,-2
lccn/sn84020713/1874-06-15,2,13,8,5
lccn/sn84020713/1874-07-06,2,5,2,3
lccn/sn83030273/1920-07-25,2,9,0,9
lccn/sn84020713/1873-04-15,2,8,0,8
lccn/sn84020713/1879-08-15,2,14,8,6
lccn/sn84036256/1921-05-27,1,3,11,-8
lccn/sn83030273/1920-07-11,2,3,2,1
lccn/sn86071593/1922-10-20,1,2,3,-1
lccn/sn93063557/1901-04-26,2,5,3,2
lccn/sn86082061/1910-04-21,1,4,10,-6
lccn/sn86082061/1903-06-04,1,5,6,-1
lccn/sn86082061/1903-06-11,2,8,3,5
lccn/sn86082061/1891-04-30,1,3,3,0
lccn/sn86082061/1893-07-06,2,14,5,9
lccn/sn86082061/1893-07-13,2,11,5,6
lccn/sn86071593/1921-06-10,2,8,4,4
lccn/sn86071593/1921-10-08,1,2,5,-3
lccn/sn86071593/1921-06-30,2,9,7,2
lccn/sn86071593/1921-07-18,1,5,7,-2
lccn/sn86082061/1901-06-13,2,6,5,1
lccn/sn90000523/1896-04-24,1,0,0,0
lccn/sn93063557/1913-01-31,1,5,9,-4
lccn/sn96088356/1917-08-31,2,9,6,3
lccn/sn83030272/1906-04-28,1,0,0,0
lccn/sn83030272/1906-12-19,1,4,5,-1
lccn/sn83030272/1906-11-13,1,10,15,-5
lccn/sn85038615/1908-09-18,2,12,8,4
lccn/sn85038615/1908-08-26,2,4,1,3
lccn/sn83030193/1908-09-07,2,4,2,2
lccn/sn85038615/1908-09-14,2,3,0,3
lccn/sn85038615/1908-10-09,1,0,0,0
lccn/sn85038615/1908-10-16,2,3,1,2
lccn/sn85038614/1902-06-01,2,12,1,11
lccn/sn85038614/1902-07-13,1,4,4,0
lccn/sn84028140/1901-04-20,2,12,5,7
lccn/sn87076552/1916-10-13,1,4,6,-2
lccn/sn87076552/1915-01-29,2,11,6,5
lccn/sn85038088/1878-06-27,2,14,12,2
lccn/sn83035595/1865-01-06,2,8,0,8
lccn/sn84026994/1869-09-30,2,7,4,3
lccn/sn86063778/1918-02-21,1,0,0,0
lccn/sn86053067/1878-02-19,1,7,7,0
lccn/sn93067884/1902-04-30,1,0,0,0
lccn/sn85032490/1888-04-05,1,5,6,-1
lccn/sn85032490/1888-04-24,2,12,7,5
lccn/sn85032490/1888-10-14,1,7,10,-3
lccn/sn85032490/1887-12-29,2,3,2,1
lccn/sn84022097/1889-12-13,1,1,2,-1
lccn/sn87090966/1885-10-19,2,4,2,2
lccn/sn87090966/1885-11-07,2,10,3,7
lccn/sn84024283/1884-10-30,1,1,1,0
lccn/sn84024283/1885-01-29,2,15,4,11
lccn/sn84024283/1884-10-02,2,12,7,5
lccn/sn84024283/1885-01-15,2,14,6,8
lccn/sn84024283/1885-08-06,2,14,11,3
lccn/sn82015679/1891-05-04,1,5,6,-1
lccn/sn82015679/1892-02-07,1,0,0,0
lccn/sn82015679/1891-11-17,1,0,0,0
lccn/sn82015679/1891-11-24,1,6,15,-9
lccn/sn82015679/1891-11-12,1,5,9,-4
lccn/sn84024283/1893-01-26,2,9,7,2
lccn/sn84024283/1892-03-17,2,20,2,18
lccn/sn85066387/1912-04-06,1,5,11,-6
lccn/sn83045462/1906-01-20,1,0,0,0
lccn/sn83045462/1906-01-14,1,0,0,0
lccn/sn85066387/1912-03-08,2,2,1,1
lccn/sn84024283/1891-06-18,2,8,3,5
lccn/sn83045462/1907-10-10,2,21,11,10
lccn/sn83045462/1906-03-18,2,13,3,10
lccn/sn83045462/1907-10-10,2,7,6,1
lccn/sn99021999/1921-02-01,1,4,5,-1
lccn/sn99021999/1921-05-16,2,9,4,5
lccn/sn99021999/1921-06-09,2,16,6,10
lccn/sn84038628/1865-05-08,2,11,10,1
lccn/sn85066387/1896-05-30,1,9,11,-2
lccn/sn85025620/1899-03-09,2,6,4,2
lccn/sn82016014/1914-11-28,2,10,1,9
lccn/sn82016014/1915-04-05,2,3,1,2
lccn/sn85066387/1896-07-25,2,14,6,8
lccn/sn85025620/1900-03-30,1,0,0,0
lccn/sn82016014/1916-01-24,2,3,2,1
lccn/sn82016014/1916-08-11,1,0,0,0
lccn/sn82016014/1916-12-04,2,16,11,5
lccn/sn85066387/1899-12-31,1,9,15,-6
lccn/sn82016014/1916-03-08,1,2,15,-13
lccn/sn99021999/1920-05-02,2,5,2,3
lccn/sn82016014/1915-09-02,2,13,12,1
lccn/sn85066387/1896-09-09,2,2,0,2
lccn/sn82016014/1915-11-16,2,9,6,3
lccn/sn82016014/1915-12-28,2,8,3,5
lccn/sn85066387/1896-12-26,2,9,6,3
lccn/sn83045462/1923-01-20,2,6,2,4
lccn/sn83045462/1923-02-03,2,3,1,2
lccn/sn84027670/1877-03-08,2,11,1,10
lccn/sn84027670/1877-04-26,2,9,3,6
lccn/sn83045462/1923-05-27,2,6,4,2
lccn/sn83045462/1923-05-19,2,5,2,3
lccn/sn85066387/1913-06-19,1,6,8,-2
lccn/sn83045462/1923-09-06,1,2,2,0
lccn/sn85066387/1913-04-14,2,13,5,8
lccn/sn85066387/1912-12-20,1,5,14,-9
lccn/sn83045462/1923-05-20,2,7,0,7
lccn/sn84027670/1891-08-06,2,12,9,3
lccn/sn83045462/1923-05-17,1,0,0,0
lccn/sn85066387/1913-01-27,2,14,2,12
lccn/sn87055779/1922-12-19,1,2,4,-2
lccn/sn96077142/1907-11-09,1,4,5,-1
lccn/sn87055779/1922-12-14,2,2,1,1
lccn/sn90059522/1892-08-24,2,3,2,1
lccn/sn90059522/1892-08-25,2,16,6,10
lccn/sn90059522/1892-08-27,1,4,8,-4
lccn/sn90059522/1892-08-28,2,8,3,5
lccn/sn90059522/1892-08-30,2,7,6,1
lccn/sn90059522/1892-09-01,1,7,8,-1
lccn/sn86058226/1917-10-17,2,11,7,4
lccn/sn87052181/1916-05-20,1,2,4,-2
lccn/sn87052181/1907-08-03,2,8,3,5
lccn/sn87055779/1914-02-26,2,10,4,6
lccn/sn87055779/1914-09-04,1,7,7,0
lccn/sn87055779/1914-02-14,2,7,4,3
lccn/sn87055779/1914-01-05,2,11,2,9
lccn/sn86058226/1920-04-12,2,4,2,2
lccn/sn86058226/1920-08-19,1,6,13,-7
lccn/sn86058226/1920-02-21,2,10,6,4
lccn/sn86058226/1921-08-22,1,3,9,-6
lccn/sn86058226/1921-08-25,2,5,3,2
lccn/sn86058226/1922-03-10,2,10,7,3
lccn/sn90059522/1889-05-18,1,13,20,-7
lccn/sn90059523/1900-12-02,2,10,8,2
lccn/sn90059523/1900-12-02,2,13,2,11
lccn/sn90059523/1899-06-18,1,0,0,0
lccn/sn86058226/1922-01-28,2,12,1,11
lccn/sn86058226/1922-03-27,2,17,3,14
lccn/sn86058226/1922-01-21,2,10,2,8
lccn/sn85038158/1869-06-24,2,10,7,3
lccn/sn85038158/1885-12-09,2,12,5,7
lccn/sn85026309/1863-11-11,1,0,2,-2
lccn/sn85026309/1863-12-02,1,0,1,-1
lccn/sn85026309/1863-12-30,1,0,2,-2
lccn/sn85026309/1864-01-06,1,1,2,-1
lccn/sn85026309/1864-01-27,2,5,2,3
lccn/sn85026309/1864-02-03,2,5,2,3
lccn/sn85026309/1864-02-10,2,13,3,10
lccn/sn85026309/1864-03-16,2,7,4,3
lccn/sn84026897/1873-05-08,2,7,2,5
lccn/sn84026897/1898-01-19,1,3,10,-7
lccn/sn84026897/1908-09-23,2,6,4,2
lccn/sn85038158/1883-01-03,1,3,11,-8
lccn/sn92065637/1904-12-16,1,6,7,-1
lccn/sn84026965/1879-10-16,2,11,1,10
lccn/sn84026965/1874-12-10,2,46,14,32
lccn/sn93067846/1881-08-02,2,8,2,6
lccn/sn84026965/1871-07-27,2,9,5,4
lccn/sn84027008/1873-08-20,2,8,3,5
lccn/sn86063760/1912-01-17,2,1,0,1
lccn/sn85033429/1897-12-22,1,7,10,-3
lccn/sn85033673/1875-09-02,2,10,1,9
lccn/sn83027097/1897-01-02,1,7,8,-1
lccn/sn83027097/1897-01-09,2,10,4,6
lccn/sn83027097/1897-01-16,2,11,3,8
lccn/sn83027097/1897-02-13,2,11,7,4
lccn/sn83027097/1897-02-27,2,12,7,5
lccn/sn83027097/1897-03-06,2,18,7,11
lccn/sn83027097/1897-03-13,2,16,11,5
lccn/sn83027097/1897-03-20,2,16,6,10
lccn/sn83027097/1897-03-27,1,6,6,0
lccn/sn83027097/1897-04-10,2,14,7,7
lccn/sn83027097/1897-04-24,2,9,7,2
lccn/sn83027097/1897-05-15,1,0,0,0
lccn/sn83027097/1897-06-05,1,4,5,-1
lccn/sn83027097/1897-06-12,2,15,5,10
lccn/sn83027097/1897-07-31,1,12,12,0
lccn/sn83027097/1897-08-14,1,6,8,-2
lccn/sn83027097/1897-10-02,2,13,2,11
lccn/sn83027097/1898-01-08,2,16,1,15
lccn/sn83027097/1898-01-29,2,9,4,5
lccn/sn84024670/1873-05-13,1,0,0,0
lccn/sn83027097/1897-01-23,2,16,1,15
lccn/sn83027097/1897-04-17,2,9,7,2
lccn/sn83027097/1897-07-10,2,4,3,1
lccn/sn83027097/1897-07-17,2,14,6,8
lccn/sn83027097/1897-07-24,2,7,5,2
lccn/sn83027097/1897-08-07,1,6,6,0
lccn/sn83027097/1897-08-28,2,9,3,6
lccn/sn83027097/1897-12-11,1,9,12,-3
lccn/sn83027097/1897-12-11,1,5,12,-7
lccn/sn83027097/1898-01-22,2,19,0,19
lccn/sn83027097/1898-02-05,2,8,3,5
lccn/sn84024670/1874-02-06,2,2,1,1
lccn/sn91068476/1906-05-15,2,13,9,4
lccn/sn91068476/1907-08-20,2,8,4,4
lccn/sn91068476/1909-08-10,2,10,7,3
lccn/sn85038615/1912-01-20,2,19,8,11
lccn/sn85038615/1912-04-02,1,3,10,-7
lccn/sn91068476/1904-07-12,1,5,10,-5
lccn/sn91068476/1904-07-19,1,10,10,0
lccn/sn91068476/1904-07-19,2,16,14,2
lccn/sn91068476/1919-11-07,2,12,4,8
lccn/sn95068565/1876-12-28,1,0,0,0
lccn/sn91068476/1922-10-10,1,3,5,-2
lccn/sn85042098/1882-08-16,2,10,7,3
lccn/sn99061556/1900-06-26,2,15,8,7
lccn/sn84038119/1876-05-24,2,6,3,3
lccn/sn85049554/1908-05-14,1,7,12,-5
lccn/sn85049554/1907-05-25,2,6,3,3
lccn/sn85049554/1906-12-10,2,14,2,12
lccn/sn85049554/1906-12-19,2,25,8,17
lccn/sn85049554/1907-10-16,2,13,5,8
lccn/sn85049554/1909-02-12,2,16,5,11
lccn/sn99021999/1908-06-30,2,7,4,3
lccn/sn84022472/1909-01-14,2,18,9,9
lccn/sn99021999/1908-09-03,2,5,3,2
lccn/sn85049554/1908-11-06,1,6,8,-2
lccn/sn99021999/1908-06-07,2,2,0,2
lccn/sn85049554/1908-04-09,1,4,10,-6
lccn/sn85049554/1906-05-07,2,16,2,14
lccn/sn99021999/1910-02-06,2,8,5,3
lccn/sn99021999/1910-01-30,2,20,6,14
lccn/sn99021999/1910-02-01,2,7,2,5
lccn/sn99021999/1909-09-05,1,3,7,-4
lccn/sn99021999/1909-10-05,2,15,5,10
lccn/sn99021999/1909-03-21,2,18,1,17
lccn/sn99021999/1909-03-28,2,10,3,7
lccn/sn99021999/1909-05-08,2,9,8,1
lccn/sn82016014/1906-07-28,2,14,5,9
lccn/sn99021999/1909-01-22,2,9,4,5
lccn/sn99021999/1909-03-04,1,18,21,-3
lccn/sn99021999/1909-04-21,1,4,12,-8
lccn/sn82016014/1908-01-27,2,19,4,15
lccn/sn95047299/1911-09-29,1,7,10,-3
lccn/sn82016014/1907-11-16,2,8,4,4
lccn/sn82016014/1906-10-31,2,14,9,5
lccn/sn82016014/1908-10-16,1,3,3,0
lccn/sn95047297/1902-02-06,2,19,7,12
lccn/sn82016014/1906-08-09,2,18,8,10
lccn/sn84020558/1902-04-04,1,4,4,0
lccn/sn85049554/1906-01-29,2,14,11,3
lccn/sn85049554/1906-02-21,2,18,5,13
lccn/sn85049554/1906-03-16,1,4,17,-13
lccn/sn84025968/1892-09-20,1,6,32,-26
lccn/sn99021999/1909-01-28,2,7,6,1
lccn/sn84038806/1874-07-19,2,5,3,2
lccn/sn84038806/1874-08-27,1,18,20,-2
lccn/sn84038806/1874-09-22,2,10,5,5
lccn/sn82016014/1909-01-30,2,10,1,9
lccn/sn83045462/1907-06-18,1,2,3,-1
lccn/sn83045462/1907-04-14,2,11,7,4
lccn/sn83045462/1907-05-21,2,26,3,23
lccn/sn83045462/1907-06-02,2,10,4,6
lccn/sn83045462/1906-12-07,2,13,8,5
lccn/sn83045462/1906-12-22,2,12,1,11
lccn/sn83045462/1907-01-20,1,8,8,0
lccn/sn83045433/1916-03-18,2,2,1,1
lccn/sn83045462/1906-11-24,1,5,13,-8
lccn/sn90059228/1921-09-28,1,1,3,-2
lccn/sn89067390/1908-10-15,2,11,1,10
lccn/sn89067390/1920-01-15,2,4,3,1
lccn/sn92053934/1905-05-08,1,5,5,0
lccn/sn84024283/1899-11-02,1,4,9,-5
lccn/sn84024283/1897-04-29,2,13,11,2
lccn/sn89066178/1912-12-21,1,3,5,-2
lccn/sn92053934/1903-02-16,2,12,2,10
lccn/sn92053934/1899-12-22,2,10,2,8
lccn/sn83045462/1909-12-12,2,13,6,7
lccn/sn83045462/1908-05-17,2,10,8,2
lccn/sn91099608/1885-02-27,2,17,6,11
lccn/sn83045462/1917-05-06,1,0,0,0
lccn/sn85038411/1917-01-16,2,9,2,7
lccn/sn85038411/1917-01-27,1,10,10,0
lccn/sn85038411/1917-03-03,1,2,11,-9
lccn/sn85038411/1917-03-17,1,0,0,0
lccn/sn85038411/1917-03-31,2,3,1,2
lccn/sn83045462/1908-10-28,2,9,5,4
lccn/sn83045462/1909-12-14,1,3,3,0
lccn/sn85038411/1918-07-06,2,11,3,8
lccn/sn83032011/1898-03-03,2,11,4,7
lccn/sn85038411/1918-09-12,1,7,10,-3
lccn/sn85038411/1919-08-29,1,7,9,-2
lccn/sn99067997/1889-09-06,2,7,3,4
lccn/sn85038411/1918-07-13,2,8,4,4
lccn/sn87080287/1898-05-23,1,8,12,-4
lccn/sn99067997/1886-02-26,1,8,10,-2
lccn/sn98066406/1895-03-15,2,22,7,15
lccn/sn98066406/1901-10-04,2,9,7,2
lccn/sn83045462/1913-09-10,2,6,5,1
lccn/sn83045462/1913-09-06,2,11,4,7
lccn/sn83045462/1913-09-06,2,12,5,7
lccn/sn83045462/1913-09-11,2,6,3,3
lccn/sn92053934/1920-03-01,1,8,8,0
lccn/sn83045462/1913-09-04,2,7,2,5
lccn/sn83045462/1913-09-15,2,14,9,5
lccn/sn85042462/1908-09-24,2,3,2,1
lccn/sn85066387/1910-12-27,2,6,1,5
lccn/2010270510/1890-06-14,2,17,6,11
lccn/sn83045462/1914-05-06,2,6,3,3
lccn/sn83045462/1914-02-28,1,4,7,-3
lccn/sn82015485/1895-02-09,1,4,9,-5
lccn/sn85042462/1908-10-13,2,16,13,3
lccn/sn85025431/1881-09-07,2,19,4,15
lccn/sn92053933/1920-06-18,1,0,0,0
lccn/sn85042462/1908-06-25,2,14,6,8
lccn/sn85042462/1908-06-26,2,4,2,2
lccn/sn97070614/1914-06-19,2,4,0,4
lccn/sn97070614/1914-07-03,1,7,14,-7
lccn/sn97070614/1914-07-17,2,11,7,4
lccn/sn83045462/1913-04-29,2,13,5,8
lccn/sn83045462/1913-04-29,2,12,5,7
lccn/sn83045462/1913-03-18,1,3,4,-1
lccn/sn92053934/1919-01-14,1,3,4,-1
lccn/sn92053934/1919-02-24,1,0,0,0
lccn/sn92053934/1919-12-30,2,7,2,5
lccn/sn83045462/1913-06-06,2,17,5,12
lccn/sn83045462/1914-06-15,2,7,1,6
lccn/sn92053934/1919-11-10,2,17,6,11
lccn/sn92053934/1918-05-27,2,9,5,4
lccn/sn82015104/1895-07-25,1,5,6,-1
lccn/sn85042462/1908-05-14,2,16,1,15
lccn/sn85042462/1908-05-08,2,9,5,4
lccn/sn97070614/1914-05-15,2,11,3,8
lccn/sn85042462/1908-06-12,1,6,11,-5
lccn/sn85042462/1908-06-21,2,16,11,5
lccn/sn85025431/1875-06-10,2,3,1,2
lccn/sn85042461/1897-03-20,2,8,3,5
lccn/sn99021999/1885-09-25,1,9,9,0
lccn/sn99021999/1885-06-19,2,14,3,11
lccn/sn97070614/1914-05-29,2,13,9,4
lccn/sn97070614/1914-07-10,2,19,6,13
lccn/sn99021999/1880-06-30,2,9,4,5
lccn/sn99021999/1874-08-17,2,10,6,4
lccn/sn99021999/1904-02-16,1,0,0,0
lccn/sn99021999/1904-03-07,1,3,3,0
lccn/sn82016014/1900-03-13,1,5,7,-2
lccn/sn84038306/1900-01-24,1,7,9,-2
lccn/sn82016014/1900-05-08,2,3,1,2
lccn/sn99021999/1903-08-05,2,13,2,11
lccn/sn99021999/1903-08-25,2,18,3,15
lccn/sn99021999/1903-09-09,2,14,4,10
lccn/sn99021999/1903-09-30,2,12,5,7
lccn/sn85042461/1895-12-05,2,13,7,6
lccn/sn85042461/1895-10-15,2,19,12,7
lccn/sn85042461/1895-04-06,2,12,4,8
lccn/sn84038306/1906-01-24,2,9,4,5
lccn/sn85042461/1894-06-08,1,2,5,-3
lccn/sn85042461/1894-05-28,2,11,4,7
lccn/sn85042461/1894-11-02,2,11,9,2
lccn/sn84038306/1910-07-27,2,9,6,3
lccn/sn87057096/1908-03-12,2,11,3,8
lccn/sn87057096/1907-07-04,2,10,9,1
lccn/sn87057096/1908-12-17,1,12,13,-1
lccn/sn87057096/1909-01-14,2,11,3,8
lccn/sn85042461/1894-06-22,1,0,0,0
lccn/sn84038306/1908-10-21,2,11,2,9
lccn/sn99021999/1905-03-17,2,11,3,8
lccn/sn99021999/1904-12-16,1,3,3,0
lccn/sn99021999/1904-12-30,2,18,5,13
lccn/sn82016014/1901-09-28,2,14,7,7
lccn/sn82016014/1901-06-11,2,7,5,2
lccn/sn99021999/1904-11-16,2,11,2,9
lccn/sn99021999/1904-11-18,1,3,9,-6
lccn/sn99021999/1903-06-26,1,9,10,-1
lccn/sn84038306/1911-04-26,1,3,5,-2
lccn/sn82014635/1901-03-20,2,7,2,5
lccn/sn82014635/1901-06-08,2,3,1,2
lccn/sn82014635/1901-06-12,1,0,0,0
lccn/sn99021999/1893-04-16,2,8,1,7
lccn/sn99021999/1898-03-16,1,1,6,-5
lccn/sn82014635/1901-05-29,1,0,0,0
lccn/sn82014635/1900-05-29,2,14,3,11
lccn/sn82014635/1900-06-03,1,5,5,0
lccn/sn82014635/1900-10-02,2,27,5,22
lccn/2016270503/1898-06-25,2,7,6,1
lccn/2016270503/1898-01-05,1,5,9,-4
lccn/sn84020558/1921-02-05,1,11,11,0
lccn/sn84020558/1921-04-16,2,3,1,2
lccn/sn82014635/1899-09-24,2,18,7,11
lccn/sn99021999/1895-03-01,2,3,0,3
lccn/sn99021999/1895-05-01,2,17,4,13
lccn/sn99021999/1891-05-27,2,7,4,3
lccn/sn82014635/1898-09-22,2,11,2,9
lccn/sn85066387/1898-02-13,2,29,3,26
lccn/sn95060914/1913-04-04,2,10,6,4
lccn/sn95060914/1913-04-25,2,11,6,5
lccn/sn94053256/1895-04-25,2,8,4,4
lccn/sn85066387/1910-06-06,1,1,2,-1
lccn/sn99021999/1891-09-01,1,3,3,0
lccn/sn99021999/1898-08-28,2,12,9,3
lccn/sn99021999/1898-08-28,2,11,9,2
lccn/sn99021999/1894-05-21,1,7,7,0
lccn/sn99021999/1894-05-29,2,5,2,3
lccn/sn86058226/1922-05-02,2,5,1,4
lccn/sn83045462/1909-10-12,1,0,0,0
lccn/sn83045462/1908-04-06,2,5,1,4
lccn/sn83045462/1909-09-28,1,4,4,0
lccn/sn90061066/1883-01-09,2,27,3,24
lccn/sn90061066/1884-10-07,2,5,4,1
lccn/sn83045462/1908-02-08,1,2,8,-6
lccn/sn83045462/1908-03-21,2,4,2,2
lccn/sn83045462/1908-02-29,2,9,6,3
lccn/sn86058226/1919-12-26,1,2,4,-2
lccn/sn90059523/1897-09-30,2,12,4,8
lccn/sn90061417/1911-02-10,1,2,2,0
lccn/sn83045462/1912-12-01,1,20,29,-9
lccn/sn83045462/1912-12-19,1,0,0,0
lccn/sn83045462/1908-04-27,2,6,5,1
lccn/sn90061417/1916-02-25,2,6,4,2
lccn/sn90061417/1918-04-19,1,3,5,-2
lccn/sn90061417/1918-05-17,1,1,3,-2
lccn/sn86058226/1919-03-26,1,4,6,-2
lccn/sn86058226/1919-07-19,1,0,0,0
lccn/sn86058226/1919-12-03,2,12,4,8
lccn/sn86058226/1919-12-10,2,15,5,10
lccn/sn89066234/1911-04-29,1,2,13,-11
lccn/sn89066234/1911-10-14,2,8,7,1
lccn/sn89066234/1911-10-28,1,5,11,-6
lccn/sn89066234/1909-05-08,2,11,4,7
lccn/sn86058226/1911-05-01,2,10,9,1
lccn/sn86058226/1911-05-26,2,16,12,4
lccn/sn86058226/1911-07-15,2,26,18,8
lccn/sn87055779/1915-05-11,2,7,5,2
lccn/sn87055779/1915-08-27,1,0,0,0
lccn/sn87055779/1915-08-31,1,8,10,-2
lccn/sn87055779/1915-05-11,1,6,7,-1
lccn/sn87055779/1915-06-05,1,9,10,-1
lccn/sn87055779/1915-09-03,2,7,1,6
lccn/sn89066240/1905-03-03,2,8,1,7
lccn/sn87055779/1915-01-29,1,0,3,-3
lccn/sn83016758/1921-12-08,2,10,4,6
lccn/sn87052181/1899-11-04,1,0,0,0
lccn/sn86058242/1910-06-16,2,11,2,9
lccn/sn82015104/1898-02-22,1,0,0,0
lccn/sn82015104/1898-02-27,1,5,5,0
lccn/sn82015104/1898-09-15,2,4,0,4
lccn/sn82015104/1898-09-16,2,8,5,3
lccn/sn82015104/1898-09-18,2,17,7,10
lccn/sn82015104/1898-09-30,2,2,0,2
lccn/sn82015104/1898-10-02,2,10,2,8
lccn/sn82015104/1898-10-05,2,5,4,1
lccn/sn82015104/1898-10-06,2,7,0,7
lccn/sn00065127/1903-05-29,2,12,4,8
lccn/sn83040340/1885-05-08,2,12,3,9
lccn/sn83040340/1885-06-19,2,7,3,4
lccn/sn93055779/1907-11-19,2,10,4,6
lccn/sn82014635/1891-09-19,2,14,1,13
lccn/sn82014635/1891-10-10,2,19,8,11
lccn/sn82014635/1891-10-03,2,17,3,14
lccn/sn82014635/1891-10-17,2,17,10,7
lccn/sn82014635/1891-10-31,1,7,18,-11
lccn/sn82014635/1891-10-20,2,16,4,12
lccn/sn82014635/1891-11-05,1,5,6,-1
lccn/sn86058242/1913-09-10,2,12,4,8
lccn/sn95069778/1896-04-16,2,13,10,3
lccn/sn93055779/1906-08-10,1,4,11,-7
lccn/sn82015104/1898-02-18,2,10,3,7
lccn/sn94056415/1897-10-08,2,5,0,5
lccn/sn82015104/1896-02-29,2,9,6,3
lccn/sn83040340/1890-10-24,2,5,0,5
lccn/sn82015104/1898-10-21,1,2,2,0
lccn/sn82015104/1898-10-23,2,3,0,3
lccn/sn82015104/1898-10-27,2,8,3,5
lccn/sn82015104/1898-10-28,1,0,0,0
lccn/sn85033781/1884-01-31,2,18,8,10
lccn/sn85033781/1884-08-07,1,0,0,0
lccn/sn85033781/1878-01-25,2,8,4,4
lccn/sn84029386/1914-05-07,2,7,6,1
lccn/sn84029386/1914-05-07,2,7,6,1
lccn/sn85042462/1910-03-01,1,0,0,0
lccn/sn95070058/1908-02-07,1,16,20,-4
lccn/sn95070058/1910-12-23,1,2,2,0
lccn/sn95070058/1911-02-10,1,6,9,-3
lccn/sn95070058/1911-03-10,1,10,10,0
lccn/sn95070058/1911-07-07,1,5,12,-7
lccn/sn95070058/1910-11-25,2,16,5,11
lccn/sn95070058/1911-11-10,2,4,1,3
lccn/sn85042462/1910-06-26,2,2,0,2
lccn/sn95070058/1909-10-08,2,13,5,8
lccn/sn95070058/1909-10-08,1,9,11,-2
lccn/sn85042462/1910-10-07,2,7,3,4
lccn/sn85042462/1910-10-11,1,8,12,-4
lccn/sn85042462/1910-10-29,2,5,3,2
lccn/sn85042462/1910-09-19,2,10,6,4
lccn/sn85033781/1880-04-16,2,5,4,1
lccn/sn85033781/1879-06-13,2,10,9,1
lccn/sn85033781/1877-09-07,2,16,0,16
lccn/sn86075243/1895-04-26,1,5,5,0
lccn/sn83030431/1919-03-03,2,13,9,4
lccn/sn83030431/1918-12-08,2,4,1,3
lccn/sn85033139/1901-11-14,1,10,10,0
lccn/sn85033078/1907-01-31,1,3,4,-1
lccn/sn85033078/1896-09-10,2,19,7,12
lccn/sn83030431/1918-08-16,2,7,6,1
lccn/sn85033078/1906-05-03,2,10,2,8
lccn/sn92073907/1892-07-21,2,7,5,2
lccn/sn85033139/1912-09-26,1,7,8,-1
lccn/sn85038153/1903-10-16,1,1,1,0
lccn/sn85038153/1904-02-02,1,6,7,-1
lccn/sn85038153/1904-04-15,1,7,9,-2
lccn/sn85038153/1904-05-13,2,6,5,1
lccn/sn85038153/1904-08-23,1,5,11,-6
lccn/sn85038153/1902-08-19,2,6,5,1
lccn/sn85038153/1902-08-26,2,5,4,1
lccn/sn85038153/1902-09-23,1,6,13,-7
lccn/sn85038153/1902-04-04,2,2,0,2
lccn/sn83030431/1919-08-05,1,0,0,0
lccn/sn85033139/1915-10-28,2,16,7,9
lccn/sn85033139/1916-02-24,2,9,6,3
lccn/sn85033139/1918-12-12,2,11,7,4
lccn/sn83045450/1857-07-04,2,9,5,4
lccn/sn85033078/1896-06-04,1,8,10,-2
lccn/sn84045030/1857-07-15,2,15,11,4
lccn/sn84045030/1855-10-31,2,6,3,3
lccn/sn86053488/1874-08-20,1,4,7,-3
lccn/sn86053488/1874-08-27,1,8,9,-1
lccn/sn86053488/1874-07-30,1,0,1,-1
lccn/sn85033395/1879-01-02,1,4,9,-5
lccn/sn85033395/1879-09-04,2,12,4,8
lccn/sn85033395/1879-08-07,2,11,5,6
lccn/sn85038145/1867-03-14,2,19,10,9
lccn/sn85038145/1867-03-21,1,0,0,0
lccn/sn85038145/1867-04-04,2,9,3,6
lccn/sn85038145/1867-04-11,1,2,2,0
lccn/sn85038145/1867-05-09,1,0,0,0
lccn/sn85038145/1868-08-20,2,11,10,1
lccn/sn85038145/1868-09-10,2,14,12,2
lccn/sn85038145/1868-12-24,2,7,5,2
lccn/sn85038145/1869-02-11,2,4,2,2
lccn/sn85038145/1869-02-18,2,8,5,3
lccn/sn85038145/1872-08-29,2,10,6,4
lccn/sn85038145/1872-09-26,2,14,0,14
lccn/sn84038114/1881-05-07,2,12,6,6
lccn/sn84038114/1883-10-20,2,9,2,7
lccn/sn85042461/1896-05-12,2,10,6,4
lccn/sn85042461/1896-12-21,2,10,8,2
lccn/sn85049554/1903-08-17,1,3,9,-6
lccn/sn85049554/1903-09-17,1,12,12,0
lccn/sn85049554/1903-10-23,1,2,4,-2
lccn/sn85049554/1903-11-12,1,12,12,0
lccn/sn85049554/1902-11-15,1,0,0,0
lccn/sn85049554/1902-11-21,2,5,3,2
lccn/sn85049554/1905-11-10,2,11,6,5
lccn/sn82014086/1909-06-30,2,12,1,11
lccn/sn82014086/1909-07-10,2,13,6,7
lccn/sn82014086/1909-10-12,1,4,5,-1
lccn/sn82014086/1909-02-16,1,8,8,0
lccn/sn82014086/1909-02-20,1,3,11,-8
lccn/sn82014086/1909-12-29,2,9,3,6
lccn/sn82014086/1909-04-24,2,8,3,5
lccn/sn82014086/1909-05-11,2,10,0,10
lccn/sn85049554/1902-12-20,2,8,3,5
lccn/sn85049554/1903-06-06,2,9,5,4
lccn/sn82014086/1909-09-22,2,7,1,6
lccn/sn85049554/1904-05-31,2,12,2,10
lccn/sn85049554/1904-05-17,2,12,0,12
lccn/sn85049554/1905-01-28,2,13,5,8
lccn/sn85049554/1904-10-03,1,5,14,-9
lccn/sn85049554/1905-05-08,2,10,3,7
lccn/sn82016014/1909-09-07,2,12,7,5
lccn/sn82016014/1909-07-24,1,5,5,0
lccn/sn88053055/1900-04-24,1,2,4,-2
lccn/sn99021999/1913-08-04,1,5,6,-1
lccn/sn99021999/1913-08-04,1,4,6,-2
lccn/sn84038806/1875-07-22,2,8,2,6
lccn/sn99021999/1914-01-10,2,8,5,3
lccn/sn99021999/1914-04-20,1,5,7,-2
lccn/sn84025968/1890-05-29,1,9,13,-4
lccn/sn99021999/1914-05-04,1,5,9,-4
lccn/sn92051227/1919-09-24,1,2,4,-2
lccn/sn92051227/1919-09-22,2,10,6,4
lccn/sn99021999/1913-08-11,2,17,8,9
lccn/sn88053055/1901-06-25,1,7,18,-11
lccn/sn85049554/1903-12-28,2,22,6,16
lccn/sn84038806/1875-11-14,2,7,2,5
lccn/sn99021999/1914-01-26,2,3,1,2
lccn/sn85049554/1903-04-30,2,10,0,10
lccn/sn84038114/1879-07-07,2,21,9,12
lccn/sn84038114/1879-07-09,2,4,3,1
lccn/sn84038114/1879-07-11,2,12,4,8
lccn/sn84038114/1879-07-22,2,10,1,9
lccn/sn84038114/1879-07-24,1,0,0,0
lccn/sn84038114/1879-07-25,2,16,14,2
lccn/sn84038114/1879-08-12,2,11,3,8
lccn/sn84038114/1879-08-13,2,10,3,7
lccn/sn84038114/1879-08-14,2,12,4,8
lccn/sn84038114/1879-08-16,2,11,3,8
lccn/sn84038114/1879-08-18,1,10,13,-3
lccn/sn84038114/1879-08-19,2,10,4,6
lccn/sn84038114/1879-08-20,2,13,5,8
lccn/sn84038114/1879-08-26,2,4,3,1
lccn/sn84038114/1879-08-30,2,10,1,9
lccn/sn84038114/1879-09-02,1,8,9,-1
lccn/sn84038114/1879-09-04,2,17,11,6
lccn/sn84038114/1879-09-05,2,17,8,9
lccn/sn84038114/1879-09-06,2,9,2,7
lccn/sn84038114/1879-09-22,2,6,4,2
lccn/sn99021999/1912-11-12,2,5,4,1
lccn/sn92051227/1919-12-03,2,7,0,7
lccn/sn92051227/1919-11-26,2,4,0,4
lccn/sn84025968/1891-01-01,1,1,3,-2
lccn/sn92051227/1919-11-15,2,2,1,1
lccn/sn92051227/1919-09-13,2,5,1,4
lccn/sn88053046/1898-06-30,1,4,11,-7
lccn/sn85049554/1920-10-23,2,11,2,9
lccn/sn85049554/1920-10-23,2,10,4,6
lccn/sn85049554/1910-04-20,1,1,5,-4
lccn/sn85049554/1910-05-09,1,3,3,0
lccn/sn85049554/1911-04-25,1,14,16,-2
lccn/sn82014086/1916-03-25,2,16,1,15
lccn/sn82014086/1916-11-14,2,13,6,7
lccn/sn82014086/1916-11-18,1,6,6,0
lccn/sn82014086/1916-09-22,2,67,15,52
lccn/sn82014086/1916-09-29,1,3,10,-7
lccn/sn82014086/1916-05-20,1,6,7,-1
lccn/sn82014086/1916-06-16,2,8,5,3
lccn/sn82014086/1915-11-11,2,6,2,4
lccn/sn82014086/1915-11-25,1,2,6,-4
lccn/sn82014086/1915-12-06,2,10,5,5
lccn/sn82014086/1915-12-11,2,8,4,4
lccn/sn82014086/1915-12-18,1,3,5,-2
lccn/sn82014086/1915-12-27,2,11,5,6
lccn/sn82014086/1915-09-25,1,4,4,0
lccn/sn82014086/1915-06-11,2,12,5,7
lccn/sn82014086/1915-06-12,2,5,4,1
lccn/sn82014086/1915-06-12,1,6,7,-1
lccn/sn82014086/1915-07-05,1,3,8,-5
lccn/sn82014086/1915-06-12,1,5,5,0
lccn/sn82014086/1915-06-23,2,6,4,2
lccn/sn82014086/1915-06-28,2,9,5,4
lccn/sn82014086/1915-09-10,2,11,5,6
lccn/sn94052989/1894-06-05,1,5,5,0
lccn/sn99021999/1901-06-05,2,25,7,18
lccn/sn92062121/1909-02-05,2,8,3,5
lccn/sn99021999/1901-05-22,2,4,2,2
lccn/sn82014086/1916-01-28,2,10,6,4
lccn/sn82014086/1916-02-02,1,0,0,0
lccn/sn82014086/1916-02-05,1,10,16,-6
lccn/sn82014086/1916-02-08,1,2,8,-6
lccn/sn82014086/1916-05-29,1,4,4,0
lccn/sn82014086/1916-06-03,1,2,5,-3
lccn/sn82014086/1916-07-12,2,13,2,11
lccn/sn82014086/1914-02-19,2,18,3,15
lccn/sn82014086/1914-01-03,1,1,13,-12
lccn/sn82014086/1914-02-09,2,3,1,2
lccn/sn82014086/1914-02-21,1,4,7,-3
lccn/sn82014086/1914-04-02,2,9,2,7
lccn/sn82014086/1914-04-04,2,4,2,2
lccn/sn82014086/1914-01-08,2,10,6,4
lccn/sn82014086/1914-07-04,1,6,12,-6
lccn/sn82014086/1914-08-19,2,7,2,5
lccn/sn82014086/1914-06-27,1,5,13,-8
lccn/sn82014086/1914-11-03,2,4,0,4
lccn/sn82014086/1914-11-19,2,21,1,20
lccn/sn82014086/1914-11-21,2,10,0,10
lccn/sn82014086/1915-01-27,2,18,4,14
lccn/sn82014086/1915-02-04,2,11,5,6
lccn/sn82014086/1915-02-06,1,12,15,-3
lccn/sn82014086/1915-05-26,1,8,8,0
lccn/sn82014086/1915-05-29,1,4,4,0
lccn/sn82014086/1915-03-06,2,8,3,5
lccn/sn82014086/1915-04-12,1,1,10,-9
lccn/sn82014086/1915-05-01,1,6,7,-1
lccn/sn82014086/1915-05-08,2,5,2,3
lccn/sn82014086/1915-06-04,2,5,2,3
lccn/sn82014086/1915-02-06,2,11,6,5
lccn/sn82014086/1915-02-13,2,10,5,5
lccn/sn88053046/1900-05-24,1,0,0,0
lccn/sn99021999/1901-10-23,1,7,8,-1
lccn/sn84020558/1908-04-01,2,4,1,3
lccn/sn82014086/1916-08-11,2,12,2,10
lccn/sn94052989/1893-05-25,2,13,4,9
lccn/sn88061076/1861-05-10,2,9,4,5
lccn/sn88061076/1861-05-17,2,8,5,3
lccn/sn88061076/1861-05-24,2,14,5,9
lccn/sn86086852/1890-10-10,1,0,0,0
lccn/sn86086852/1907-07-11,2,12,1,11
lccn/sn86086852/1909-04-01,1,3,10,-7
lccn/sn86086852/1908-06-11,1,6,7,-1
lccn/sn84024443/1868-11-06,2,16,4,12
lccn/sn89058154/1913-08-15,1,4,9,-5
lccn/sn85066387/1906-01-03,1,3,4,-1
lccn/sn85066387/1905-09-29,1,0,0,0
lccn/sn82015104/1897-09-29,1,6,8,-2
lccn/sn82015104/1897-03-07,1,4,9,-5
lccn/sn82015104/1897-07-13,2,7,4,3
lccn/sn82015104/1897-09-24,1,3,18,-15
lccn/sn82015104/1898-07-01,2,10,5,5
lccn/sn99021999/1919-07-25,2,17,4,13
lccn/sn82015104/1897-02-17,2,8,6,2
lccn/sn99021999/1918-05-03,2,8,3,5
lccn/sn2006060001/1890-07-,1,6,11,-5
lccn/sn85026593/1846-06-10,2,8,1,7
lccn/sn85026593/1846-06-17,2,8,1,7
lccn/sn85026593/1846-07-29,2,18,3,15
lccn/sn85026593/1846-08-05,2,13,3,10
lccn/sn85026593/1846-08-12,2,12,4,8
lccn/sn85026593/1846-09-02,2,17,5,12
lccn/sn85026593/1846-09-16,2,14,3,11
lccn/sn85026593/1846-09-23,2,14,3,11
lccn/sn82016014/1897-02-06,1,6,6,0
lccn/sn82016014/1897-10-14,2,10,8,2
lccn/sn82016014/1897-03-13,2,16,9,7
lccn/sn82016014/1897-04-10,2,13,5,8
lccn/sn82016014/1897-04-17,2,13,2,11
lccn/sn85026593/1846-07-08,2,19,4,15
lccn/sn85026593/1846-08-26,2,17,3,14
lccn/sn85026593/1846-09-09,2,18,4,14
lccn/sn85026593/1846-09-30,2,16,4,12
lccn/sn85026593/1846-05-06,2,6,0,6
lccn/sn85026593/1846-05-13,2,9,0,9
lccn/sn85026593/1846-05-27,2,9,1,8
lccn/sn85026593/1846-07-22,2,17,3,14
lccn/sn83045462/1908-09-18,2,20,19,1
lccn/sn83045462/1908-07-12,2,4,3,1
lccn/sn82016014/1897-01-05,2,11,5,6
lccn/sn85033611/1860-11-22,2,5,1,4
lccn/sn83045462/1908-09-12,2,6,1,5
lccn/sn82016014/1897-03-27,1,0,0,0
lccn/sn82015104/1896-06-27,1,0,0,0
lccn/sn84038628/1870-02-17,1,0,0,0
lccn/sn83045462/1910-06-28,2,10,5,5
lccn/sn85042345/1920-05-30,2,7,4,3
lccn/sn84026497/1900-12-12,2,11,7,4
lccn/sn84026497/1903-09-09,1,1,2,-1
lccn/sn84026497/1904-03-16,1,4,10,-6
lccn/sn84026497/1910-12-07,2,10,5,5
lccn/sn85042345/1922-03-12,1,0,3,-3
lccn/sn84026497/1913-06-25,2,16,4,12
lccn/sn86081889/1917-03-08,2,11,6,5
lccn/sn83030214/1922-11-18,2,11,1,10
lccn/sn83030214/1922-08-20,2,8,1,7
lccn/sn85042303/1909-09-17,1,2,3,-1
lccn/sn85042345/1922-02-26,1,4,4,0
lccn/sn99021999/1911-02-19,2,24,1,23
lccn/sn99021999/1911-02-08,1,2,14,-12
lccn/sn99021999/1911-06-16,2,10,7,3
lccn/sn88059319/1907-10-04,2,10,7,3
lccn/sn84020358/1895-01-12,2,14,8,6
lccn/sn99021999/1911-04-08,2,23,0,23
lccn/sn99021999/1911-01-02,1,3,3,0
lccn/sn99021999/1911-01-13,1,1,2,-1
lccn/sn99021999/1911-05-06,2,7,3,4
lccn/sn99021999/1910-08-22,2,11,10,1
lccn/sn99021999/1910-10-16,2,9,6,3
lccn/sn82016014/1905-04-13,2,12,11,1
lccn/sn84020358/1896-02-15,1,3,28,-25
lccn/sn99021999/1911-11-06,1,0,0,0
lccn/sn84020358/1897-03-04,1,4,4,0
lccn/sn84020358/1896-09-05,2,28,15,13
lccn/sn84020358/1897-10-28,1,7,7,0
lccn/sn82016014/1906-02-05,1,5,5,0
lccn/sn99021999/1911-04-24,1,7,9,-2
lccn/sn84020358/1896-04-25,2,8,5,3
lccn/sn82016014/1905-07-22,2,8,1,7
lccn/sn84020358/1895-07-02,2,12,3,9
lccn/sn84020358/1897-10-13,1,2,5,-3
lccn/sn82016014/1906-05-05,1,5,14,-9
lccn/sn82016014/1906-05-05,2,10,3,7
lccn/sn82016014/1906-05-10,1,6,8,-2
lccn/sn85042460/1887-08-03,1,0,46,-46
lccn/sn85042460/1889-08-11,1,4,10,-6
lccn/sn84020558/1899-02-16,2,6,5,1
lccn/sn85042460/1887-08-28,1,3,7,-4
lccn/sn84020358/1897-12-02,1,0,5,-5
lccn/sn84020358/1898-02-22,1,0,3,-3
lccn/sn84020358/1898-06-24,2,10,7,3
lccn/sn84020358/1898-08-19,2,8,5,3
lccn/sn84020558/1898-05-27,2,10,9,1
lccn/sn89070049/1885-08-20,2,10,2,8
lccn/sn84020558/1899-10-09,2,9,0,9
lccn/sn85042461/1893-05-25,2,6,3,3
lccn/sn84020558/1898-12-16,1,5,9,-4
lccn/sn99021999/1911-12-23,2,9,3,6
lccn/sn99021999/1911-12-24,1,6,13,-7
lccn/sn82016014/1905-02-23,2,10,7,3
lccn/sn99021999/1910-11-03,1,3,5,-2
lccn/sn85042461/1894-02-04,2,10,6,4
lccn/sn83030214/1903-10-15,1,0,0,0
lccn/sn84020274/1901-09-15,2,27,0,27
lccn/sn84020274/1902-05-29,1,4,4,0
lccn/sn89074274/1919-09-11,2,8,4,4
lccn/sn85042405/1888-01-12,1,13,13,0
lccn/sn89074274/1917-12-06,2,7,5,2
lccn/sn89074274/1917-12-06,2,10,5,5
lccn/sn89074274/1916-08-03,1,5,6,-1
lccn/sn85042243/1919-05-20,2,7,3,4
lccn/sn83016107/1901-10-04,2,22,1,21
lccn/sn85033681/1874-05-27,1,0,0,0
lccn/sn85033681/1875-11-10,2,2,1,1
lccn/sn85033681/1875-12-01,2,14,13,1
lccn/sn89058128/1884-07-26,1,12,15,-3
lccn/sn84022673/1876-09-08,1,3,3,0
lccn/sn84022673/1878-06-14,2,9,0,9
lccn/sn84022673/1877-06-22,2,30,16,14
lccn/sn85033681/1875-07-21,2,17,9,8
lccn/sn85038615/1906-02-17,2,1,0,1
lccn/sn96088281/1903-10-22,2,8,5,3
lccn/sn96088281/1903-05-14,1,10,10,0
lccn/sn96088281/1905-03-10,2,9,2,7
lccn/sn96088281/1905-03-10,1,8,12,-4
lccn/sn96088281/1905-04-07,2,14,7,7
lccn/sn96088281/1905-12-22,1,13,17,-4
lccn/sn96088281/1905-12-29,1,9,13,-4
lccn/sn83045217/1921-10-14,2,11,7,4
lccn/sn84022673/1880-07-15,1,6,6,0
lccn/sn00063676/1909-01-29,2,8,1,7
lccn/sn83045217/1921-03-06,1,0,0,0
lccn/sn83045217/1921-02-20,1,1,3,-2
lccn/sn84024808/1921-01-06,2,19,12,7
lccn/sn89058248/1887-02-24,1,11,15,-4
lccn/sn83016348/1899-02-04,2,1,0,1
lccn/sn83016348/1899-05-06,2,7,5,2
lccn/sn83016348/1901-10-05,1,5,9,-4
lccn/97071090/1916-01-03/e,1,4,4,0
lccn/sn89058370/1890-02-26,2,8,1,7
lccn/sn89058370/1889-06-12,2,20,1,19
lccn/sn83016348/1895-06-08,2,10,4,6
lccn/sn85038615/1908-05-19,1,0,0,0
lccn/sn85038615/1908-06-07,1,1,27,-26
lccn/97071090/1916-06-12/e,2,12,10,2
lccn/sn84024808/1919-06-27,2,14,0,14
lccn/sn99063957/1916-08-23,1,6,8,-2
lccn/sn88064537/1892-09-10,1,11,12,-1
lccn/sn86079077/1877-11-24,1,2,5,-3
lccn/sn85034375/1890-11-22,2,19,6,13
lccn/sn85034375/1890-10-18,2,6,2,4
lccn/sn85034375/1885-07-18,2,6,3,3
lccn/sn85034375/1886-06-26,1,4,15,-11
lccn/sn85034375/1886-07-24,2,7,2,5
lccn/sn85034375/1885-08-15,2,6,4,2
lccn/sn85034375/1887-07-30,2,24,12,12
lccn/sn85034375/1886-07-10,2,12,2,10
lccn/sn83045433/1911-10-23,1,6,11,-5
lccn/sn83045433/1911-11-06,2,12,2,10
lccn/sn84026749/1911-12-01,2,10,5,5
lccn/sn84026749/1911-12-23,1,5,13,-8
lccn/sn83045389/1921-07-11,2,8,4,4
lccn/sn85052114/1909-11-26,2,15,4,11
lccn/sn88056017/1892-02-06,1,10,12,-2
lccn/sn85038615/1914-10-12,1,4,5,-1
lccn/sn84031081/1909-06-27,1,11,12,-1
lccn/sn85007266/1917-07-12,2,2,1,1
lccn/sn87055779/1918-05-15,2,5,3,2
lccn/sn87055779/1918-02-18,2,10,3,7
lccn/sn87055779/1918-09-25,1,2,3,-1
lccn/sn85059812/1907-12-05,2,7,6,1
lccn/sn85059812/1907-12-19,2,3,2,1
lccn/sn84023963/1889-06-07,1,0,0,0
lccn/sn85059812/1909-06-24,1,3,4,-1
lccn/sn86092536/1922-05-18,2,6,3,3
lccn/sn87055779/1918-04-07,2,7,0,7
lccn/sn87055779/1919-03-05,2,4,3,1
lccn/sn87055779/1919-02-22,1,2,5,-3
lccn/sn87055779/1919-05-29,2,4,0,4
lccn/sn87055779/1919-05-25,1,1,1,0
lccn/sn87056251/1899-11-17,2,12,2,10
lccn/sn87056250/1896-04-15,1,10,12,-2
lccn/sn82015679/1903-10-25,2,10,5,5
lccn/sn84023963/1887-01-21,1,7,8,-1
lccn/sn83045462/1906-06-18,2,5,2,3
lccn/sn83045462/1906-05-26,1,6,8,-2
lccn/sn83045462/1905-05-14,2,34,4,30
lccn/sn83045462/1905-09-07,2,28,5,23
lccn/sn83045462/1906-09-06,2,4,2,2
lccn/sn83045462/1906-08-23,1,8,8,0
lccn/sn83045462/1905-06-28,2,11,6,5
lccn/sn87065071/1892-09-03,2,7,6,1
lccn/sn84020558/1909-04-10,1,2,15,-13
lccn/sn83045462/1926-05-30,2,15,4,11
lccn/sn82015133/1896-01-04,2,9,2,7
lccn/sn83045462/1926-01-24,1,1,3,-2
lccn/sn83045462/1926-01-31,2,14,1,13
lccn/sn83045462/1926-07-25,2,11,4,7
lccn/sn83045462/1926-04-28,2,5,2,3
lccn/sn83045462/1925-12-15,1,0,0,0
lccn/sn83045462/1926-09-21,2,10,5,5
lccn/sn83045462/1926-09-13,2,11,10,1
lccn/sn83045462/1926-11-20,2,11,7,4
lccn/sn83045462/1926-11-02,2,6,4,2
lccn/sn83045462/1925-12-25,2,10,6,4
lccn/sn88064430/1914-10-31,2,5,3,2
lccn/sn82015679/1902-08-24,1,4,4,0
lccn/sn82015679/1902-06-14,1,5,14,-9
lccn/sn82015679/1903-03-29,2,10,2,8
lccn/sn82015679/1904-03-17,2,11,8,3
lccn/sn82015679/1904-05-29,1,3,4,-1
lccn/sn82015679/1902-03-02,2,7,4,3
lccn/sn82015679/1900-01-23,2,9,5,4
lccn/sn82015679/1900-12-02,2,4,3,1
lccn/sn87056244/1908-12-31,2,6,2,4
lccn/sn87056244/1909-01-07,2,10,2,8
lccn/sn87056244/1908-01-02,1,6,7,-1
lccn/sn87056244/1910-09-15,1,2,4,-2
lccn/sn87056245/1912-02-08,2,19,6,13
lccn/sn82015679/1903-09-02,1,0,0,0
lccn/sn87056600/1893-07-05,1,8,8,0
lccn/sn87056600/1878-03-27,2,7,5,2
lccn/sn82015679/1903-07-15,1,8,9,-1
lccn/sn87055779/1917-12-31,1,4,7,-3
lccn/sn86092536/1922-04-26,1,5,9,-4
lccn/sn86083264/1902-04-03,2,15,9,6
lccn/sn86083264/1901-12-12,2,7,6,1
lccn/sn83032040/1904-12-08,1,0,0,0
lccn/sn82005159/1862-02-07,1,0,0,0
lccn/sn88064492/1879-09-20,2,15,1,14
lccn/sn88064492/1879-10-25,2,11,3,8
lccn/sn86083264/1908-12-24,2,5,4,1
lccn/sn86083264/1908-08-06,1,9,9,0
lccn/sn86083264/1910-05-26,1,8,16,-8
lccn/sn86083264/1910-11-17,2,14,10,4
lccn/sn86083264/1902-10-23,2,15,2,13
lccn/sn86083264/1902-09-04,1,4,21,-17
lccn/sn86083264/1904-03-24,2,12,4,8
lccn/sn86083264/1906-05-03,2,10,6,4
lccn/sn86083264/1909-07-01,1,1,5,-4
lccn/sn86083264/1909-04-01,1,0,0,0
lccn/sn86083264/1907-12-19,2,9,4,5
lccn/sn85025407/1913-06-20,1,6,22,-16
lccn/sn83045462/1928-09-09,1,10,10,0
lccn/sn89066316/1921-07-14,1,9,15,-6
lccn/sn89066316/1921-05-21,2,6,3,3
lccn/sn89066316/1921-09-16,1,3,6,-3
lccn/sn89066316/1921-04-14,1,5,13,-8
lccn/sn89066316/1921-11-30,2,3,2,1
lccn/sn89066316/1921-11-11,2,10,7,3
lccn/sn85033162/1912-12-20,1,4,4,0
lccn/sn84020613/1901-09-26,2,3,0,3
lccn/sn84026497/1871-11-28,2,10,4,6
lccn/sn94052752/1902-02-13,1,0,0,0
lccn/sn83035366/1856-01-17,2,12,2,10
lccn/sn84026497/1871-11-21,2,28,2,26
lccn/sn84026259/1876-01-27,2,8,6,2
lccn/sn84026259/1876-03-02,1,1,2,-1
lccn/sn84026259/1876-10-12,2,1,0,1
lccn/sn84026497/1875-12-01,1,3,3,0
lccn/sn85025759/1879-09-10,1,4,7,-3
lccn/sn85025759/1879-08-09,2,21,9,12
lccn/sn84026259/1878-06-20,2,7,5,2
lccn/sn85033681/1879-03-12,2,16,8,8
lccn/sn85033681/1881-06-22,2,13,4,9
lccn/sn85033681/1882-05-17,2,2,1,1
lccn/sn85058396/1920-02-17,1,10,10,0
lccn/sn91066782/1921-01-08,1,0,0,0
lccn/sn91066782/1921-01-14,2,5,3,2
lccn/sn95079246/1901-06-21,1,6,13,-7
lccn/sn84026789/1866-04-11,2,4,0,4
lccn/sn84037217/1897-01-21,2,26,12,14
lccn/sn84037217/1921-02-18,2,7,6,1
lccn/sn91066782/1922-01-30,2,13,6,7
lccn/sn91066782/1921-05-21,1,2,17,-15
lccn/sn91066782/1921-06-17,1,3,7,-4
lccn/sn91066782/1920-03-10,1,2,7,-5
lccn/sn83035083/1873-01-30,2,10,1,9
lccn/sn84020613/1899-06-08,1,8,9,-1
lccn/sn84020613/1899-08-12,1,3,4,-1
lccn/sn85025759/1878-06-04,1,0,0,0
lccn/sn92073232/1897-10-28,2,8,4,4
lccn/sn92073232/1895-10-24,2,7,6,1
lccn/sn91066782/1922-10-10,1,3,6,-3
lccn/sn85058397/1913-02-20,2,8,1,7
lccn/sn96086441/1888-06-01,2,5,4,1
lccn/sn91066782/1922-09-05,2,6,4,2
lccn/sn97067589/1909-04-23,1,5,15,-10
lccn/sn84022549/1872-01-05,1,3,15,-12
lccn/sn84022549/1873-09-19,2,7,2,5
lccn/sn84022549/1896-11-18,1,4,6,-2
lccn/sn84022549/1896-07-22,2,9,6,3
lccn/sn84022549/1896-07-29,2,7,6,1
lccn/sn84026788/1895-10-22,2,12,1,11
lccn/sn84026788/1895-10-29,2,9,6,3
lccn/sn84022549/1897-08-25,1,4,11,-7
lccn/sn84022549/1897-08-13,2,14,5,9
lccn/sn84022549/1897-08-18,2,11,6,5
lccn/sn84022871/1885-02-09,1,9,9,0
lccn/sn84022871/1883-12-10,2,12,9,3
lccn/sn84026788/1889-01-22,2,33,9,24
lccn/sn84022549/1897-08-11,2,13,6,7
lccn/sn98069145/1901-07-12,1,1,4,-3
lccn/sn84022548/1860-12-21,1,1,3,-2
lccn/sn98069146/1902-12-24,2,5,3,2
lccn/sn98069145/1901-09-06,1,2,9,-7
lccn/sn98069146/1903-10-23,1,3,6,-3
lccn/sn85059716/1858-01-01,2,9,3,6
lccn/sn84022548/1868-01-31,2,2,0,2
lccn/sn84026994/1865-11-15,2,4,3,1
lccn/sn84026912/1879-08-14,2,12,6,6
lccn/sn86063756/1886-04-15,2,7,1,6
lccn/sn84026965/1879-10-16,1,0,0,0
lccn/sn93067658/1914-09-08,1,6,15,-9
lccn/sn84024448/1886-08-20,2,14,5,9
lccn/sn84024448/1886-08-26,2,12,3,9
lccn/sn84024448/1886-08-27,2,9,7,2
lccn/sn86063790/1903-09-03,2,26,13,13
lccn/sn84024448/1886-09-09,2,15,4,11
lccn/sn84024448/1886-09-12,1,1,11,-10
lccn/sn84024448/1886-09-07,2,9,3,6
lccn/sn84024448/1886-09-16,2,18,8,10
lccn/sn84024448/1886-09-05,2,11,3,8
lccn/sn93067853/1897-04-16,1,5,7,-2
lccn/sn86063790/1903-04-23,1,5,6,-1
lccn/sn84024448/1887-06-29,2,7,2,5
lccn/sn86088181/1885-05-14,2,19,6,13
lccn/sn93067846/1922-10-14,2,19,2,17
lccn/sn84024448/1886-06-19,1,3,9,-6
lccn/sn93067846/1922-02-01,2,7,5,2
lccn/sn86071063/1921-11-17,2,11,6,5
lccn/sn84024448/1887-06-18,2,8,3,5
lccn/sn93067853/1901-10-04,1,3,14,-11
lccn/sn84024448/1887-07-06,1,4,4,0
lccn/sn84024448/1887-03-09,1,5,5,0
lccn/sn84024448/1887-06-28,2,6,2,4
lccn/sn84024448/1887-06-30,2,8,6,2
lccn/sn84024448/1886-09-02,2,5,4,1
lccn/sn84024448/1886-09-02,2,8,0,8
lccn/sn84024448/1886-08-17,2,18,9,9
lccn/sn86064199/1897-09-02,1,8,15,-7
lccn/sn85058396/1919-04-17,2,5,2,3
lccn/sn85058396/1913-07-05,2,10,5,5
lccn/sn85033306/1886-04-09,2,15,4,11
lccn/sn85058396/1913-09-30,1,0,0,0
lccn/sn85033306/1886-07-09,2,7,6,1
lccn/sn84026497/1893-05-24,2,27,12,15
lccn/sn85038115/1869-08-10,1,11,12,-1
lccn/sn85038115/1869-08-17,1,14,14,0
lccn/sn84026497/1887-09-14,2,8,5,3
lccn/sn93067822/1880-01-30,1,12,16,-4
lccn/sn93067822/1879-08-22,2,27,8,19
lccn/sn86063774/1910-11-10,1,1,3,-2
lccn/sn84026920/1874-01-24,1,0,0,0
lccn/sn84026920/1874-01-24,1,12,12,0
lccn/sn84026920/1874-01-24,1,12,14,-2
lccn/sn84026920/1874-01-24,2,14,11,3
lccn/sn85055197/1851-01-22,1,4,8,-4
lccn/sn85038180/1888-01-05,1,14,18,-4
lccn/sn85038115/1885-06-16,2,12,7,5
lccn/sn93067822/1880-04-16,1,1,5,-4
lccn/sn86063774/1920-01-22,1,10,12,-2
lccn/sn83045462/1934-04-07,2,6,1,5
lccn/sn83045462/1934-06-11,1,3,5,-2
lccn/sn83045462/1932-10-27,2,23,21,2
lccn/sn83045462/1934-06-24,2,8,4,4
lccn/sn83045462/1934-06-02,2,6,1,5
lccn/sn83045462/1930-07-28,1,0,0,0
lccn/sn83045462/1930-11-23,1,7,8,-1
lccn/sn83045462/1934-07-21,1,2,3,-1
lccn/sn83045462/1934-04-14,2,2,0,2
lccn/sn83045462/1934-07-09,2,23,18,5
lccn/sn85067315/1897-12-23,2,23,16,7
lccn/sn83045462/1930-10-02,1,6,12,-6
lccn/sn83045462/1930-10-16,2,10,5,5
lccn/sn83045462/1930-12-14,1,9,19,-10
lccn/sn83045462/1934-03-17,2,7,3,4
lccn/sn83045462/1932-09-07,1,1,6,-5
lccn/sn83045462/1934-08-25,2,3,1,2
lccn/sn83045462/1933-01-02,1,0,0,0
lccn/sn85035720/1921-06-28,2,7,2,5
lccn/sn83045462/1944-12-11,2,11,4,7
lccn/sn78002169/1946-02-18,2,11,5,6
lccn/sn85035720/1921-04-11,1,1,9,-8
lccn/sn78000873/1916-05-11,2,6,0,6
lccn/sn78000873/1916-06-01,1,1,3,-2
lccn/sn78000873/1916-11-02,2,14,4,10
lccn/sn78000873/1916-07-27,2,17,4,13
lccn/sn78000873/1914-03-05,2,14,12,2
lccn/sn78000873/1914-08-20,1,6,7,-1
lccn/sn78000873/1918-02-21,2,10,4,6
lccn/sn83045462/1945-02-20,1,3,11,-8
lccn/sn83045462/1945-02-14,1,1,4,-3
lccn/sn83045462/1945-02-22,2,8,2,6
lccn/sn83045462/1945-07-12,1,1,15,-14
lccn/sn86092518/1885-10-01,1,16,16,0
lccn/sn86092518/1888-07-20,2,3,2,1
lccn/sn86092518/1888-06-09,2,9,6,3
lccn/sn83045462/1945-04-15,1,3,3,0
lccn/sn83045462/1945-04-12,2,8,7,1
lccn/sn83045462/1945-05-27,1,3,6,-3
lccn/sn83045462/1945-05-27,2,18,3,15
lccn/sn83045462/1945-04-08,2,10,1,9
lccn/sn87068097/1890-06-17,2,7,2,5
lccn/sn85035720/1922-11-13,2,10,5,5
lccn/sn85035720/1921-10-27,2,8,4,4
lccn/sn85035720/1921-10-21,1,7,9,-2
lccn/sn85035720/1922-05-20,2,12,3,9
lccn/sn78002169/1946-02-16,2,11,6,5
lccn/sn85035720/1922-06-24,2,8,4,4
lccn/sn83045462/1943-01-17,2,7,1,6
lccn/sn83045462/1943-06-20,2,20,9,11
lccn/sn83045462/1942-12-14,1,4,4,0
lccn/sn83045462/1943-01-04,1,0,0,0
lccn/sn83045462/1943-01-30,1,0,0,0
lccn/sn83045462/1936-12-26,1,5,18,-13
lccn/sn78000873/1922-09-21,1,5,7,-2
lccn/sn83045462/1937-01-03,2,31,1,30
lccn/sn83045462/1937-01-02,2,9,1,8
lccn/sn78000873/1919-04-24,2,4,3,1
lccn/sn83045462/1940-02-21,1,2,5,-3
lccn/sn83045462/1943-10-09,2,8,5,3
lccn/sn78000873/1910-02-10,2,12,0,12
lccn/sn78000873/1913-05-15,2,7,5,2
lccn/sn78000873/1913-07-31,1,4,5,-1
lccn/sn78000873/1907-03-14,2,4,1,3
lccn/sn83045462/1943-04-14,2,17,3,14
lccn/sn83045462/1943-04-01,1,0,8,-8
lccn/sn78000873/1914-12-17,2,18,15,3
lccn/sn78000873/1915-06-24,1,3,3,0
lccn/sn78002169/1943-01-23,2,10,7,3
lccn/sn78002169/1942-01-04,1,0,0,0
lccn/sn78002169/1943-07-28,2,14,2,12
lccn/sn78002169/1943-07-29,2,14,3,11
lccn/sn78002169/1943-03-29,2,22,5,17
lccn/sn78002169/1941-04-30,2,28,2,26
lccn/sn90051265/1896-02-06,2,6,2,4
lccn/sn86063397/1900-05-29,2,8,7,1
lccn/sn83045462/1937-08-14,1,1,4,-3
lccn/sn83045462/1937-08-07,1,3,4,-1
lccn/sn83045462/1937-08-15,1,0,1,-1
lccn/sn83045462/1937-07-24,1,3,4,-1
lccn/sn83045462/1937-07-10,2,2,0,2
lccn/sn83045462/1937-08-21,2,4,1,3
lccn/sn83045462/1933-09-23,1,5,5,0
lccn/sn83045462/1933-09-18,1,2,8,-6
lccn/sn83045462/1933-09-09,1,5,7,-2
lccn/sn83045462/1933-10-21,2,6,2,4
lccn/sn83045462/1933-11-04,2,4,3,1
lccn/sn83045462/1935-09-01,1,0,0,0
lccn/sn83045462/1937-10-29,2,13,0,13
lccn/sn83045462/1935-10-19,2,6,1,5
lccn/sn88065726/1919-04-04,1,2,7,-5
lccn/sn83045462/1933-12-24,1,3,6,-3
lccn/sn83045462/1934-01-27,1,2,5,-3
lccn/sn83045462/1934-02-17,2,8,0,8
lccn/sn83045462/1934-03-03,2,3,2,1
lccn/sn83045462/1933-10-14,2,4,0,4
lccn/sn88065726/1919-06-11,2,18,5,13
lccn/sn83045462/1933-11-05,2,8,0,8
lccn/sn83045462/1933-11-05,1,2,5,-3
lccn/sn84022046/1866-12-08,2,11,1,10
lccn/sn84022046/1867-03-07,2,22,10,12
lccn/sn83045462/1937-07-17,1,1,6,-5
lccn/sn83045462/1937-07-31,2,5,4,1
lccn/sn83045462/1937-09-04,2,9,1,8
lccn/sn83045462/1935-10-13,2,17,2,15
lccn/sn83045462/1937-10-08,2,13,9,4
lccn/sn83045462/1935-10-05,2,12,3,9
lccn/sn88065721/1905-09-02,2,6,3,3
lccn/sn88065721/1905-06-26,2,26,8,18
lccn/sn83045462/1937-09-11,2,9,0,9
lccn/sn88065721/1900-01-05,1,0,0,0
lccn/sn85035720/1917-05-23,2,6,5,1
lccn/sn85035720/1917-06-07,1,5,14,-9
lccn/sn85035720/1918-06-22,1,6,8,-2
lccn/sn85035720/1918-04-25,1,13,13,0
lccn/sn85035720/1918-02-14,1,6,9,-3
lccn/sn85035720/1916-12-02,2,14,1,13
lccn/sn85035720/1917-03-08,1,3,7,-4
lccn/sn85035720/1917-09-24,2,11,8,3
lccn/sn85035720/1918-01-07,1,5,7,-2
lccn/sn83045462/1935-06-30,2,7,6,1
lccn/sn83045462/1935-11-16,2,7,3,4
lccn/sn83045462/1935-11-09,2,8,1,7
lccn/sn83045462/1933-05-19,1,4,9,-5
lccn/sn83045462/1933-03-22,2,8,4,4
lccn/sn83045462/1933-01-24,2,20,4,16
lccn/sn83045462/1933-02-17,1,5,13,-8
lccn/sn83045462/1929-12-15,1,1,3,-2
lccn/sn83045462/1929-12-15,2,14,4,10
lccn/sn83045462/1929-12-18,1,6,9,-3
lccn/sn83045462/1931-01-03,2,6,0,6
lccn/sn83045462/1933-04-05,1,6,8,-2
lccn/sn83045462/1930-06-05,2,6,1,5
lccn/sn83045462/1930-06-10,1,1,13,-12
lccn/sn83045462/1931-06-20,2,34,5,29
lccn/sn83045462/1931-11-22,2,12,8,4
lccn/sn83045462/1936-05-23,1,5,5,0
lccn/sn88065726/1920-03-26,2,8,2,6
lccn/sn83009667/1922-12-21,2,5,2,3
lccn/sn83045462/1936-03-07,1,2,7,-5
lccn/sn83045462/1936-03-07,2,4,2,2
lccn/sn88065726/1921-04-22,2,10,7,3
lccn/sn83045462/1935-11-21,2,7,5,2
lccn/sn83045462/1935-11-23,1,1,2,-1
lccn/sn83045462/1937-04-17,1,4,7,-3
lccn/sn85025350/1912-06-08,2,11,3,8
lccn/sn85025350/1912-06-08,2,11,3,8
lccn/sn90051265/1897-07-15,2,12,10,2
lccn/sn90051265/1900-05-25,1,0,0,0
lccn/sn84027183/1873-09-18,1,0,0,0
lccn/sn83045462/1935-01-05,2,9,3,6
lccn/sn83045462/1932-05-01,1,6,7,-1
lccn/sn83045462/1932-05-12,2,10,3,7
lccn/sn83045462/1935-03-17,1,6,8,-2
lccn/sn83045462/1935-04-27,2,3,0,3
lccn/sn83045462/1931-12-05,2,3,0,3
lccn/sn83045462/1935-04-25,1,0,0,0
lccn/sn83045462/1932-02-23,2,12,3,9
lccn/sn87058333/1869-08-05,2,10,6,4
lccn/sn87058333/1869-11-04,2,2,0,2
lccn/sn83045462/1935-03-30,2,3,1,2
lccn/sn83045462/1934-09-29,1,3,6,-3
lccn/sn83045462/1934-10-20,2,10,2,8
lccn/sn83045462/1935-01-12,2,3,0,3
lccn/sn83045462/1935-02-02,2,7,4,3
lccn/sn83045462/1935-02-09,1,1,1,0
lccn/sn83045462/1934-10-06,2,7,1,6
lccn/sn83045462/1932-01-29,1,3,8,-5
lccn/sn83045462/1934-10-14,1,3,7,-4
lccn/sn83045462/1935-01-07,1,5,15,-10
lccn/sn83045462/1931-12-24,2,6,0,6
lccn/sn87058348/1859-05-19,2,8,5,3
lccn/sn83045462/1929-04-07,2,5,3,2
lccn/sn83045462/1929-04-24,1,0,0,0
lccn/sn83045462/1929-08-28,1,2,4,-2
lccn/sn83045462/1929-05-21,2,2,1,1
lccn/sn83045462/1930-01-31,1,6,7,-1
lccn/sn83045462/1929-11-03,1,0,0,0
lccn/sn83045462/1929-11-03,1,0,0,0
lccn/sn87058042/1861-12-06,2,6,1,5
lccn/sn83045462/1929-07-09,1,5,6,-1
lccn/sn83045462/1929-07-10,2,5,4,1
lccn/sn83045462/1929-03-08,2,5,3,2
lccn/sn83045462/1930-01-30,1,8,10,-2
lccn/sn83025161/1867-12-27,2,10,9,1
lccn/sn87065327/1911-04-21,2,15,10,5
lccn/sn87065327/1906-01-26,2,8,7,1
lccn/sn86086499/1906-11-10,1,0,0,0
lccn/sn85040652/1921-07-23,1,1,1,0
lccn/sn85040451/1904-09-14,1,3,14,-11
lccn/sn85040451/1903-04-01,1,8,9,-1
lccn/sn85040451/1909-02-10,1,0,0,0
lccn/sn85040451/1907-08-14,1,5,5,0
lccn/sn83016025/1895-05-03,2,13,7,6
lccn/sn85042354/1909-05-31,2,6,3,3
lccn/sn89060092/1910-06-03,2,2,0,2
lccn/sn89060092/1911-03-17,2,15,4,11
lccn/sn88065721/1891-04-16,2,3,0,3
lccn/sn85042354/1908-10-09,2,13,5,8
lccn/sn85042354/1908-10-26,1,5,6,-1
lccn/sn85042354/1909-02-10,1,4,8,-4
lccn/sn85042354/1908-05-25,2,10,4,6
lccn/sn87068192/1897-05-06,1,0,0,0
lccn/sn88065721/1891-06-27,2,16,2,14
lccn/sn83045462/1939-07-18,1,3,7,-4
lccn/sn83045462/1939-07-18,1,5,8,-3
lccn/sn84022046/1880-06-17,1,2,3,-1
lccn/sn84022046/1880-06-24,2,4,1,3
lccn/sn84022046/1882-01-14,1,6,12,-6
lccn/sn78002169/1946-08-12,2,25,2,23
lccn/sn78002169/1946-08-26,2,18,1,17
lccn/sn78002169/1946-08-15,2,14,0,14
lccn/sn78002169/1946-08-10,2,16,3,13
lccn/sn78002169/1946-08-14,2,18,9,9
lccn/sn78002169/1946-08-21,2,13,2,11
lccn/sn78002169/1946-08-08,2,20,6,14
lccn/sn78002169/1946-08-07,2,12,2,10
lccn/sn78002169/1946-08-19,2,15,0,15
lccn/sn78002169/1946-08-20,2,15,1,14
lccn/sn78002169/1946-09-20,1,4,5,-1
lccn/sn78002169/1946-09-21,1,0,0,0
lccn/sn78002169/1947-04-29,2,6,3,3
lccn/sn83045646/1865-06-24,2,6,5,1
lccn/sn83045462/1939-04-30,1,0,0,0
lccn/sn83045462/1939-02-11,1,2,5,-3
lccn/sn78002169/1947-12-14,2,11,8,3
lccn/sn78002169/1947-06-24,1,3,3,0
lccn/sn83045462/1944-03-02,2,14,11,3
lccn/sn83045462/1943-11-28,2,11,5,6
lccn/sn83045462/1943-12-15,1,4,4,0
lccn/sn83045462/1943-12-15,1,3,14,-11
lccn/sn86074065/1906-04-28,2,4,3,1
lccn/sn86074065/1908-03-18,2,16,15,1
lccn/sn86074065/1907-10-12,1,2,5,-3
lccn/sn83045462/1944-04-23,2,14,3,11
lccn/sn83045462/1944-04-09,2,5,2,3
lccn/sn85042354/1897-12-02,1,5,6,-1
lccn/sn85042354/1900-08-07,2,23,10,13
lccn/sn85042354/1901-02-26,1,16,18,-2
lccn/sn85042354/1900-10-03,1,1,1,0
lccn/sn85042354/1901-06-28,1,2,3,-1
lccn/sn83045462/1943-11-07,2,4,1,3
lccn/sn83045462/1944-02-04,2,5,4,1
lccn/sn83045462/1947-06-18,2,11,5,6
lccn/sn83045462/1946-07-19,1,1,8,-7
lccn/sn83045462/1938-11-14,1,1,12,-11
lccn/sn83045462/1946-08-28,2,10,0,10
lccn/sn83045462/1947-04-20,2,16,2,14
lccn/sn83045462/1938-11-22,1,3,10,-7
lccn/sn85035720/1915-09-23,2,11,10,1
lccn/sn85035720/1915-09-11,1,4,6,-2
lccn/sn85035720/1909-01-13,2,11,8,3
lccn/sn86074064/1893-11-07,1,0,0,0
lccn/sn86074063/1897-05-19,2,24,8,16
lccn/sn86074063/1898-12-14,2,12,6,6
lccn/sn87065175/1884-10-30,2,12,2,10
lccn/2018270504/1879-09-20,2,7,5,2
lccn/sn87065175/1884-11-06,2,8,5,3
lccn/2018270504/1881-10-01,2,6,2,4
lccn/sn85042354/1896-01-10,1,0,6,-6
lccn/sn86074063/1902-01-29,1,5,6,-1
lccn/sn83045462/1946-11-28,1,0,0,0
lccn/sn83045462/1946-12-09,2,6,4,2
lccn/sn83045462/1946-12-07,1,2,2,0
lccn/sn83045462/1946-12-05,1,3,11,-8
lccn/sn83045462/1946-10-27,2,7,0,7
lccn/sn85042354/1891-05-01,2,16,6,10
lccn/sn85035720/1907-05-02,1,5,8,-3
lccn/sn85035720/1913-09-25,2,8,1,7
lccn/sn85035720/1913-09-08,2,6,0,6
lccn/sn83045462/1938-07-31,1,0,0,0
lccn/sn85035720/1913-10-28,2,9,7,2
lccn/sn85042354/1889-02-06,1,4,4,0
lccn/sn85042354/1889-08-27,2,7,5,2
lccn/sn85042354/1890-10-22,1,7,7,0
lccn/sn83045462/1948-04-04,2,14,4,10
lccn/sn83045462/1947-09-28,2,8,1,7
lccn/sn83045462/1948-04-13,1,6,10,-4
lccn/sn83045462/1948-08-10,1,3,4,-1
lccn/sn83045462/1948-08-10,2,5,3,2
lccn/sn83045462/1948-08-09,1,1,6,-5
lccn/sn83045462/1948-04-22,1,2,11,-9
lccn/sn83045462/1948-04-27,1,6,6,0
lccn/sn83045462/1947-01-05,1,4,4,0
lccn/sn84022044/1878-06-02,2,4,3,1
lccn/sn87068097/1903-05-02,1,0,0,0
lccn/sn86074065/1914-04-22,2,18,12,6
lccn/sn86074065/1922-10-11,2,9,3,6
lccn/sn86074065/1915-12-22,2,9,5,4
lccn/sn86074065/1915-12-08,2,22,3,19
lccn/sn86074065/1914-01-14,2,8,4,4
lccn/sn86074065/1914-12-05,1,3,10,-7
lccn/sn86074065/1921-05-25,2,29,12,17
lccn/sn86074065/1919-10-08,1,5,5,0
lccn/sn86074065/1909-04-10,2,10,2,8
lccn/sn87068097/1900-01-19,2,11,1,10
lccn/sn82014519/1926-03-05,2,8,3,5
lccn/sn82014519/1926-04-01,2,11,4,7
lccn/sn82014519/1926-01-23,2,6,3,3
lccn/sn82014519/1926-01-30,1,2,9,-7
lccn/sn82014519/1926-01-19,1,5,8,-3
lccn/sn85042354/1917-09-24,2,9,5,4
lccn/sn85042354/1916-06-29,1,0,0,0
lccn/sn85042354/1917-03-22,2,4,2,2
lccn/sn85042354/1917-03-24,2,5,4,1
lccn/sn85042354/1917-04-23,2,4,3,1
lccn/sn87065567/1896-08-20,2,9,5,4
lccn/sn89053684/1902-03-28,2,12,3,9
lccn/sn89053684/1902-06-27,1,0,3,-3
lccn/sn89053684/1903-03-18,2,3,1,2
lccn/sn89053684/1902-10-01,2,20,6,14
lccn/sn82014519/1922-05-13,2,8,5,3
lccn/sn82014519/1922-10-18,1,4,7,-3
lccn/sn85042224/1912-01-27,2,7,5,2
lccn/sn85042224/1912-01-23,2,10,5,5
lccn/sn85042224/1914-06-10,2,12,9,3
lccn/sn85042224/1912-04-30,2,21,7,14
lccn/sn85042224/1912-08-15,2,7,5,2
lccn/sn85042224/1913-10-04,2,11,1,10
lccn/sn85042224/1914-02-06,2,6,1,5
lccn/sn85042224/1913-12-27,2,11,5,6
lccn/sn85042224/1914-01-01,1,4,7,-3
lccn/sn85042224/1914-03-30,1,9,13,-4
lccn/sn85042224/1914-02-24,2,18,4,14
lccn/sn85042224/1913-06-14,1,8,9,-1
lccn/sn85042224/1913-05-19,2,11,5,6
lccn/sn85042224/1913-08-23,1,5,7,-2
lccn/sn85042224/1913-11-20,1,8,11,-3
lccn/sn85042224/1913-11-05,2,20,4,16
lccn/sn85042224/1913-09-03,1,4,8,-4
lccn/sn86074053/1917-04-26,2,15,4,11
lccn/sn82014519/1925-06-22,1,3,10,-7
lccn/sn82014519/1925-09-10,2,7,6,1
lccn/sn82014519/1925-10-10,2,8,1,7
lccn/sn82014519/1925-09-28,2,11,7,4
lccn/sn89053684/1904-03-16,2,4,3,1
lccn/sn82014519/1925-04-14,2,4,3,1
lccn/sn89053684/1903-10-02,2,24,6,18
lccn/sn89053684/1903-09-29,2,7,5,2
lccn/sn89053684/1903-10-31,1,0,0,0
lccn/sn85042354/1919-08-25,1,1,6,-5
lccn/sn85042354/1919-08-01,2,10,2,8
lccn/sn85042354/1919-07-30,1,3,5,-2
lccn/sn85042354/1918-09-25,2,5,3,2
lccn/sn86092536/1914-05-01,2,5,3,2
lccn/sn86092536/1914-05-14,1,3,5,-2
lccn/sn85042243/1926-02-05,1,5,7,-2
lccn/sn86092536/1915-02-24,1,4,4,0
lccn/sn86092536/1915-02-05,2,2,0,2
lccn/sn85042243/1927-02-16,2,8,6,2
lccn/sn85042243/1927-02-21,2,9,4,5
lccn/sn85042243/1927-02-22,2,4,3,1
lccn/sn85042243/1926-11-12,2,5,1,4
lccn/sn85042243/1927-09-09,2,8,2,6
lccn/sn85042243/1927-05-26,2,10,1,9
lccn/sn85042243/1926-05-14,2,14,7,7
lccn/sn85042243/1926-06-11,1,5,6,-1
lccn/sn85042243/1928-03-01,1,4,4,0
lccn/sn85042243/1927-12-29,2,4,0,4
lccn/sn85042243/1928-06-02,1,5,14,-9
lccn/sn82014519/1924-02-23,1,9,12,-3
lccn/sn82014519/1924-03-05,2,7,2,5
lccn/sn82014519/1924-04-02,1,2,4,-2
lccn/sn82014519/1924-03-19,1,2,4,-2
lccn/sn82014519/1924-05-07,1,4,9,-5
lccn/sn82014519/1924-01-02,2,4,1,3
lccn/sn82014519/1923-11-01,1,2,5,-3
lccn/sn86092536/1915-09-22,2,10,6,4
lccn/sn82015679/1885-07-03,2,10,9,1
lccn/sn82015679/1885-09-12,2,12,3,9
lccn/sn82015679/1885-06-19,1,3,6,-3
lccn/sn82015679/1884-11-23,2,11,10,1
lccn/sn82015679/1884-05-08,1,6,8,-2
lccn/sn82015679/1884-04-23,1,0,0,0
lccn/sn82015679/1884-04-05,2,14,8,6
lccn/sn82015679/1883-05-14,1,6,7,-1
lccn/sn82015289/1885-08-06,2,5,1,4
lccn/sn82015679/1885-11-19,2,20,8,12
lccn/sn87065498/1920-04-09,2,4,3,1
lccn/sn82015289/1889-05-14,2,14,3,11
lccn/sn85047611/1921-01-12,1,4,4,0
lccn/sn85047611/1921-05-19,2,39,8,31
lccn/sn89051213/1922-03-02,2,13,2,11
lccn/sn89051213/1921-04-28,1,4,14,-10
lccn/sn85042243/1928-09-04,1,5,5,0
lccn/sn85047611/1920-10-23,1,0,0,0
lccn/sn85047611/1920-05-25,2,7,4,3
lccn/sn85047611/1921-09-26,2,7,1,6
lccn/sn85047611/1922-06-10,1,3,6,-3
lccn/sn85042243/1929-02-07,2,2,0,2
lccn/sn82015679/1884-06-28,2,7,6,1
lccn/sn83045462/1931-04-30,2,8,5,3
lccn/sn83045462/1929-12-20,2,6,5,1
lccn/sn83045462/1931-02-21,2,6,0,6
lccn/sn83045462/1931-01-28,1,3,4,-1
lccn/sn83025167/1869-04-02,1,8,9,-1
lccn/sn83045462/1931-09-26,1,0,0,0
lccn/sn83045462/1933-08-12,1,1,1,0
lccn/sn84027398/1869-10-07,2,21,7,14
lccn/sn84027238/1866-10-10,2,11,2,9
lccn/sn83045462/1933-06-26,2,10,3,7
lccn/sn83045462/1933-06-22,1,0,0,0
lccn/sn84027398/1863-10-22,1,0,0,0
lccn/sn83032103/1874-10-22,1,0,0,0
lccn/sn83032103/1874-10-29,2,8,4,4
lccn/sn84027718/1901-08-29,1,5,12,-7
lccn/sn83032103/1874-11-05,1,0,0,0
lccn/sn83032103/1874-11-12,1,0,0,0
lccn/sn84027718/1889-08-28,2,7,6,1
lccn/sn84027718/1889-09-04,1,4,6,-2
lccn/sn83032103/1859-01-08,1,0,0,0
lccn/sn84027718/1889-06-26,2,7,2,5
lccn/sn83016025/1885-09-22,2,12,11,1
lccn/sn83032103/1883-08-30,2,4,1,3
lccn/sn83032103/1883-08-16,2,7,2,5
lccn/sn83032103/1883-08-23,2,13,3,10
lccn/sn83016025/1888-10-25,2,15,6,9
lccn/sn83016025/1888-11-01,2,20,2,18
lccn/sn86063034/1900-02-19,1,6,18,-12
lccn/sn89053684/1901-11-12,2,7,5,2
lccn/sn89053684/1901-07-15,2,11,4,7
lccn/sn89053684/1901-07-28,2,10,3,7
lccn/sn89053684/1901-07-29,1,5,6,-1
lccn/sn89053684/1901-07-21,2,8,4,4
lccn/sn89053684/1901-07-22,1,5,15,-10
lccn/sn89053684/1901-08-11,2,11,1,10
lccn/sn89053684/1901-08-12,2,9,2,7
lccn/sn89053684/1901-08-08,2,10,0,10
lccn/sn89053684/1901-08-09,2,13,3,10
lccn/sn89053684/1901-08-13,1,13,15,-2
lccn/sn89053684/1901-08-14,2,20,7,13
lccn/sn89053684/1901-06-01,2,11,1,10
lccn/sn89053684/1901-08-18,1,3,4,-1
lccn/sn89053684/1901-08-19,2,8,7,1
lccn/sn89053684/1901-08-25,2,17,5,12
lccn/sn89053684/1901-08-26,2,11,5,6
lccn/sn89053684/1901-09-01,2,23,7,16
lccn/sn89053684/1901-09-02,2,37,5,32
lccn/sn89053684/1901-08-22,2,11,1,10
lccn/sn89053684/1901-08-23,2,9,2,7
lccn/sn89053684/1901-08-20,2,12,2,10
lccn/sn89053684/1901-08-21,2,18,8,10
lccn/sn89053684/1901-09-03,2,12,7,5
lccn/sn89053684/1901-09-04,2,13,5,8
lccn/sn89053684/1901-08-30,2,8,6,2
lccn/sn89053684/1901-09-05,2,7,5,2
lccn/sn89053684/1901-09-06,2,16,5,11
lccn/sn89053684/1901-07-10,2,15,4,11
lccn/sn89053684/1901-07-18,2,20,4,16
lccn/sn89053684/1901-07-19,1,2,2,0
lccn/sn89053684/1901-07-23,1,9,9,0
lccn/sn89053684/1901-07-24,2,9,3,6
lccn/sn89053684/1901-07-03,1,3,4,-1
lccn/sn89053684/1901-07-16,1,0,0,0
lccn/sn89053684/1901-07-17,2,12,4,8
lccn/sn89053684/1901-07-25,1,9,13,-4
lccn/sn89053684/1901-07-26,2,8,5,3
lccn/sn89053684/1901-07-20,2,19,2,17
lccn/sn89053684/1901-07-27,2,17,4,13
lccn/sn89053684/1901-07-08,2,17,5,12
lccn/sn89053684/1901-11-05,2,23,3,20
lccn/sn89053684/1901-07-30,2,19,4,15
lccn/sn89053684/1901-07-31,2,7,2,5
lccn/sn89053684/1901-08-01,2,9,7,2
lccn/sn89053684/1901-08-02,2,12,4,8
lccn/sn89053684/1901-08-27,2,14,3,11
lccn/sn89053684/1901-08-28,2,21,9,12
lccn/sn89053684/1901-08-07,2,10,5,5
lccn/sn89053684/1901-08-15,2,13,2,11
lccn/sn89053684/1901-08-16,2,8,1,7
lccn/sn89053684/1901-08-17,2,12,4,8
lccn/sn89053684/1901-08-24,2,14,3,11
lccn/sn89053684/1901-08-29,2,10,1,9
lccn/sn89053684/1901-08-10,2,9,2,7
lccn/sn86063034/1900-04-25,2,7,1,6
lccn/sn86092536/1911-06-09,2,10,4,6
lccn/sn86092536/1911-04-29,2,3,0,3
lccn/sn89053684/1901-07-11,2,21,5,16
lccn/sn89053684/1901-07-12,2,12,4,8
lccn/sn86092536/1912-07-06,2,8,4,4
lccn/sn89053684/1901-01-15,2,9,4,5
lccn/sn89053684/1901-05-07,1,0,0,0
lccn/sn86092536/1912-09-02,1,6,10,-4
lccn/sn89051343/1859-03-04,1,1,1,0
lccn/sn89051343/1859-03-11,1,0,0,0
lccn/sn89051343/1859-02-11,2,8,2,6
lccn/sn89051343/1859-02-18,2,14,2,12
lccn/sn85042224/1910-12-10,1,8,8,0
lccn/sn83016689/1916-09-16,1,1,1,0
lccn/sn85040451/1913-12-03,2,8,3,5
lccn/sn85040451/1913-09-10,2,6,1,5
lccn/sn83016689/1916-08-12,2,10,4,6
lccn/sn85040451/1917-10-24,2,7,2,5
lccn/sn85040451/1919-09-17,2,8,7,1
lccn/sn85040451/1919-06-04,1,2,8,-6
lccn/sn86092536/1913-05-03,2,8,4,4
lccn/sn86063034/1895-11-14,1,2,3,-1
lccn/sn86063034/1895-03-23,2,11,5,6
lccn/sn86063034/1895-09-05,2,12,3,9
lccn/sn86063034/1887-08-04,2,16,1,15
lccn/sn86063034/1887-08-27,2,9,0,9
lccn/sn86063034/1887-08-25,2,12,2,10
lccn/sn86063034/1887-08-30,2,18,2,16
lccn/sn86063034/1887-07-28,2,30,5,25
lccn/sn86063034/1887-08-16,2,16,3,13
lccn/sn86063034/1887-08-18,2,19,0,19
lccn/sn86063034/1887-07-30,2,7,6,1
lccn/sn86063034/1887-08-06,2,11,7,4
lccn/sn86063034/1887-08-09,2,19,4,15
lccn/sn86063034/1887-08-13,2,16,1,15
lccn/sn86063034/1887-09-01,2,12,1,11
lccn/sn86063034/1887-09-08,1,0,0,0
lccn/sn86063034/1887-09-06,2,9,4,5
lccn/sn86063034/1888-09-13,2,15,3,12
lccn/sn86063034/1888-08-02,2,17,4,13
lccn/sn86063034/1888-08-30,2,20,5,15
lccn/sn86063034/1888-08-28,2,27,2,25
lccn/sn86063034/1888-08-25,2,9,5,4
lccn/sn86063034/1888-09-01,2,11,4,7
lccn/sn86063034/1888-08-09,2,15,7,8
lccn/sn86063034/1888-08-16,2,17,2,15
lccn/sn85042224/1903-11-30,1,10,15,-5
lccn/sn82015137/1885-04-10,1,8,8,0
lccn/sn87065632/1906-04-27,2,4,3,1
lccn/sn87065632/1908-03-27,2,22,7,15
lccn/sn85042224/1905-09-04,2,9,3,6
lccn/sn89060092/1895-05-03,2,7,5,2
lccn/sn85042354/1903-02-28,1,7,8,-1
lccn/sn85042354/1906-11-14,1,0,0,0
lccn/sn85042354/1906-11-13,1,8,13,-5
lccn/sn84022137/1888-04-11,2,9,4,5
lccn/sn85025202/1864-05-14,1,5,7,-2
lccn/sn78000873/1896-06-04,1,4,4,0
lccn/sn78000873/1892-04-21,2,7,0,7
lccn/sn78000873/1897-01-21,2,5,3,2
lccn/sn78000873/1895-10-03,2,8,4,4
lccn/sn78000873/1900-02-08,1,9,15,-6
lccn/sn78000873/1901-01-03,2,14,7,7
lccn/sn78000873/1902-11-13,1,0,0,0
lccn/sn78000873/1897-12-09,1,7,9,-2
lccn/sn83045462/1941-10-19,1,0,4,-4
lccn/sn83045462/1941-10-25,2,5,2,3
lccn/sn83045462/1941-08-31,1,9,9,0
lccn/sn83045462/1942-09-16,1,11,13,-2
lccn/sn83045462/1942-09-16,2,4,2,2
lccn/sn83045462/1936-02-01,1,1,4,-3
lccn/sn78002169/1940-01-21,2,8,6,2
lccn/sn83045462/1942-10-08,2,20,10,10
lccn/sn92051501/1909-06-16,1,12,12,0
lccn/sn92051501/1908-09-23,2,5,4,1
lccn/sn92051501/1910-06-29,2,13,3,10
lccn/sn92051501/1916-10-19,2,8,3,5
lccn/sn92051501/1916-03-08,1,3,3,0
lccn/sn92051501/1915-06-23,1,9,9,0
lccn/sn92051501/1917-01-25,2,16,6,10
lccn/sn92051501/1918-06-13,2,8,1,7
lccn/sn92051501/1920-09-09,1,3,11,-8
lccn/sn92051501/1920-03-04,2,6,2,4
lccn/sn92051501/1920-04-08,1,2,7,-5
lccn/sn92051501/1920-04-15,1,2,7,-5
lccn/sn92051501/1920-02-12,1,4,5,-1
lccn/sn92051501/1920-02-19,2,9,1,8
lccn/sn92051501/1919-07-10,2,10,4,6
lccn/sn92051501/1920-06-17,1,2,3,-1
lccn/sn83045462/1941-09-28,1,8,10,-2
lccn/sn92051501/1914-04-15,1,5,8,-3
lccn/sn92051501/1914-05-20,2,11,3,8
lccn/sn92051501/1912-09-18,2,14,10,4
lccn/sn92051501/1904-09-21,2,7,3,4
lccn/sn92051501/1906-06-27,1,8,15,-7
lccn/sn92051501/1896-03-05,2,17,8,9
lccn/sn92051501/1887-09-15,2,6,4,2
lccn/sn92051501/1894-05-10,2,17,11,6
lccn/sn92051501/1922-06-08,1,0,3,-3
lccn/sn92051501/1922-06-15,2,14,4,10
lccn/sn92051501/1921-12-29,1,7,8,-1
lccn/sn92051501/1922-04-20,1,4,8,-4
lccn/sn78002169/1940-09-04,1,0,0,0
lccn/sn83045462/1942-07-27,1,0,8,-8
lccn/sn83045462/1942-07-27,1,5,6,-1
lccn/sn83045462/1936-01-25,2,6,1,5
lccn/sn83045462/1942-07-30,1,4,7,-3
lccn/sn78002169/1940-04-20,2,14,2,12
lccn/sn88065721/1895-02-07,1,11,16,-5
lccn/sn85042224/1911-11-10,2,8,5,3
lccn/sn85042224/1911-11-29,2,13,1,12
lccn/sn85042224/1909-09-01,2,11,2,9
lccn/sn85042224/1909-12-22,1,6,10,-4
lccn/sn85042224/1910-02-16,2,13,3,10
lccn/sn85040451/1910-10-26,2,6,4,2
lccn/sn90059591/1896-04-15,1,5,7,-2
lccn/sn85040451/1910-02-02,2,23,0,23
lccn/sn85042224/1911-02-18,2,15,6,9
lccn/sn85042224/1911-03-20,2,11,6,5
lccn/sn85042224/1911-03-14,1,1,1,0
lccn/sn85042224/1911-04-12,2,12,3,9
lccn/sn85042224/1910-08-25,2,15,2,13
lccn/sn85042224/1910-08-31,1,5,10,-5
lccn/sn86063034/1899-11-29,1,0,0,0
lccn/sn82014519/1923-03-12,2,4,3,1
lccn/sn84026881/1859-04-13,1,0,0,0
lccn/sn83016025/1898-05-10,1,14,21,-7
lccn/sn83016025/1898-09-30,2,15,5,10
lccn/sn83016025/1901-01-31,1,1,2,-1
lccn/sn86063034/1890-08-24,2,13,3,10
lccn/sn86063034/1890-09-19,1,9,16,-7
lccn/sn86063034/1890-11-18,2,15,13,2
lccn/sn83045462/1950-06-17,1,5,8,-3
lccn/sn83045462/1949-11-29,2,9,6,3
lccn/sn92074060/1944-09-29,1,6,8,-2
lccn/sn85025007/1841-05-08,1,0,0,0
lccn/sn85025007/1841-05-17,1,0,0,0
lccn/sn85025007/1841-05-22,2,10,2,8
lccn/sn85025007/1841-05-13,2,3,1,2
lccn/sn85025007/1841-05-01,1,0,0,0
lccn/sn85025007/1841-04-15,1,0,0,0
lccn/sn85025007/1841-04-27,2,7,2,5
lccn/sn85025007/1841-04-24,2,4,1,3
lccn/sn85025007/1841-04-03,2,5,4,1
lccn/sn85025007/1841-04-05,2,9,8,1
lccn/sn85025007/1841-03-29,2,11,6,5
lccn/sn85025007/1841-03-23,1,0,0,0
lccn/sn85025007/1842-05-19,1,0,0,0
lccn/sn83045462/1948-11-23,2,11,7,4
lccn/sn83045462/1948-12-18,1,3,7,-4
lccn/sn85042354/1904-10-18,2,10,1,9
lccn/sn85042354/1903-12-19,2,8,3,5
lccn/sn85035720/1906-09-11,1,7,7,0
lccn/sn85035720/1905-03-02,1,0,0,0
lccn/sn87068097/1899-06-09,1,19,27,-8
lccn/sn85035720/1907-03-20,1,1,13,-12
lccn/sn85035720/1913-02-27,2,4,1,3
lccn/sn85035720/1912-12-28,1,0,0,0
lccn/sn87068097/1893-05-29,2,5,0,5
lccn/sn84022137/1895-04-04,2,28,21,7
lccn/sn85042354/1905-06-17,1,3,7,-4
lccn/sn87062237/1906-01-23,1,1,1,0
lccn/sn83016689/1914-12-07,2,40,27,13
lccn/sn83016689/1914-12-08,2,41,26,15
lccn/sn83016689/1914-06-06,1,4,7,-3
lccn/sn83016689/1914-06-23,2,5,3,2
lccn/sn83016689/1914-09-28,2,45,13,32
lccn/sn83016689/1914-08-27,1,0,0,0
lccn/sn83016689/1913-07-19,1,17,27,-10
lccn/sn85035720/1911-10-11,1,0,0,0
lccn/sn84022053/1876-09-01,2,10,3,7
lccn/sn85035720/1910-09-14,2,10,1,9
lccn/sn86063034/1892-12-25,2,12,7,5
lccn/sn86063034/1897-11-09,2,14,8,6
lccn/sn86063034/1898-06-16,2,11,1,10
lccn/sn86063034/1898-11-08,2,13,3,10
lccn/sn86063034/1899-02-26,1,5,5,0
lccn/sn86063034/1898-02-17,2,16,1,15
lccn/sn86063034/1898-10-02,1,4,16,-12
lccn/sn87065469/1905-09-21,1,3,5,-2
lccn/sn87065469/1892-02-04,1,0,0,0
lccn/sn85042354/1914-05-14,2,4,1,3
lccn/sn87065469/1895-05-16,1,3,3,0
lccn/sn85042354/1914-07-10,2,7,3,4
lccn/sn87065469/1914-03-19,1,8,17,-9
lccn/sn83016025/1899-06-09,2,12,7,5
lccn/sn85042354/1914-12-24,2,6,5,1
lccn/sn86063034/1893-10-01,2,13,1,12
lccn/sn86063034/1893-11-14,1,0,0,0
lccn/sn86063034/1893-10-03,2,27,12,15
lccn/sn86063034/1894-03-14,2,8,1,7
lccn/sn86063034/1893-07-02,2,7,2,5
lccn/sn86063034/1894-10-28,2,4,2,2
lccn/sn87065469/1903-06-18,2,14,8,6
lccn/sn85042354/1915-10-20,2,6,5,1
lccn/sn85042354/1915-10-18,1,8,11,-3
lccn/sn85042354/1915-10-27,2,6,5,1
lccn/sn85042354/1916-02-12,2,9,5,4
lccn/sn85042354/1914-08-29,2,9,7,2
lccn/sn83016689/1915-04-16,2,10,6,4
lccn/sn83016689/1915-07-27,2,28,5,23
lccn/sn83016689/1915-11-13,2,8,6,2
lccn/sn85042243/1923-02-01,1,1,3,-2
lccn/sn96060765/1897-10-02,2,8,3,5
lccn/sn85042224/1909-01-09,2,17,13,4
lccn/sn85042224/1909-05-07,1,10,10,0
lccn/sn85042224/1909-04-08,1,4,4,0
lccn/sn86090369/1914-09-05,2,11,4,7
lccn/sn82015679/1897-10-13,2,4,1,3
lccn/sn82015679/1898-04-24,1,2,6,-4
lccn/sn82015679/1886-09-26,2,23,5,18
lccn/sn82015679/1886-09-19,1,0,0,0
lccn/sn85042354/1912-12-30,1,5,5,0
lccn/sn85042354/1913-01-28,1,2,7,-5
lccn/sn85042354/1911-01-14,2,11,6,5
lccn/sn85042354/1913-06-09,2,2,0,2
lccn/sn85042354/1911-06-03,2,19,8,11
lccn/sn85042224/1908-08-17,1,7,7,0
lccn/sn85042224/1908-08-13,2,20,4,16
lccn/sn86090369/1912-10-15,1,0,0,0
lccn/sn85042224/1908-09-29,1,13,14,-1
lccn/sn91052553/1900-06-01,1,0,0,0
lccn/sn90051672/1921-01-05,2,7,3,4
lccn/sn83045462/1937-05-25,2,6,4,2
lccn/sn83045462/1940-02-08,1,6,9,-3
lccn/sn83045462/1935-12-14,2,6,3,3
lccn/sn83045462/1937-05-29,2,14,3,11
lccn/sn83045462/1936-01-04,2,2,0,2
lccn/sn83045462/1936-01-03,1,2,6,-4
lccn/sn83045462/1937-06-12,2,11,9,2
lccn/sn83045462/1935-12-07,2,7,2,5
lccn/sn83045462/1935-12-28,2,5,1,4
lccn/sn83045462/1936-06-20,2,11,6,5
lccn/sn83045462/1936-06-20,2,7,2,5
lccn/sn83045462/1936-06-03,2,8,5,3
lccn/sn83045462/1937-01-30,1,2,4,-2
lccn/sn83045462/1937-02-14,2,24,4,20
lccn/sn83045462/1937-02-13,2,6,4,2
lccn/sn83045462/1937-01-15,1,6,12,-6
lccn/sn83045462/1937-02-27,1,2,3,-1
lccn/sn83045462/1936-11-21,2,1,0,1
lccn/sn83045462/1936-10-10,2,6,5,1
lccn/sn83045462/1936-10-24,2,4,3,1
lccn/sn83045462/1936-10-26,1,1,4,-3
lccn/sn83045462/1937-03-13,1,14,18,-4
lccn/sn83045462/1937-03-13,1,0,2,-2
lccn/sn83045462/1936-04-11,2,6,0,6
lccn/sn83045462/1936-04-18,2,2,0,2
lccn/sn83045462/1936-03-14,2,3,2,1
lccn/sn83045462/1936-01-18,2,8,1,7
lccn/sn83045462/1936-02-15,2,7,0,7
lccn/sn83045462/1936-01-11,2,6,3,3
lccn/sn83045462/1937-02-06,1,2,2,0
lccn/sn83045462/1937-01-23,2,5,0,5
lccn/sn83045462/1936-11-28,2,2,1,1
lccn/sn83045462/1936-12-05,1,1,2,-1
lccn/sn83045462/1937-02-02,2,11,2,9
lccn/sn83045462/1937-04-24,2,11,1,10
lccn/sn83045462/1937-05-01,2,7,1,6
lccn/sn83045462/1937-05-15,1,5,5,0
lccn/sn83045462/1939-09-07,1,2,8,-6
lccn/sn86063206/1904-03-11,2,4,3,1
lccn/sn86063206/1899-09-15,2,2,1,1
lccn/sn83045462/1935-05-18,2,6,2,4
lccn/sn83045462/1935-05-25,2,7,4,3
lccn/sn83045462/1935-04-29,2,9,7,2
lccn/sn83045462/1935-06-08,1,5,6,-1
lccn/sn83045462/1935-06-16,1,0,1,-1
lccn/sn83045462/1934-02-04,2,8,3,5
lccn/sn84022046/1871-06-20,1,5,11,-6
lccn/sn84022046/1872-11-01,2,22,2,20
lccn/sn99062034/1891-01-01,1,2,5,-3
lccn/sn83045462/1936-10-31,2,3,1,2
lccn/sn83045462/1937-01-09,1,2,2,0
lccn/sn83045462/1936-12-12,1,3,3,0
lccn/sn86063206/1889-06-11,2,14,5,9
lccn/sn83045462/1937-03-06,1,1,1,0
lccn/sn83045462/1937-02-20,2,6,2,4
lccn/sn83045462/1939-11-18,1,0,0,0
lccn/sn83045462/1937-03-27,2,4,3,1
lccn/sn83045462/1937-04-03,2,5,3,2
lccn/sn83045462/1937-03-20,2,15,2,13
lccn/sn83045462/1936-03-15,1,2,6,-4
lccn/sn83045462/1936-02-16,1,2,3,-1
lccn/sn83045462/1936-02-16,2,8,1,7
lccn/sn83045462/1936-03-28,2,3,2,1
lccn/sn83045462/1936-05-16,2,5,0,5
lccn/sn83045462/1938-04-16,1,5,5,0
lccn/sn83045462/1942-02-15,1,3,5,-2
lccn/sn83045462/1938-04-20,2,6,5,1
lccn/sn83045462/1938-02-11,1,5,11,-6
lccn/sn83045462/1938-04-05,2,7,4,3
lccn/sn83045462/1940-10-27,1,2,4,-2
lccn/sn83045462/1938-05-29,1,1,9,-8
lccn/sn83045462/1938-05-31,1,0,0,0
lccn/sn83045462/1938-01-26,2,13,8,5
lccn/sn83045462/1938-02-10,2,9,8,1
lccn/sn85035720/1907-06-08,2,9,4,5
lccn/sn85035720/1913-06-21,2,6,4,2
lccn/sn83045462/1938-07-13,2,10,3,7
lccn/sn83045462/1938-04-11,2,6,5,1
lccn/sn83045462/1938-08-03,1,1,8,-7
lccn/sn85035720/1908-06-24,2,11,6,5
lccn/sn83045462/1942-05-07,2,8,3,5
lccn/sn85035720/1908-02-07,2,4,2,2
lccn/sn86092518/1883-07-18,2,8,7,1
lccn/sn86092518/1883-07-24,2,5,4,1
lccn/sn86092518/1883-07-30,2,8,2,6
lccn/sn86092518/1883-07-28,2,21,3,18
lccn/sn86092518/1881-10-04,1,6,7,-1
lccn/sn86063811/1933-08-17,2,6,5,1
lccn/sn83045462/1938-03-05,1,3,10,-7
lccn/sn83045462/1942-03-01,2,5,2,3
lccn/sn83045462/1938-08-28,1,2,12,-10
lccn/sn83045462/1938-09-04,1,0,0,0
lccn/sn83045462/1949-09-14,2,9,4,5
lccn/sn83045462/1950-06-03,1,3,9,-6
lccn/sn83045462/1950-09-24,1,2,8,-6
lccn/sn83045462/1948-07-20,1,6,7,-1
lccn/sn87065172/1883-10-25,2,17,12,5
lccn/sn83045462/1948-10-13,2,9,3,6
lccn/sn83045462/1948-10-22,1,11,12,-1
lccn/sn83045462/1948-10-31,2,11,2,9
lccn/sn83045462/1950-08-29,1,1,2,-1
lccn/sn83045462/1950-01-01,2,9,1,8
lccn/sn85040749/1910-02-15,2,18,4,14
lccn/sn85040749/1909-04-27,1,16,20,-4
lccn/sn85040749/1909-09-21,2,14,10,4
lccn/sn83045462/1949-05-01,2,6,4,2
lccn/sn83045462/1949-04-30,2,2,0,2
lccn/sn85040749/1907-11-05,2,4,3,1
lccn/sn85040749/1907-10-29,1,12,13,-1
lccn/sn85040749/1907-08-20,2,13,10,3
lccn/sn85040749/1906-02-13,2,9,5,4
lccn/sn85040749/1910-03-08,2,20,16,4
lccn/sn85040749/1908-10-13,2,8,6,2
lccn/sn85040749/1909-03-02,2,4,3,1
lccn/sn85040749/1912-10-22,2,11,10,1
lccn/sn85040749/1902-09-09,2,15,2,13
lccn/sn83045462/1949-03-27,2,8,6,2
lccn/sn85040749/1904-03-01,2,8,5,3
lccn/sn85040749/1904-06-07,2,21,3,18
lccn/sn83045462/1949-04-03,2,16,8,8
lccn/sn83045462/1949-02-23,1,11,14,-3
lccn/sn85040749/1900-03-06,2,6,5,1
lccn/sn85040749/1900-02-27,2,15,8,7
lccn/sn85040749/1903-01-20,2,23,8,15
lccn/sn85040749/1901-05-07,2,10,1,9
lccn/sn85040749/1913-04-01,1,1,11,-10
lccn/sn85040749/1916-10-31,1,0,0,0
lccn/sn85040749/1917-01-09,2,13,10,3
lccn/sn85040749/1915-11-02,2,9,3,6
lccn/sn85040749/1915-12-21,1,3,19,-16
lccn/sn85040749/1918-12-17,2,9,7,2
lccn/sn83045462/1947-12-12,2,15,13,2
lccn/sn85040749/1913-09-16,2,6,5,1
lccn/sn85040749/1918-03-19,1,6,13,-7
lccn/sn83045462/1947-02-02,2,11,2,9
lccn/sn83045462/1947-03-04,1,5,9,-4
lccn/sn83045462/1947-02-23,1,0,0,0
lccn/sn83045462/1950-04-30,2,8,6,2
lccn/sn83045462/1949-08-21,2,10,5,5
lccn/sn83045462/1948-03-19,2,6,1,5
lccn/sn83045462/1948-02-08,2,13,2,11
lccn/sn83045462/1948-02-25,1,2,3,-1
lccn/sn83045462/1946-04-07,2,18,8,10
lccn/sn83045462/1947-05-26,1,7,16,-9
lccn/sn83045462/1947-05-08,1,3,8,-5
lccn/sn83045462/1948-10-16,2,9,4,5
lccn/sn83045462/1945-12-16,2,10,2,8
lccn/sn83045462/1945-12-10,1,2,12,-10
lccn/sn83045462/1942-11-01,2,2,0,2
lccn/sn83045462/1945-11-23,2,15,2,13
lccn/sn83045462/1945-12-02,2,7,0,7
lccn/sn83045462/1941-05-27,2,3,2,1
lccn/sn83045462/1941-05-26,2,4,0,4
lccn/sn83045462/1945-10-15,1,0,0,0
lccn/sn83045462/1945-10-18,2,4,3,1
lccn/sn91068401/1941-02-18,2,1,0,1
lccn/sn88065721/1893-02-03,2,17,1,16
lccn/sn83045462/1941-02-23,2,8,4,4
lccn/sn83016689/1908-06-11,2,10,7,3
lccn/sn83016689/1908-07-01,1,6,9,-3
lccn/sn85040749/1919-09-23,2,9,3,6
lccn/sn89051285/1912-06-11,2,9,1,8
lccn/sn86092518/1889-10-01,2,11,3,8
lccn/sn86092518/1889-10-02,1,9,10,-1
lccn/sn86092518/1889-10-03,2,8,6,2
lccn/sn83025167/1888-10-11,2,4,2,2
lccn/sn86092523/1896-04-26,1,0,0,0
lccn/sn86092523/1896-05-03,2,13,6,7
lccn/sn86092523/1896-05-24,1,0,0,0
lccn/sn86092523/1896-06-28,1,0,0,0
lccn/sn86092523/1896-06-21,1,0,0,0
lccn/sn84024271/1932-02-18,1,3,10,-7
lccn/sn82014519/1928-02-21,2,9,4,5
lccn/sn82014519/1928-04-03,1,8,10,-2
lccn/sn82014519/1928-03-30,1,7,7,0
lccn/sn82014519/1928-02-13,1,2,5,-3
lccn/sn84024271/1939-10-12,2,3,0,3
lccn/sn84024271/1940-05-16,2,11,8,3
lccn/sn84024271/1941-10-23,2,6,0,6
lccn/sn82015313/1930-06-14,1,0,0,0
lccn/sn82015313/1930-06-10,1,3,4,-1
lccn/sn82015313/1929-02-11,1,6,6,0
lccn/sn82015313/1930-09-13,2,4,1,3
lccn/sn86091084/1922-05-11,2,7,6,1
lccn/sn86092518/1894-08-20,2,23,10,13
lccn/sn82014519/1929-11-07,2,12,11,1
lccn/sn82014519/1929-12-16,2,8,5,3
lccn/sn82014519/1929-10-05,1,6,7,-1
lccn/sn84023017/1890-04-03,1,5,6,-1
lccn/sn84023017/1876-10-19,2,20,8,12
lccn/sn82014519/1930-02-06,2,10,2,8
lccn/sn82014519/1930-02-21,2,9,8,1
lccn/sn82014519/1930-07-09,1,9,9,0
lccn/sn82014519/1930-06-09,2,15,2,13
lccn/sn82014519/1930-06-17,2,5,1,4
lccn/sn82014519/1930-05-23,2,12,1,11
lccn/sn82014519/1930-08-07,1,4,5,-1
lccn/sn82014519/1930-12-17,2,6,5,1
lccn/sn82014519/1930-12-15,2,17,8,9
lccn/sn82014519/1930-12-08,2,8,4,4
lccn/sn89053684/1904-10-09,2,15,10,5
lccn/sn89053684/1904-08-28,2,13,4,9
lccn/sn89053684/1904-08-07,1,6,6,0
lccn/sn90052410/1897-10-28,2,35,12,23
lccn/sn89053684/1904-05-27,2,12,8,4
lccn/sn89053684/1904-10-06,2,4,3,1
lccn/sn89053684/1904-06-30,2,25,10,15
lccn/sn82014519/1927-10-20,1,7,11,-4
lccn/sn82014519/1927-11-19,1,3,4,-1
lccn/sn82014519/1927-05-12,2,4,2,2
lccn/sn82014519/1926-09-18,2,5,1,4
lccn/sn82014519/1926-08-27,1,3,4,-1
lccn/sn82014519/1927-01-06,2,17,9,8
lccn/sn82014519/1926-10-25,2,3,1,2
lccn/sn82014519/1926-06-15,2,9,5,4
lccn/sn82014519/1926-05-08,2,35,7,28
lccn/sn82014519/1926-05-22,1,2,7,-5
lccn/sn82014519/1926-05-01,2,4,2,2
lccn/sn82014519/1927-07-19,2,14,2,12
lccn/sn86092245/1903-09-24,1,8,9,-1
lccn/sn86092245/1903-08-27,2,6,2,4
lccn/sn86092245/1906-04-12,2,19,15,4
lccn/sn85042243/1929-11-19,2,9,6,3
lccn/sn85042243/1930-12-12,2,7,4,3
lccn/sn85042243/1930-05-21,2,18,2,16
lccn/sn85042243/1931-05-22,2,16,13,3
lccn/sn86092245/1885-11-27,2,14,8,6
lccn/sn85042354/1923-01-09,1,5,7,-2
lccn/sn85042354/1922-12-06,1,2,35,-33
lccn/sn85042354/1922-12-21,1,7,7,0
lccn/sn85042354/1922-11-03,1,0,0,0
lccn/sn85042354/1922-11-04,1,8,15,-7
lccn/sn87062237/1922-07-05,1,0,0,0
lccn/sn87062237/1922-04-25,1,2,4,-2
lccn/sn87062237/1922-05-04,2,10,5,5
lccn/sn87062237/1922-07-28,2,10,6,4
lccn/sn87062237/1922-03-23,1,0,0,0
lccn/sn87062237/1922-11-16,1,2,2,0
lccn/sn87062237/1922-11-23,2,10,3,7
lccn/sn87062237/1921-12-20,1,3,6,-3
lccn/sn87062237/1923-01-10,1,0,2,-2
lccn/sn91059394/1884-02-27,2,7,5,2
lccn/sn91059394/1890-08-06,1,8,8,0
lccn/sn91059394/1890-08-13,2,14,2,12
lccn/sn91059394/1890-08-20,2,10,3,7
lccn/sn91059394/1883-10-31,2,14,7,7
lccn/sn85035720/1920-05-07,2,10,4,6
lccn/sn85035720/1920-05-20,1,0,16,-16
lccn/sn85035720/1919-04-12,2,10,8,2
lccn/sn85035720/1919-02-26,1,6,12,-6
lccn/sn85035720/1919-12-30,1,3,4,-1
lccn/sn85035720/1918-07-16,1,0,0,0
lccn/sn85035720/1921-03-03,1,5,5,0
lccn/sn85035720/1921-01-18,1,3,3,0
lccn/sn85042243/1931-06-15,2,8,7,1
lccn/sn82015313/1925-03-07,1,6,6,0
lccn/sn82015313/1926-02-09,2,12,9,3
lccn/sn82015313/1927-01-31,1,3,13,-10
lccn/sn90060976/1916-06-03,2,10,3,7
lccn/sn90060976/1914-10-24,2,19,3,16
lccn/sn90060976/1915-06-12,2,9,7,2
lccn/sn90060976/1914-02-07,2,6,5,1
lccn/sn90060976/1919-05-03,2,8,3,5
lccn/sn90060976/1922-01-28,2,18,6,12
lccn/sn90060976/1917-01-20,2,9,8,1
lccn/sn82014519/1928-06-15,1,7,7,0
lccn/sn82014519/1928-06-09,2,6,4,2
lccn/sn82014519/1929-01-22,2,7,0,7
lccn/sn82014519/1928-12-26,2,9,6,3
lccn/sn82014519/1929-04-18,2,3,1,2
lccn/sn82014519/1929-03-25,2,12,10,2
lccn/sn82014519/1929-05-06,1,3,12,-9
lccn/sn89053684/1904-07-28,2,22,4,18
lccn/sn89053684/1904-08-02,2,9,4,5
lccn/sn89053684/1904-07-26,2,25,1,24
lccn/sn85042243/1933-11-06,1,6,12,-6
lccn/sn85042243/1933-12-23,1,3,6,-3
lccn/sn85042243/1934-06-12,1,7,16,-9
lccn/sn85042243/1934-10-19,2,2,0,2
lccn/sn85042243/1935-01-31,1,1,6,-5
lccn/sn84023017/1885-04-23,1,8,18,-10
lccn/sn84023017/1882-12-14,2,6,3,3
lccn/sn84023017/1878-07-18,1,10,12,-2
lccn/sn84023017/1876-10-05,1,7,10,-3
lccn/sn84023017/1876-10-12,2,20,12,8
lccn/sn84023017/1876-09-28,2,22,8,14
lccn/sn84023017/1876-05-25,2,21,8,13
lccn/sn85042243/1935-11-23,1,2,2,0
lccn/sn85042354/1920-05-11,2,8,1,7
lccn/sn85042354/1920-06-19,2,8,4,4
lccn/sn85042354/1920-09-13,1,0,0,0
lccn/sn89055199/1921-09-15,2,13,4,9
lccn/sn85042354/1920-12-29,2,4,2,2
lccn/sn85042354/1921-04-20,1,2,10,-8
lccn/sn85042354/1921-10-15,2,16,6,10
lccn/sn85042354/1921-08-29,2,13,12,1
lccn/sn85042354/1921-04-07,1,1,2,-1
lccn/sn85042354/1921-06-09,2,5,1,4
lccn/sn85042354/1921-07-14,2,2,1,1
lccn/sn85042354/1921-07-05,1,3,3,0
lccn/sn85042354/1922-04-22,2,7,2,5
lccn/sn85042354/1922-03-14,1,3,13,-10
lccn/sn85042354/1922-03-06,1,2,2,0
lccn/sn85042243/1937-01-18,2,8,4,4
lccn/sn85042243/1936-06-06,1,0,3,-3
lccn/sn85042243/1936-06-05,2,15,5,10
lccn/sn85042243/1936-09-24,1,3,3,0
lccn/sn85042243/1936-10-03,2,15,2,13
lccn/sn85042354/1922-05-06,1,0,1,-1
lccn/sn85042354/1922-07-01,1,2,4,-2
lccn/sn85042354/1922-06-08,2,9,6,3
lccn/sn86092518/1893-06-12,2,7,1,6
lccn/sn86092518/1893-02-17,2,10,4,6
lccn/sn86092518/1892-11-05,2,3,0,3
lccn/sn86092523/1895-07-21,2,9,2,7
lccn/sn91059394/1894-09-19,2,3,1,2
lccn/sn91059394/1894-05-23,2,9,2,7
lccn/sn85042224/1917-02-20,2,9,1,8
lccn/sn91070006/1942-07-08,2,5,4,1
lccn/sn85042224/1917-09-01,2,21,6,15
lccn/sn85042224/1918-03-16,2,8,3,5
lccn/sn85042224/1918-01-29,2,12,1,11
lccn/sn85042224/1918-01-07,2,13,6,7
lccn/sn85042224/1918-10-03,2,14,2,12
lccn/sn85042224/1915-01-09,2,8,2,6
lccn/sn85042224/1914-10-19,2,20,6,14
lccn/sn85042224/1914-11-05,2,13,4,9
lccn/sn85042224/1914-09-11,2,14,5,9
lccn/sn85042224/1915-02-26,2,7,3,4
lccn/sn85042224/1915-04-10,1,13,16,-3
lccn/sn85042224/1915-09-09,2,12,4,8
lccn/sn85042224/1915-10-09,2,12,8,4
lccn/sn85042224/1915-08-23,2,11,7,4
lccn/sn85042224/1915-10-13,2,9,2,7
lccn/sn85042224/1916-01-31,1,5,11,-6
lccn/sn85042224/1915-09-04,2,5,4,1
lccn/sn85042224/1916-02-03,2,6,2,4
lccn/sn85042224/1916-02-04,2,32,9,23
lccn/sn85042224/1916-08-18,2,11,2,9
lccn/sn85042224/1916-09-20,2,9,8,1
lccn/sn85042224/1916-12-28,2,11,2,9
lccn/sn85042224/1916-05-06,2,15,13,2
lccn/sn85042224/1916-08-10,2,9,3,6
lccn/sn85042224/1916-03-10,2,11,6,5
lccn/sn85042224/1916-02-05,2,8,6,2
lccn/sn85042224/1916-10-18,1,5,13,-8
lccn/sn86092536/1916-06-06,1,0,8,-8
lccn/sn84024719/1842-02-24,2,22,3,19
lccn/sn84022374/1902-01-22,1,1,5,-4
lccn/sn84022374/1896-07-23,2,5,4,1
lccn/sn84022374/1899-03-08,2,11,10,1
lccn/sn91059392/1884-03-20,2,8,2,6
lccn/sn91059392/1884-03-27,2,8,3,5
lccn/sn91059392/1884-02-28,2,9,6,3
lccn/sn82014998/1873-07-05,2,11,1,10
lccn/sn84020639/1895-04-26,1,0,0,0
lccn/sn84026826/1879-11-14,2,10,8,2
lccn/sn84026826/1873-07-25,2,11,0,11
lccn/sn84026826/1873-10-24,2,10,0,10
lccn/sn84026826/1873-09-26,2,28,4,24
lccn/sn84026826/1882-06-16,2,6,3,3
lccn/sn84026826/1886-07-16,1,4,8,-4
lccn/sn84026826/1896-08-06,1,3,8,-5
lccn/sn86076141/1931-06-07,1,10,11,-1
lccn/sn84020639/1894-09-01,2,17,1,16
lccn/sn84020639/1894-08-09,2,11,8,3
lccn/sn91059394/1916-07-28,2,11,10,1
lccn/sn85040245/1908-06-25,1,0,22,-22
lccn/sn86063039/1918-09-20,2,30,6,24
lccn/sn90050316/1917-06-16,2,13,7,6
lccn/sn90050316/1917-06-23,2,13,5,8
lccn/sn82014519/1917-10-25,1,5,7,-2
lccn/sn84020504/1908-01-03,2,12,6,6
lccn/sn84020504/1908-01-02,1,8,14,-6
lccn/sn84020504/1907-10-25,2,5,1,4
lccn/sn84020558/1922-01-29,2,31,15,16
lccn/sn87062055/1926-06-04,1,6,13,-7
lccn/sn87062055/1926-05-07,2,6,5,1
lccn/sn87062055/1927-07-29,1,2,5,-3
lccn/sn85035720/1923-11-28,1,1,24,-23
lccn/sn85035720/1923-06-18,2,8,4,4
lccn/sn85035720/1923-06-25,1,0,0,0
lccn/sn84020558/1922-04-28,2,7,4,3
lccn/sn89055082/1909-09-09,2,9,1,8
lccn/sn82015313/1932-06-09,2,7,2,5
lccn/sn82015313/1931-10-01,2,12,8,4
lccn/sn82015313/1933-05-29,1,0,0,0
lccn/sn82015313/1932-11-30,2,7,3,4
lccn/sn89052040/1919-12-04,1,7,8,-1
lccn/sn87065528/1946-01-25,2,9,0,9
lccn/sn84020064/1926-01-24,2,14,4,10
lccn/sn85042379/1942-02-05,2,8,7,1
lccn/sn85042379/1942-01-08,2,5,2,3
lccn/sn85042379/1944-08-24,1,6,10,-4
lccn/sn89053987/1876-05-24,1,0,0,0
lccn/sn91064010/1909-06-17,1,5,5,0
lccn/sn91064010/1909-06-28,1,1,7,-6
lccn/sn91064011/1910-09-26,2,7,1,6
lccn/sn00065130/1910-03-18,1,6,8,-2
lccn/sn89053987/1882-12-27,2,11,4,7
lccn/sn89053987/1862-10-16,1,0,0,0
lccn/sn85053343/1924-01-17,2,13,6,7
lccn/sn86072021/1887-05-12,2,4,3,1
lccn/sn82014248/1870-01-29,2,12,5,7
lccn/sn82014358/1841-08-12,2,10,7,3
lccn/sn82014248/1870-11-10,2,10,4,6
lccn/sn82014248/1870-11-19,2,11,8,3
lccn/sn82014248/1870-11-16,2,8,2,6
lccn/sn82014248/1870-11-15,2,7,2,5
lccn/sn86072192/1898-09-18,2,9,5,4
lccn/sn84020639/1895-09-29,1,0,0,0
lccn/sn84020639/1895-09-05,2,13,5,8
lccn/sn84020639/1895-09-21,2,9,3,6
lccn/sn84020639/1895-09-23,2,10,5,5
lccn/sn84020639/1895-09-15,2,9,4,5
lccn/sn84020639/1895-09-25,2,13,4,9
lccn/sn86072192/1897-09-11,2,16,2,14
lccn/sn91064011/1912-09-10,1,6,6,0
lccn/sn91064011/1912-06-08,2,30,8,22
lccn/sn91064011/1912-06-21,2,6,2,4
lccn/sn91064011/1912-01-06,2,5,4,1
lccn/sn91064011/1911-01-03,1,5,7,-2
lccn/sn91064011/1911-12-04,1,2,6,-4
lccn/sn91064011/1911-06-06,1,0,0,0
lccn/sn91064011/1910-11-19,2,9,4,5
lccn/sn86072192/1901-12-01,2,15,5,10
lccn/sn86072192/1900-06-21,1,4,4,0
lccn/sn85038485/1902-12-13,2,21,6,15
lccn/sn85038485/1903-11-22,2,27,8,19
lccn/sn85038485/1902-07-06,2,9,7,2
lccn/sn86072192/1901-03-16,2,19,4,15
lccn/sn86072192/1901-04-26,2,23,6,17
lccn/sn86072192/1901-09-08,2,14,5,9
lccn/sn86072192/1902-02-22,2,14,3,11
lccn/sn86072192/1902-02-23,2,26,5,21
lccn/sn86072192/1901-08-28,1,0,0,0
lccn/sn90051333/1919-12-25,2,10,5,5
lccn/sn90051333/1915-01-21,2,6,5,1
lccn/sn90051333/1916-11-30,2,3,1,2
lccn/2018270203/1914-01-22,1,3,4,-1
lccn/sn83025186/1898-01-07,2,8,6,2
lccn/sn85038485/1907-09-14,2,7,5,2
lccn/sn85038485/1906-02-25,2,16,0,16
lccn/sn85038485/1906-02-07,1,4,5,-1
lccn/sn85038485/1906-05-29,1,0,0,0
lccn/sn85038485/1906-10-26,2,11,6,5
lccn/sn85038485/1906-10-31,2,15,1,14
lccn/sn85038485/1906-09-19,1,0,0,0
lccn/sn85038485/1906-07-26,1,0,0,0
lccn/sn85038485/1907-03-22,2,21,4,17
lccn/sn91064011/1913-09-19,1,7,7,0
lccn/sn91064011/1913-09-30,1,1,20,-19
lccn/sn85038485/1907-05-15,2,9,3,6
lccn/sn85038485/1907-06-24,1,7,7,0
lccn/sn85038485/1907-08-11,2,13,8,5
lccn/sn84022374/1904-06-15,1,7,10,-3
lccn/sn84022374/1914-12-02,1,7,10,-3
lccn/sn84022374/1915-03-24,1,1,10,-9
lccn/sn84022374/1913-07-02,2,10,2,8
lccn/sn84022374/1914-07-29,2,31,7,24
lccn/sn84022374/1919-01-22,1,3,6,-3
lccn/sn96077289/1945-06-01,2,5,3,2
lccn/sn84022060/1899-07-01,2,10,4,6
lccn/sn86063147/1905-11-29,2,16,12,4
lccn/sn82015313/1924-11-18,2,1,0,1
lccn/sn89077510/1868-01-18,1,0,0,0
lccn/sn91064011/1913-08-13,2,15,2,13
lccn/sn91064011/1913-06-26,1,1,1,0
lccn/sn91064011/1913-07-17,2,8,7,1
lccn/sn87075008/1924-08-14,2,9,6,3
lccn/sn87075008/1929-10-24,1,3,8,-5
lccn/sn87075008/1932-09-29,2,9,0,9
lccn/sn87075008/1934-02-22,2,12,8,4
lccn/sn87075008/1938-09-08,2,11,4,7
lccn/sn87075008/1938-08-25,1,3,5,-2
lccn/sn87075008/1931-06-25,1,4,6,-2
lccn/sn87075008/1931-05-14,2,3,1,2
lccn/sn87075008/1929-11-07,1,7,7,0
lccn/sn87075008/1939-07-27,2,8,4,4
lccn/sn87075008/1939-08-31,1,1,7,-6
lccn/sn87075008/1937-05-13,1,6,13,-7
lccn/sn87075008/1937-07-29,2,11,3,8
lccn/sn87075008/1934-11-01,2,5,0,5
lccn/sn87075008/1935-02-07,1,3,13,-10
lccn/sn87075008/1935-06-06,1,14,14,0
lccn/sn87075008/1935-12-05,1,8,8,0
lccn/sn87075008/1941-07-10,2,7,6,1
lccn/sn87075008/1941-05-29,2,5,3,2
lccn/sn85038485/1903-01-09,2,24,9,15
lccn/sn87075008/1922-06-15,1,9,10,-1
lccn/sn87075008/1926-04-29,2,11,8,3
lccn/sn91064011/1913-10-20,1,3,10,-7
lccn/sn91064011/1914-10-01,2,9,1,8
lccn/sn91064011/1914-10-17,2,10,8,2
lccn/sn85038485/1905-03-17,1,6,10,-4
lccn/sn85038485/1904-04-16,1,4,6,-2
lccn/sn85038485/1905-07-05,2,16,6,10
lccn/sn85038485/1905-08-11,2,17,4,13
lccn/sn85038485/1905-09-20,1,9,10,-1
lccn/sn85038485/1905-06-28,2,14,2,12
lccn/sn91064011/1914-06-12,2,11,9,2
lccn/sn91064011/1914-07-02,2,18,3,15
lccn/sn91064011/1914-07-07,2,8,5,3
lccn/sn86063730/1922-04-23,2,5,3,2
lccn/sn91064011/1914-10-30,1,4,7,-3
lccn/sn91064011/1914-12-26,1,15,15,0
lccn/sn85038485/1905-02-17,1,5,8,-3
lccn/sn85038485/1905-06-18,2,10,8,2
lccn/sn85038485/1905-06-21,2,22,3,19
lccn/sn85038485/1905-05-20,2,20,9,11
lccn/sn85038485/1904-07-08,2,15,0,15
lccn/sn85038485/1904-06-22,2,6,1,5
lccn/sn85038485/1904-07-30,2,8,6,2
lccn/sn85038485/1904-07-29,2,15,0,15
lccn/sn84027329/1877-04-12,2,25,21,4
lccn/sn83025186/1913-12-19,2,25,6,19
lccn/sn83025186/1913-05-23,2,15,8,7
lccn/sn83025186/1913-04-04,2,4,3,1
lccn/sn83025186/1904-03-18,1,0,0,0
lccn/sn87093377/1931-01-22,2,7,2,5
lccn/sn85038485/1909-01-09,2,6,3,3
lccn/sn85038485/1908-11-25,2,9,2,7
lccn/sn85038485/1908-12-17,1,6,7,-1
lccn/sn85038485/1908-07-22,2,17,1,16
lccn/sn85038485/1908-01-06,1,6,9,-3
lccn/sn85038485/1908-03-14,1,3,4,-1
lccn/sn85042104/1902-07-13,1,6,12,-6
lccn/sn85042104/1902-01-15,2,20,9,11
lccn/sn85042104/1896-05-03,2,36,7,29
lccn/sn99062018/1918-09-26,2,9,5,4
lccn/sn85042104/1898-01-16,1,7,12,-5
lccn/sn84036286/1932-01-07,1,7,14,-7
lccn/sn86075293/1929-04-25,2,13,7,6
lccn/sn84036285/1928-11-08,2,5,1,4
lccn/sn85038485/1909-06-05,2,6,4,2
lccn/sn85038485/1909-04-01,2,14,2,12
lccn/sn85038485/1909-08-29,2,7,6,1
lccn/sn85038485/1909-10-24,2,13,2,11
lccn/sn82014248/1874-12-19,2,3,0,3
lccn/sn85042104/1904-07-24,1,0,0,0
lccn/sn85042104/1904-06-17,2,10,3,7
lccn/sn85042104/1904-06-24,2,11,4,7
lccn/sn85042104/1904-07-10,2,18,6,12
lccn/sn85042104/1904-07-07,2,20,2,18
lccn/sn85042104/1903-10-08,2,12,2,10
lccn/sn91064011/1915-10-23,2,10,4,6
lccn/sn91064011/1915-10-12,1,3,3,0
lccn/sn91064011/1915-09-14,1,5,7,-2
lccn/sn91064011/1915-09-16,1,0,0,0
lccn/sn91064011/1915-09-15,2,5,4,1
lccn/sn91064011/1915-08-21,2,8,5,3
lccn/sn91064011/1915-05-24,1,7,12,-5
lccn/sn91064011/1915-06-22,2,12,3,9
lccn/sn91064011/1915-06-24,2,8,5,3
lccn/sn91064011/1915-04-08,2,20,2,18
lccn/sn91064011/1915-04-22,2,23,10,13
lccn/sn91064011/1915-04-22,2,14,1,13
lccn/sn91064011/1915-03-16,1,3,6,-3
lccn/sn85042104/1905-01-05,2,6,5,1
lccn/sn85042104/1905-08-20,1,11,21,-10
lccn/sn87068079/1882-09-21,2,8,3,5
lccn/sn87068079/1885-09-03,2,10,2,8
lccn/sn87068079/1885-09-10,2,13,8,5
lccn/sn87068079/1886-08-19,1,6,7,-1
lccn/sn87068079/1883-08-23,2,16,1,15
lccn/sn87068079/1883-09-13,2,15,5,10
lccn/sn85042104/1905-08-05,1,6,7,-1
lccn/sn85042104/1905-10-08,2,14,9,5
lccn/sn85042104/1905-07-02,2,16,1,15
lccn/sn91064011/1916-01-28,1,10,12,-2
lccn/sn91064011/1916-01-20,1,0,0,0
lccn/sn91064011/1916-01-12,1,10,16,-6
lccn/sn91064011/1915-12-11,2,5,2,3
lccn/sn85038485/1910-07-19,2,10,7,3
lccn/sn85038485/1910-01-02,2,11,10,1
lccn/sn85038485/1910-01-19,2,5,0,5
lccn/sn87058308/1900-06-28,1,0,0,0
lccn/sn87058308/1900-06-28,1,4,6,-2
lccn/sn87058308/1902-01-09,2,6,5,1
lccn/sn84042105/1894-06-03,2,13,5,8
lccn/sn84024516/1890-08-07,2,13,3,10
lccn/sn84024516/1892-02-20,2,9,7,2
lccn/sn84024516/1892-01-22,2,12,10,2
lccn/sn84024516/1891-10-04,2,13,11,2
lccn/sn84024516/1890-08-21,2,11,2,9
lccn/sn84024516/1890-09-06,2,8,1,7
lccn/sn84024516/1890-09-09,2,9,5,4
lccn/sn84024516/1890-09-11,2,12,2,10
lccn/sn84024516/1890-08-23,2,8,3,5
lccn/sn84024516/1892-07-03,2,13,6,7
lccn/sn84024516/1892-06-15,2,15,4,11
lccn/sn84024516/1890-07-17,2,7,4,3
lccn/sn84024516/1890-07-31,1,0,0,0
lccn/sn84024516/1890-07-19,2,10,4,6
lccn/sn84024516/1890-08-02,2,7,2,5
lccn/sn84024516/1890-08-05,2,10,1,9
lccn/sn84024516/1890-08-14,2,22,4,18
lccn/sn84024516/1890-08-09,2,6,3,3
lccn/sn84024516/1890-08-28,2,17,4,13
lccn/sn82014248/1891-06-26,2,9,5,4
lccn/sn87075277/1947-10-30,1,7,7,0
lccn/sn87075277/1950-11-16,2,21,2,19
lccn/sn85038485/1911-11-25,1,10,16,-6
lccn/sn85038485/1912-07-31,2,9,4,5
lccn/sn85038485/1912-09-03,2,15,10,5
lccn/sn96090217/1915-10-22,2,6,2,4
lccn/sn85038485/1912-05-19,2,25,1,24
lccn/sn99062018/1913-02-27,2,6,2,4
lccn/sn97065763/1902-10-25,1,0,0,0
lccn/sn97065763/1903-09-26,2,5,3,2
lccn/sn99062017/1912-12-19,2,7,4,3
lccn/sn90053049/1897-03-27,2,9,8,1
lccn/sn90053049/1895-09-21,2,14,7,7
lccn/sn90053049/1886-12-04,2,7,6,1
lccn/sn90053049/1888-03-31,2,13,12,1
lccn/sn85038485/1911-08-06,1,0,0,0
lccn/sn85038485/1911-12-17,2,17,3,14
lccn/sn85038485/1911-10-15,2,12,6,6
lccn/sn85038485/1911-09-20,2,16,5,11
lccn/sn85042104/1897-08-18,2,12,4,8
lccn/sn85042104/1897-08-15,2,19,2,17
lccn/sn85038485/1910-04-30,1,4,7,-3
lccn/sn85038485/1910-10-27,2,16,1,15
lccn/sn85038485/1910-10-28,2,19,2,17
lccn/sn85038485/1910-10-24,1,5,13,-8
lccn/sn85038485/1911-02-17,2,10,9,1
lccn/sn85038485/1909-12-06,2,4,1,3
lccn/sn85038485/1909-12-24,2,5,1,4
lccn/sn85038485/1910-10-15,2,12,0,12
lccn/sn85042104/1897-01-03,1,7,9,-2
lccn/sn84024326/1923-02-18,1,0,0,0
lccn/sn85038485/1913-04-12,1,3,15,-12
lccn/sn85038485/1913-05-17,2,8,5,3
lccn/sn85038485/1913-05-16,1,9,9,0
lccn/sn84024326/1923-12-03,1,9,12,-3
lccn/sn90051548/1907-09-12,2,14,10,4
lccn/sn84020151/1885-08-01,2,3,0,3
lccn/sn84020151/1886-06-12,2,9,3,6
lccn/sn84020151/1886-06-26,2,19,3,16
lccn/sn84020151/1886-07-10,2,10,0,10
lccn/sn84020151/1882-12-02,2,8,6,2
lccn/sn84020151/1887-10-15,1,0,0,0
lccn/sn84020151/1889-08-17,2,14,4,10
lccn/sn85038485/1913-02-25,2,20,17,3
lccn/sn97065763/1907-02-16,1,13,13,0
lccn/sn97065763/1911-01-28,1,6,9,-3
lccn/sn97065763/1915-12-04,2,15,8,7
lccn/sn86063730/1932-10-10,1,6,7,-1
lccn/sn86063730/1932-10-10,1,6,7,-1
lccn/sn84024326/1923-04-29,2,17,1,16
lccn/sn86063730/1929-08-25,1,5,5,0
lccn/sn97065763/1917-02-03,2,3,2,1
lccn/sn97065763/1916-01-01,1,3,3,0
lccn/sn97065763/1915-09-18,2,10,4,6
lccn/sn97065763/1916-02-19,1,3,3,0
lccn/sn97065763/1920-03-27,2,7,4,3
lccn/sn97065763/1919-12-13,2,12,1,11
lccn/sn85038485/1914-04-18,1,3,11,-8
lccn/sn85038485/1915-09-27,2,10,2,8
lccn/sn85038485/1914-07-15,1,7,15,-8
lccn/sn85038485/1914-05-27,2,9,8,1
lccn/sn85038485/1915-05-26,1,11,14,-3
lccn/sn85038485/1915-06-14,1,10,11,-1
lccn/sn85038485/1915-03-26,2,11,6,5
lccn/sn85038485/1915-05-18,2,15,6,9
lccn/sn86063730/1931-05-17,1,3,3,0
lccn/sn85038485/1914-11-01,2,3,1,2
lccn/sn85038485/1914-11-22,1,0,0,0
lccn/sn85038485/1915-04-12,1,13,21,-8
lccn/sn85038485/1914-06-04,2,10,3,7
lccn/sn85038485/1915-01-24,2,12,8,4
lccn/sn85038485/1915-01-23,1,7,8,-1
lccn/sn85038485/1915-01-23,2,15,3,12
lccn/sn85035816/1908-02-11,1,4,15,-11
lccn/sn85035816/1908-01-28,1,7,7,0
lccn/sn87068079/1909-07-29,2,8,4,4
lccn/sn87068079/1911-12-07,2,20,5,15
lccn/sn87068079/1912-04-18,1,6,7,-1
lccn/sn87068079/1912-01-11,1,4,5,-1
lccn/sn87068079/1912-01-18,1,0,0,0
lccn/sn87068079/1912-01-04,1,6,6,0
lccn/sn85053305/1927-11-04,1,2,2,0
lccn/sn85053305/1925-08-07,2,6,4,2
lccn/sn85053305/1927-01-28,2,21,2,19
lccn/sn84022047/1904-02-18,2,10,9,1
lccn/sn85053305/1930-03-21,2,6,4,2
lccn/sn85053305/1930-02-28,1,5,6,-1
lccn/sn85053305/1931-01-23,2,6,4,2
lccn/sn87093007/1938-08-11,2,2,0,2
lccn/sn87093007/1938-08-18,2,3,1,2
lccn/sn84022047/1897-11-06,2,11,10,1
lccn/sn2001063546/1900-05-,2,12,4,8
lccn/sn2001063546/1900-05-,1,3,3,0
lccn/sn2001063546/1898-12-,1,2,15,-13
lccn/sn88063294/1942-10-06,2,11,4,7
lccn/sn82014248/1879-09-24,2,11,9,2
lccn/sn82014248/1887-12-06,2,10,6,4
lccn/sn82014248/1887-08-05,2,12,5,7
lccn/sn82014248/1886-03-11,1,3,4,-1
lccn/sn82014248/1894-01-31,1,5,6,-1
lccn/sn84024326/1924-05-27,1,4,4,0
lccn/sn84024326/1924-08-16,1,4,8,-4
lccn/sn84024326/1924-08-12,2,4,2,2
lccn/sn82014248/1894-11-12,1,4,8,-4
lccn/sn82014248/1894-09-22,2,24,3,21
lccn/sn98062948/1890-07-24,2,8,5,3
lccn/sn82014248/1881-06-23,2,13,2,11
lccn/sn82014248/1881-04-02,2,13,4,9
lccn/sn82014248/1880-10-25,2,16,10,6
lccn/sn82014248/1884-06-24,1,5,13,-8
lccn/sn85025007/1923-03-17,1,3,3,0
lccn/sn82014248/1885-10-17,1,3,3,0
lccn/sn83045324/1945-11-10,1,3,5,-2
lccn/sn83045324/1939-11-18,2,17,9,8
lccn/sn84038206/1894-01-20,1,9,20,-11
lccn/sn84038206/1895-09-14,1,10,12,-2
lccn/sn85035801/1917-05-15,1,1,3,-2
lccn/sn85035800/1882-09-07,2,13,0,13
lccn/sn85035800/1882-09-14,1,0,0,0
lccn/sn85035800/1882-10-24,1,0,0,0
lccn/sn85035800/1882-10-03,1,12,13,-1
lccn/sn89064489/1888-05-24,2,4,1,3
lccn/sn89064489/1886-06-03,2,8,2,6
lccn/sn89064489/1890-02-06,1,8,8,0
lccn/sn89064489/1890-02-06,1,8,8,0
lccn/sn85040614/1903-01-17,1,0,0,0
lccn/sn91064030/1922-06-28,1,2,2,0
lccn/sn91064030/1923-06-20,2,5,0,5
lccn/sn91064030/1921-10-15,2,7,5,2
lccn/sn91064030/1921-09-24,1,4,7,-3
lccn/sn91064030/1922-04-05,2,7,4,3
lccn/sn91064030/1922-02-11,2,9,7,2
lccn/sn91064030/1922-03-25,2,18,7,11
lccn/sn84020422/1879-07-30,2,10,3,7
lccn/sn87057928/1921-04-07,1,8,8,0
lccn/sn87057928/1917-10-04,2,10,7,3
lccn/sn89051163/1896-08-08,2,19,7,12
lccn/sn85059533/1894-01-20,2,9,4,5
lccn/sn85059533/1894-01-27,2,13,4,9
lccn/sn84020097/1934-01-29,2,7,1,6
lccn/sn84020097/1934-11-05,2,11,10,1
lccn/sn84020097/1934-04-06,2,10,6,4
lccn/sn84022565/1908-06-18,2,10,2,8
lccn/sn84022565/1909-07-08,2,15,5,10
lccn/sn84022565/1909-06-03,2,12,8,4
lccn/sn84022565/1909-06-10,2,14,11,3
lccn/sn84022565/1909-06-10,2,6,5,1
lccn/sn96075050/1910-09-15,1,4,9,-5
lccn/sn96075050/1910-04-21,1,8,9,-1
lccn/sn87058308/1915-09-16,2,14,6,8
lccn/sn87058308/1917-06-07,1,16,17,-1
lccn/sn87058308/1917-09-13,2,14,4,10
lccn/sn87058308/1918-06-06,1,5,9,-4
lccn/sn84022565/1885-06-24,2,7,3,4
lccn/sn85032923/1921-09-07,2,7,4,3
lccn/sn85032923/1920-12-08,2,25,7,18
lccn/sn87058308/1911-08-17,2,25,3,22
lccn/sn87058308/1913-01-16,1,6,11,-5
lccn/sn87058308/1913-06-26,1,7,9,-2
lccn/sn87058308/1913-05-22,2,17,6,11
lccn/sn87058308/1914-02-05,1,9,17,-8
lccn/sn84022565/1887-05-04,2,9,4,5
lccn/sn84022565/1893-07-27,2,3,2,1
lccn/sn84022565/1894-03-01,2,28,14,14
lccn/sn84022565/1895-06-20,2,15,9,6
lccn/sn84022565/1901-02-28,2,9,2,7
lccn/sn84022565/1900-04-19,1,5,11,-6
lccn/sn84022565/1904-06-16,2,5,0,5
lccn/sn84022565/1904-06-02,1,8,9,-1
lccn/sn84022565/1902-06-12,1,5,6,-1
lccn/sn84022565/1903-02-12,2,10,2,8
lccn/sn84022565/1903-11-19,2,15,2,13
lccn/sn84022565/1907-06-13,2,15,8,7
lccn/sn84022565/1905-03-16,2,11,6,5
lccn/sn99062017/1910-03-03,2,11,9,2
lccn/sn99062017/1909-12-30,1,6,9,-3
lccn/sn90051033/1919-12-05,1,3,3,0
lccn/sn99062018/1915-03-11,1,10,10,0
lccn/sn99062017/1911-07-13,2,16,8,8
lccn/sn88065202/1877-08-18,1,1,2,-1
lccn/sn88065202/1878-03-16,2,15,6,9
lccn/sn98062949/1903-01-08,2,14,2,12
lccn/2010270509/1917-03-22,2,14,6,8
lccn/2010270509/1911-05-04,2,11,9,2
lccn/2010270509/1912-12-19,2,7,2,5
lccn/2010270509/1918-09-26,1,2,4,-2
lccn/2010270509/1917-11-22,1,8,8,0
lccn/sn96075050/1916-12-21,2,4,2,2
lccn/sn96075050/1911-06-22,2,8,7,1
lccn/sn96075050/1916-06-29,1,6,9,-3
lccn/sn96075050/1916-02-10,2,9,4,5
lccn/sn96075050/1916-02-17,2,4,3,1
lccn/sn96075050/1913-01-30,1,1,4,-3
lccn/sn96075050/1913-09-18,1,6,7,-1
lccn/sn96075050/1915-04-01,1,4,9,-5
lccn/sn96075050/1922-10-19,2,10,6,4
lccn/sn96075050/1922-11-02,2,13,6,7
lccn/sn96075050/1921-12-01,2,18,10,8
lccn/sn96075050/1923-01-18,1,3,6,-3
lccn/sn96075050/1923-02-08,1,6,10,-4
lccn/sn96075050/1923-02-01,1,5,8,-3
lccn/sn96075050/1918-07-04,2,14,2,12
lccn/sn96075050/1918-05-09,2,9,6,3
lccn/sn96075050/1918-08-22,1,2,3,-1
lccn/sn96075050/1919-02-20,1,3,7,-4
lccn/sn96075050/1919-01-02,2,8,6,2
lccn/sn96075050/1919-03-27,1,9,15,-6
lccn/sn96075050/1919-03-20,2,6,4,2
lccn/sn96075050/1919-05-01,1,6,6,0
lccn/sn96075050/1919-06-26,2,8,2,6
lccn/sn96075050/1917-11-08,2,7,1,6
lccn/sn96075050/1917-09-06,1,5,5,0
lccn/sn96075050/1917-04-05,1,5,5,0
lccn/sn96075050/1924-12-18,1,4,8,-4
lccn/sn96075050/1924-11-13,2,3,2,1
lccn/sn96075050/1924-06-05,1,7,19,-12
lccn/sn96075050/1923-12-28,2,6,0,6
lccn/sn96075050/1924-02-14,2,24,3,21
lccn/sn96075050/1923-05-10,2,4,1,3
lccn/sn96075050/1923-05-10,2,7,3,4
lccn/sn96075050/1914-03-12,2,7,6,1
lccn/sn96075050/1912-02-08,1,4,9,-5
lccn/sn96075050/1912-01-11,2,10,7,3
lccn/sn96075050/1911-12-28,2,6,2,4
lccn/sn96075050/1913-06-19,2,16,5,11
lccn/sn96075050/1920-12-09,2,12,6,6
lccn/sn84022374/1921-09-07,2,7,4,3
lccn/sn89064489/1911-06-15,2,45,7,38
lccn/sn84022374/1922-03-15,1,7,9,-2
lccn/sn84022374/1922-01-04,1,5,7,-2
lccn/sn84001718/1923-05-11,2,15,1,14
lccn/sn90051167/1893-09-08,2,8,4,4
lccn/sn90051167/1894-08-31,1,0,1,-1
lccn/sn83021167/1845-10-23,2,7,1,6
lccn/sn83021169/1849-10-04,2,9,8,1
lccn/sn89053204/1910-08-03,2,7,4,3
lccn/sn85035816/1913-04-22,2,10,4,6
lccn/sn85035816/1912-06-18,1,13,18,-5
lccn/sn85035816/1913-12-30,2,9,5,4
lccn/sn85035720/1924-01-12,2,10,0,10
lccn/sn85035720/1924-04-08,2,12,2,10
lccn/sn85035720/1924-03-26,2,5,4,1
lccn/sn85035720/1924-06-18,2,7,3,4
lccn/sn85035720/1924-08-12,1,3,4,-1
lccn/sn85035720/1924-09-17,1,6,14,-8
lccn/sn85035720/1924-12-12,2,15,4,11
lccn/sn85035720/1924-12-11,2,17,6,11
lccn/sn97063183/1943-02-27,2,17,10,7
lccn/sn97063183/1944-01-22,2,10,4,6
lccn/sn97063183/1945-02-23,2,8,0,8
lccn/sn97063183/1942-06-10,1,2,3,-1
lccn/sn97063183/1946-01-19,2,7,6,1
lccn/sn97063183/1946-03-29,2,6,3,3
lccn/sn87093008/1929-02-15,1,7,8,-1
lccn/sn87093008/1916-03-24,2,6,4,2
lccn/sn90051167/1903-12-18,2,8,4,4
lccn/sn97063183/1941-06-14,2,10,8,2
lccn/sn97063183/1941-05-27,1,3,3,0
lccn/sn97063183/1941-03-01,2,9,4,5
lccn/sn97063183/1941-11-11,2,8,3,5
lccn/sn85059533/1887-08-27,2,18,8,10
lccn/sn87093407/1923-06-09,2,5,3,2
lccn/sn87093407/1924-03-15,2,6,4,2
lccn/sn85049838/1889-03-07,2,4,1,3
lccn/sn87057928/1904-06-23,2,3,0,3
lccn/sn87057928/1904-06-23,2,3,0,3
lccn/sn87057928/1904-03-24,2,7,5,2
lccn/sn87057928/1908-02-27,1,4,18,-14
lccn/sn91064030/1921-12-24,2,7,4,3
lccn/sn86063730/1934-03-23,1,6,9,-3
lccn/sn86063730/1934-03-24,1,8,8,0
lccn/sn86090947/1901-10-10,1,4,5,-1
lccn/sn86090947/1909-05-18,1,0,0,0
lccn/sn86090947/1910-06-28,1,7,11,-4
lccn/sn86090947/1910-08-02,1,4,5,-1
lccn/sn85040614/1894-09-06,2,9,5,4
lccn/sn85059533/1887-04-23,1,6,12,-6
lccn/sn85035801/1895-07-30,2,11,4,7
lccn/sn85035801/1895-09-17,1,0,1,-1
lccn/sn85035801/1895-10-01,2,7,3,4
lccn/sn82014085/1931-03-12,2,11,3,8
lccn/sn82014085/1931-03-28,2,12,3,9
lccn/sn82014085/1931-03-09,2,3,2,1
lccn/sn82014085/1931-10-16,1,2,13,-11
lccn/sn82014085/1931-10-01,2,9,4,5
lccn/sn82014085/1932-05-19,1,8,10,-2
lccn/sn85035524/1889-03-16,1,16,16,0
lccn/sn85035524/1893-06-02,2,17,3,14
lccn/sn85035524/1895-07-12,2,15,5,10
lccn/sn85035524/1895-07-19,2,4,1,3
lccn/sn85035524/1896-04-24,2,6,3,3
lccn/sn85035524/1895-08-16,2,12,5,7
lccn/sn85035524/1895-08-23,2,12,4,8
lccn/sn85035524/1895-08-30,2,13,11,2
lccn/sn85035524/1895-09-06,2,13,5,8
lccn/sn85035524/1895-09-13,2,10,0,10
lccn/sn85035524/1895-09-20,2,11,8,3
lccn/sn85035524/1899-03-03,1,0,9,-9
lccn/sn85035524/1895-10-11,1,7,11,-4
lccn/sn85035524/1895-11-01,2,16,2,14
lccn/sn85035524/1895-02-22,1,5,6,-1
lccn/sn85035524/1895-07-26,1,2,3,-1
lccn/sn85035524/1895-08-09,1,8,10,-2
lccn/sn85035524/1901-07-05,1,0,0,0
lccn/sn85035524/1907-10-04,2,11,0,11
lccn/sn85035524/1907-10-11,1,7,8,-1
lccn/sn85035524/1911-06-02,2,3,0,3
lccn/sn85035524/1911-03-24,1,6,6,0
lccn/sn85035524/1910-12-30,2,11,8,3
lccn/sn85035524/1910-04-29,1,4,6,-2
lccn/sn85035524/1909-10-22,1,6,11,-5
lccn/sn85035524/1910-08-26,1,3,5,-2
lccn/sn89053713/1921-12-10,1,0,0,0
lccn/sn89053713/1923-11-22,2,19,7,12
lccn/sn89053713/1923-08-11,1,4,12,-8
lccn/sn87093407/1925-09-11,2,9,7,2
lccn/sn82014085/1932-06-10,1,7,9,-2
lccn/sn82014085/1932-04-29,1,2,15,-13
lccn/sn82014085/1932-02-16,1,0,0,0
lccn/sn82014085/1932-04-06,1,8,12,-4
lccn/sn82014085/1932-01-25,1,1,6,-5
lccn/sn82014085/1932-11-30,2,6,5,1
lccn/sn82014085/1932-11-09,2,4,0,4
lccn/sn89053713/1924-09-30,2,9,1,8
lccn/sn85035524/1913-08-08,2,7,1,6
lccn/sn85035524/1915-07-23,2,2,0,2
lccn/sn84020422/1887-04-20,1,0,0,0
lccn/sn84020422/1895-08-07,2,3,1,2
lccn/sn84020422/1895-08-14,2,5,4,1
lccn/sn84020422/1895-08-21,2,7,3,4
lccn/sn84020422/1895-09-04,2,15,3,12
lccn/sn84020422/1895-09-11,2,14,7,7
lccn/sn84020422/1895-09-18,2,17,5,12
lccn/sn84020422/1895-10-16,1,0,0,0
lccn/sn84020422/1895-10-23,2,16,9,7
lccn/sn84020422/1895-10-02,2,8,1,7
lccn/sn84020422/1895-10-09,2,13,8,5
lccn/sn84020422/1896-01-22,2,7,2,5
lccn/sn84020422/1895-12-18,2,13,8,5
lccn/sn84020422/1895-11-06,2,15,13,2
lccn/sn84020422/1895-11-13,2,11,3,8
lccn/sn84020422/1895-11-27,1,12,17,-5
lccn/sn84020422/1895-12-04,1,12,20,-8
lccn/sn92064044/1890-11-21,2,16,2,14
lccn/sn92064044/1890-11-07,2,11,1,10
lccn/sn92064044/1890-11-14,2,9,1,8
lccn/sn92064044/1890-10-24,2,11,3,8
lccn/sn90063041/1923-04-13,2,10,6,4
lccn/sn87058308/1896-06-04,1,7,8,-1
lccn/sn82014085/1934-05-26,1,0,0,0
lccn/sn82014085/1933-01-09,1,6,8,-2
lccn/sn82014085/1934-12-08,2,1,0,1
lccn/sn82014085/1933-03-25,1,10,11,-1
lccn/sn82014085/1933-10-16,2,10,6,4
lccn/sn82014085/1933-01-19,1,0,0,0
lccn/sn89064489/1932-06-30,1,7,7,0
lccn/sn89064489/1932-09-15,2,11,6,5
lccn/sn88085187/1942-05-21,1,0,0,0
lccn/sn88085187/1942-10-08,2,3,2,1
lccn/sn87093007/1938-08-11,2,3,0,3
lccn/sn84022149/1882-09-26,2,9,2,7
lccn/sn86072173/1887-12-31,2,6,5,1
lccn/sn85059587/1921-06-13,2,19,7,12
lccn/sn85059587/1921-06-07,2,5,2,3
lccn/sn88085187/1941-08-28,2,14,4,10
lccn/sn86072173/1891-09-02,2,11,4,7
lccn/sn85025697/1865-09-02,2,12,3,9
lccn/sn85025697/1865-09-04,2,13,3,10
lccn/sn85025697/1865-09-06,2,13,7,6
lccn/sn85025697/1865-09-14,2,25,5,20
lccn/sn85025697/1865-09-15,2,15,2,13
lccn/sn85025697/1865-09-18,2,8,5,3
lccn/sn85025697/1865-09-08,2,18,5,13
lccn/sn85025697/1865-09-11,2,14,3,11
lccn/sn85025697/1865-09-12,2,24,4,20
lccn/sn85025697/1865-09-13,1,0,0,0
lccn/sn85025697/1865-10-03,1,0,0,0
lccn/sn85025697/1865-10-04,1,0,0,0
lccn/sn85025697/1865-09-23,1,0,0,0
lccn/sn85025697/1865-09-25,1,0,0,0
lccn/sn85025697/1865-09-26,2,13,4,9
lccn/sn85025697/1865-09-28,2,5,1,4
lccn/sn85025697/1865-09-19,2,9,6,3
lccn/sn85025697/1865-09-20,2,10,5,5
lccn/sn85025697/1865-09-22,2,11,3,8
lccn/sn83016209/1915-04-30,1,4,7,-3
lccn/sn83016209/1917-01-26,2,10,5,5
lccn/sn83016209/1914-05-29,1,3,4,-1
lccn/sn85025697/1866-10-09,2,7,6,1
lccn/sn85040614/1921-04-22,2,3,2,1
lccn/sn85040614/1918-11-15,2,11,2,9
lccn/sn85040614/1921-03-11,2,27,3,24
lccn/sn85040614/1920-11-12,2,11,10,1
lccn/sn85040614/1915-12-17,1,2,14,-12
lccn/sn85040614/1919-10-10,2,13,5,8
lccn/sn89051294/1910-05-20,2,15,5,10
lccn/sn89051294/1910-05-27,2,9,2,7
lccn/sn89051294/1910-04-29,2,12,7,5
lccn/sn89051294/1910-05-06,2,15,7,8
lccn/sn83016209/1929-11-08,2,11,3,8
lccn/sn83016209/1927-08-19,2,2,1,1
lccn/sn83016209/1922-03-24,1,5,6,-1
lccn/sn83016209/1930-09-12,2,5,4,1
lccn/sn83016209/1931-03-27,1,4,12,-8
lccn/sn83016209/1931-04-10,2,5,1,4
lccn/sn82014248/1897-12-30,2,9,4,5
lccn/sn82014248/1897-08-31,2,7,5,2
lccn/sn82014248/1897-12-02,1,1,6,-5
lccn/sn82014248/1897-06-08,1,5,10,-5
lccn/sn82014248/1896-11-06,2,14,10,4
lccn/sn82014248/1896-06-19,1,0,22,-22
lccn/sn82014248/1895-12-14,2,13,5,8
lccn/sn92070146/1933-03-18,1,6,9,-3
lccn/sn84020071/1875-10-07,2,8,2,6
lccn/sn82014085/1935-04-23,1,3,9,-6
lccn/sn82014085/1935-04-08,1,0,0,0
lccn/sn82014085/1935-09-23,2,5,2,3
lccn/sn82014085/1935-11-30,2,15,2,13
lccn/sn86063730/1935-03-07,1,6,8,-2
lccn/sn86063730/1935-03-08,1,6,7,-1
lccn/sn86063730/1935-05-12,2,7,5,2
lccn/sn86063730/1935-06-02,2,8,1,7
lccn/sn86063730/1935-06-09,2,17,6,11
lccn/sn89066097/1882-09-08,1,9,10,-1
lccn/sn85026941/1870-12-15,2,34,17,17
lccn/sn99068116/1886-03-11,1,5,6,-1
lccn/sn85026941/1923-10-05,1,1,4,-3
lccn/sn85026941/1923-02-23,2,14,1,13
lccn/sn85026941/1918-10-11,1,0,0,0
lccn/sn85026941/1920-03-05,2,12,5,7
lccn/sn86063730/1936-12-15,1,0,0,0
lccn/sn86063730/1936-10-21,2,3,2,1
lccn/sn89053729/1913-10-29,2,9,2,7
lccn/sn89053729/1913-10-29,2,9,2,7
lccn/sn89053729/1913-10-29,2,9,2,7
lccn/sn86063730/1935-12-18,2,7,2,5
lccn/sn86063730/1935-12-19,2,11,10,1
lccn/sn86063730/1936-02-20,2,6,0,6
lccn/sn86063730/1936-03-15,2,2,1,1
lccn/sn89053729/1913-10-15,1,0,0,0
lccn/sn92070146/1938-04-03,2,9,1,8
lccn/sn82014248/1895-03-06,2,12,5,7
lccn/sn82014085/1936-11-06,2,6,4,2
lccn/sn82014085/1936-11-21,2,9,6,3
lccn/sn82014085/1936-10-26,1,2,9,-7
lccn/sn82014085/1937-04-10,1,3,3,0
lccn/sn82014085/1937-05-29,1,1,1,0
lccn/sn84024707/1872-06-20,2,15,2,13
lccn/sn84024707/1872-07-18,2,13,0,13
lccn/sn84024707/1872-07-11,2,14,2,12
lccn/sn84024653/1890-08-15,2,11,2,9
lccn/sn85033123/1882-01-13,2,39,31,8
lccn/sn85033123/1881-01-21,1,2,4,-2
lccn/sn85033123/1884-03-28,2,4,3,1
lccn/sn83016804/1947-01-24,1,0,0,0
lccn/sn82014248/1900-04-03,1,4,9,-5
lccn/sn82014248/1900-04-21,2,9,3,6
lccn/sn82014248/1900-05-05,2,22,12,10
lccn/sn82014248/1900-03-21,1,4,6,-2
lccn/sn82014248/1900-09-27,2,10,5,5
lccn/sn82014248/1900-09-22,2,3,2,1
lccn/sn82014248/1901-02-07,2,3,1,2
lccn/sn82014248/1899-09-07,1,0,0,0
lccn/sn82014248/1899-04-25,1,10,11,-1
lccn/sn82014248/1898-06-16,2,14,3,11
lccn/sn82014248/1898-08-11,2,12,7,5
lccn/sn82014248/1898-12-10,2,8,3,5
lccn/sn82014248/1898-09-29,2,14,4,10
lccn/sn91070630/1895-09-04,1,4,11,-7
lccn/sn91070630/1895-08-13,1,0,0,0
lccn/sn91070630/1895-08-21,2,8,2,6
lccn/sn91070630/1895-06-29,1,2,10,-8
lccn/sn91070630/1895-06-21,1,6,10,-4
lccn/sn91070630/1895-11-19,1,3,4,-1
lccn/sn91070630/1892-10-11,1,1,1,0
lccn/sn91070630/1892-08-24,2,4,0,4
lccn/sn91070630/1892-09-05,1,2,8,-6
lccn/sn91070630/1892-06-20,2,5,3,2
lccn/sn91070630/1894-01-26,2,12,6,6
lccn/sn91070630/1895-01-25,1,3,9,-6
lccn/sn91070630/1898-03-12,2,7,5,2
lccn/sn91070630/1898-03-14,1,0,0,0
lccn/sn91070630/1897-05-01,2,7,3,4
lccn/sn91070630/1897-10-18,1,0,0,0
lccn/sn91070630/1897-10-02,1,0,0,0
lccn/sn91070630/1897-10-04,1,0,0,0
lccn/sn91070630/1897-09-23,1,6,9,-3
lccn/sn91070630/1897-09-24,2,19,4,15
lccn/sn91070630/1897-10-08,2,10,0,10
lccn/sn91070630/1897-10-05,1,0,0,0
lccn/sn91070630/1897-10-06,1,0,0,0
lccn/sn91070630/1897-10-19,2,7,3,4
lccn/sn91070630/1897-10-01,1,0,0,0
lccn/sn91070630/1897-10-14,1,0,0,0
lccn/sn91070630/1897-10-15,1,0,0,0
lccn/sn91070630/1897-10-12,1,0,0,0
lccn/sn91070630/1897-10-13,1,0,0,0
lccn/sn82014248/1899-11-01,2,10,7,3
lccn/sn91070630/1897-08-10,2,11,5,6
lccn/sn91070630/1897-10-23,2,11,7,4
lccn/sn91070630/1897-10-29,2,10,2,8
lccn/sn91070630/1897-10-21,2,17,2,15
lccn/sn91070630/1897-11-10,1,7,12,-5
lccn/sn91070630/1897-10-26,2,9,7,2
lccn/sn91070630/1897-11-05,1,0,0,0
lccn/sn91070630/1897-09-25,1,0,0,0
lccn/sn91070630/1897-10-09,1,0,0,0
lccn/sn91070630/1897-10-11,1,0,0,0
lccn/sn91070630/1897-11-29,1,0,0,0
lccn/sn91070630/1897-12-13,1,0,0,0
lccn/sn91070630/1897-12-01,1,0,0,0
lccn/sn91070630/1897-12-07,1,6,10,-4
lccn/sn91070630/1897-12-14,2,14,10,4
lccn/sn91070630/1897-09-29,1,0,0,0
lccn/sn91070630/1898-03-03,1,0,0,0
lccn/sn91070630/1898-04-13,1,0,0,0
lccn/sn91070630/1898-04-14,1,0,0,0
lccn/sn91070630/1898-04-15,2,13,7,6
lccn/sn91070630/1898-03-08,1,0,0,0
lccn/sn91070630/1898-03-31,1,0,0,0
lccn/sn91070630/1898-03-23,1,2,5,-3
lccn/sn91070630/1898-03-15,1,0,0,0
lccn/sn91070630/1898-03-16,1,0,0,0
lccn/sn91070630/1898-04-07,1,0,0,0
lccn/sn91070630/1898-03-25,1,0,0,0
lccn/sn91070630/1898-01-31,1,0,0,0
lccn/sn91070630/1898-01-24,1,0,0,0
lccn/sn91070630/1898-02-04,1,0,0,0
lccn/sn91070630/1898-02-01,1,0,0,0
lccn/sn91070630/1898-02-02,1,0,0,0
lccn/sn91070630/1898-01-27,2,9,6,3
lccn/sn91070630/1898-01-28,2,7,5,2
lccn/sn91070630/1897-12-06,2,8,4,4
lccn/sn91070630/1898-01-08,1,0,0,0
lccn/sn91070630/1898-01-17,1,7,14,-7
lccn/sn91070630/1898-01-06,1,0,0,0
lccn/sn91070630/1898-01-07,2,7,5,2
lccn/sn91070630/1898-01-05,2,8,4,4
lccn/sn91070630/1898-01-18,1,0,0,0
lccn/sn91070630/1898-01-19,1,0,0,0
lccn/sn91070630/1898-01-20,1,0,0,0
lccn/sn91070630/1898-01-21,2,5,3,2
lccn/sn91070630/1898-01-14,1,0,0,0
lccn/sn91070630/1898-01-13,1,0,0,0
lccn/sn91070630/1898-01-01,1,2,2,0
lccn/sn91070630/1897-12-29,1,0,0,0
lccn/sn91070630/1897-11-15,1,0,0,0
lccn/sn91070630/1897-11-23,1,0,0,0
lccn/sn91070630/1897-11-12,1,0,0,0
lccn/sn91070630/1897-11-16,1,0,0,0
lccn/sn91070630/1897-11-26,1,0,0,0
lccn/sn91070630/1898-02-19,1,0,0,0
lccn/sn91070630/1898-02-17,2,9,3,6
lccn/sn91070630/1898-02-18,2,14,5,9
lccn/sn91070630/1898-02-22,2,7,3,4
lccn/sn85038485/1916-03-05,1,4,6,-2
lccn/sn85038485/1916-03-12,2,13,1,12
lccn/sn90052005/1911-03-15,1,0,0,0
lccn/sn87062224/1950-08-25,1,5,18,-13
lccn/sn87062224/1948-01-09,1,2,3,-1
lccn/sn87062224/1949-03-25,1,4,8,-4
lccn/sn87062224/1949-04-01,2,4,3,1
lccn/sn87062224/1949-09-02,1,5,8,-3
lccn/sn87062224/1949-09-09,2,7,4,3
lccn/sn87062224/1948-10-22,2,14,6,8
lccn/sn87062224/1948-11-05,2,23,3,20
lccn/sn90052005/1910-06-18,2,7,1,6
lccn/sn85038485/1919-04-16,1,1,4,-3
lccn/sn85033255/1882-10-05,2,12,3,9
lccn/sn85033255/1879-07-24,2,7,2,5
lccn/sn85033255/1895-07-11,2,7,4,3
lccn/sn85033255/1891-06-18,2,9,2,7
lccn/sn85033255/1891-06-25,2,9,2,7
lccn/sn85033255/1891-06-11,2,9,2,7
lccn/sn85033255/1891-04-23,2,18,4,14
lccn/sn85033255/1897-05-20,2,5,0,5
lccn/sn85033255/1885-06-25,1,6,6,0
lccn/sn85033255/1885-08-13,2,6,2,4
lccn/sn87062224/1920-11-19,2,10,3,7
lccn/sn87062224/1924-06-27,2,5,1,4
lccn/sn87062224/1925-10-30,2,17,3,14
lccn/sn87062224/1925-04-17,1,8,8,0
lccn/sn87062224/1924-07-25,2,15,4,11
lccn/sn87062224/1926-06-04,2,9,4,5
lccn/sn87062224/1926-05-14,2,10,4,6
lccn/sn87062224/1919-10-31,1,1,1,0
lccn/sn87062224/1919-08-29,2,11,5,6
lccn/sn87062224/1928-08-31,1,5,11,-6
lccn/sn87062224/1928-09-07,1,3,6,-3
lccn/sn87062224/1929-06-14,2,5,2,3
lccn/sn87062224/1927-09-23,2,32,4,28
lccn/sn87062224/1928-01-27,1,8,10,-2
lccn/sn87062224/1928-10-19,2,6,3,3
lccn/sn87062224/1916-08-25,1,6,12,-6
lccn/sn87062224/1930-01-10,2,1,0,1
lccn/sn87062224/1930-05-16,2,20,7,13
lccn/sn87062224/1930-02-14,2,8,2,6
lccn/sn87062224/1930-02-28,2,16,4,12
lccn/sn87062224/1930-02-28,2,9,1,8
lccn/sn82014085/1943-02-15,1,4,7,-3
lccn/sn85040310/1916-01-27,1,4,6,-2
lccn/sn85038485/1919-12-30,2,8,5,3
lccn/sn85038485/1920-04-07,2,12,1,11
lccn/sn85038485/1920-05-12,1,4,6,-2
lccn/sn85040310/1920-07-29,2,10,7,3
lccn/sn85040310/1921-07-14,2,12,6,6
lccn/sn85040310/1918-01-17,2,18,9,9
lccn/sn85038485/1916-04-06,2,4,2,2
lccn/sn85040310/1923-02-01,1,2,8,-6
lccn/sn85040310/1923-05-31,1,6,8,-2
lccn/sn85040310/1923-06-14,1,4,13,-9
lccn/sn90052005/1917-06-19,2,11,6,5
lccn/sn90052005/1917-11-14,2,6,1,5
lccn/sn90052005/1917-09-06,2,20,12,8
lccn/sn90052005/1919-04-14,2,14,1,13
lccn/sn90052005/1918-10-21,2,4,2,2
lccn/sn90052005/1910-02-01,2,8,3,5
lccn/sn82014248/1904-06-25,2,6,3,3
lccn/sn82014248/1904-06-24,1,12,13,-1
lccn/sn82014248/1904-04-19,2,8,4,4
lccn/sn82014248/1904-05-18,2,17,1,16
lccn/sn82014248/1905-06-12,2,7,2,5
lccn/sn82014248/1905-06-22,2,11,3,8
lccn/sn82014248/1905-08-31,1,3,9,-6
lccn/sn82014248/1905-06-20,2,20,4,16
lccn/sn82014248/1905-07-10,2,11,5,6
lccn/sn82014248/1905-12-08,2,20,4,16
lccn/sn82014248/1906-02-21,2,7,5,2
lccn/sn82014248/1906-04-02,2,9,3,6
lccn/sn85033221/1870-01-06,1,4,4,0
lccn/sn85033221/1867-02-23,1,0,0,0
lccn/sn86086437/1859-09-28,1,0,0,0
lccn/sn86086437/1859-02-09,2,6,2,4
lccn/sn90052005/1910-06-23,2,10,5,5
lccn/sn84024653/1860-06-08,2,9,3,6
lccn/sn82014085/1937-10-23,2,11,2,9
lccn/sn87062224/1895-09-27,1,0,0,0
lccn/sn87062224/1889-02-08,2,12,3,9
lccn/sn82014085/1939-02-21,2,11,1,10
lccn/sn82014085/1938-10-17,2,23,20,3
lccn/sn87062224/1901-09-20,2,24,4,20
lccn/sn87062224/1901-10-04,2,12,4,8
lccn/sn87062224/1901-10-11,2,22,2,20
lccn/sn87062224/1901-08-30,2,8,7,1
lccn/sn87062224/1901-09-06,2,11,4,7
lccn/sn87062224/1901-08-16,2,11,1,10
lccn/sn87062224/1901-08-23,2,11,6,5
lccn/sn87062224/1901-08-09,2,13,4,9
lccn/sn83002748/1900-05-24,1,0,0,0
lccn/sn87062224/1946-09-20,2,8,2,6
lccn/sn87062224/1946-10-04,2,15,2,13
lccn/sn87062224/1944-05-26,1,6,6,0
lccn/sn87062224/1944-06-02,2,9,4,5
lccn/sn87062224/1946-08-09,2,9,1,8
lccn/sn87062224/1943-06-04,2,8,7,1
lccn/sn87062224/1946-12-20,1,5,10,-5
lccn/sn87062224/1947-05-02,2,5,4,1
lccn/sn87062224/1932-05-13,1,4,5,-1
lccn/sn87062224/1931-06-05,2,7,1,6
lccn/sn87062224/1932-03-04,1,5,13,-8
lccn/sn87062224/1931-06-26,2,20,5,15
lccn/sn87062224/1933-03-17,1,0,5,-5
lccn/sn87062224/1932-10-14,2,7,6,1
lccn/sn87062224/1936-11-27,2,9,5,4
lccn/sn87062224/1935-10-11,1,3,7,-4
lccn/sn87062224/1935-08-02,2,7,2,5
lccn/sn87062224/1935-04-12,2,6,4,2
lccn/sn87062224/1935-02-22,1,1,3,-2
lccn/sn87062224/1934-03-23,2,9,4,5
lccn/sn87062224/1931-09-11,1,4,7,-3
lccn/sn87062224/1934-01-19,1,7,8,-1
lccn/sn87062224/1938-03-25,1,1,2,-1
lccn/sn87062224/1936-12-18,2,7,5,2
lccn/sn87062224/1937-05-21,1,0,5,-5
lccn/sn87062224/1937-02-05,2,3,0,3
lccn/sn87062224/1939-10-13,2,5,3,2
lccn/sn87062224/1939-11-10,2,11,2,9
lccn/sn87062224/1939-02-03,2,2,1,1
lccn/sn87062224/1942-12-18,2,7,0,7
lccn/sn87062224/1942-12-11,2,11,6,5
lccn/sn87062224/1942-09-18,1,3,11,-8
lccn/sn87062224/1942-04-17,2,12,9,3
lccn/sn87062224/1941-05-02,2,5,3,2
lccn/sn87062224/1941-04-25,2,9,5,4
lccn/sn87062224/1941-03-14,1,5,8,-3
lccn/sn87062224/1941-08-08,2,7,3,4
lccn/sn87062224/1940-10-04,2,4,1,3
lccn/sn87062224/1940-10-11,2,8,2,6
lccn/sn87062224/1940-05-31,2,12,8,4
lccn/sn87062224/1931-05-08,2,12,5,7
lccn/sn87062224/1944-10-27,2,8,3,5
lccn/sn82014085/1942-01-27,2,7,3,4
lccn/sn82014085/1941-09-02,2,15,10,5
lccn/sn82014085/1941-10-17,2,5,1,4
lccn/sn82014085/1942-11-17,1,3,3,0
lccn/sn82014085/1942-01-31,2,12,5,7
lccn/sn82014085/1944-04-17,2,6,5,1
lccn/sn82014085/1944-03-17,1,4,10,-6
lccn/sn85038485/1918-05-26,2,10,3,7
lccn/sn82014085/1944-08-22,2,16,6,10
lccn/sn85038485/1918-09-10,2,12,0,12
lccn/sn85038485/1918-09-11,2,22,0,22
lccn/sn85038485/1918-09-27,2,13,0,13
lccn/sn85038485/1918-09-28,2,10,4,6
lccn/sn85038485/1918-08-27,2,15,0,15
lccn/sn85038485/1918-03-13,2,9,3,6
lccn/sn82014085/1944-12-21,1,4,4,0
lccn/sn91070630/1899-04-04,2,7,6,1
lccn/sn91070630/1898-11-04,1,5,13,-8
lccn/sn91070630/1900-06-23,2,3,0,3
lccn/sn91070630/1900-06-02,1,6,9,-3
lccn/sn91070630/1899-12-05,2,9,1,8
lccn/sn91070630/1899-10-31,2,7,0,7
lccn/sn91070630/1899-11-01,2,8,0,8
lccn/sn91070630/1899-11-28,2,6,1,5
lccn/sn91070630/1899-12-02,2,10,1,9
lccn/sn91070630/1899-12-04,2,10,1,9
lccn/sn89051168/1920-05-25,1,0,0,0
lccn/sn89051168/1920-05-26,1,0,0,0
lccn/sn89051168/1920-05-27,1,0,0,0
lccn/sn86072160/1923-04-22,2,7,0,7
lccn/sn85033255/1899-08-24,2,10,1,9
lccn/sn85033255/1899-05-25,1,9,9,0
lccn/sn85033255/1899-08-17,2,8,1,7
lccn/sn85033255/1904-06-09,1,2,9,-7
lccn/sn85033255/1910-06-09,2,6,5,1
lccn/sn86072160/1922-10-13,1,1,6,-5
lccn/sn86072160/1921-08-13,1,0,0,0
lccn/sn86072160/1918-11-16,2,4,3,1
lccn/sn82014248/1902-09-15,2,21,11,10
lccn/sn82014248/1902-12-31,2,12,10,2
lccn/sn82014248/1904-02-24,2,6,4,2
lccn/sn82014248/1902-11-25,1,7,8,-1
lccn/sn82014248/1902-03-07,1,11,15,-4
lccn/sn82014248/1904-03-09,2,12,2,10
lccn/sn82014248/1904-06-06,2,9,3,6
lccn/sn82014085/1945-03-17,2,11,4,7
lccn/sn82014085/1945-02-23,1,4,11,-7
lccn/sn82014085/1945-02-17,2,11,5,6
lccn/sn82014085/1945-02-10,2,8,1,7
lccn/sn82014085/1945-01-05,2,9,3,6
lccn/sn82014085/1945-01-13,1,3,11,-8
lccn/sn82014085/1945-05-02,1,2,10,-8
lccn/sn82014085/1945-04-25,2,17,5,12
lccn/sn82014085/1946-05-11,1,3,6,-3
lccn/sn82014085/1946-04-09,1,6,7,-1
lccn/sn82014085/1946-04-06,1,1,8,-7
lccn/sn82014085/1946-02-02,2,9,6,3
lccn/sn82014085/1946-02-09,2,3,1,2
lccn/sn82014085/1946-10-12,2,12,8,4
lccn/sn82014085/1946-10-05,2,10,8,2
lccn/sn82014085/1945-10-22,1,1,2,-1
lccn/sn82014085/1945-10-09,1,8,9,-1
lccn/sn82014085/1945-12-08,2,7,6,1
lccn/sn82014085/1945-12-01,1,7,8,-1
lccn/sn82014085/1945-11-24,2,23,3,20
lccn/sn82014085/1945-11-03,1,0,4,-4
lccn/sn82014085/1945-11-17,2,11,1,10
lccn/sn82014085/1946-03-30,2,6,1,5
lccn/sn82014085/1946-12-07,2,1,0,1
lccn/sn90052005/1911-09-16,2,9,8,1
lccn/sn90052005/1911-06-16,1,0,0,0
lccn/sn90052005/1911-07-25,2,15,3,12
lccn/sn90052005/1912-09-10,2,6,4,2
lccn/sn90052005/1912-09-29,2,5,4,1
lccn/sn90052005/1912-11-16,2,21,2,19
lccn/sn90052005/1913-07-27,2,15,1,14
lccn/sn90052005/1913-09-20,2,9,4,5
lccn/sn90052005/1913-10-08,1,6,7,-1
lccn/sn90052005/1913-07-07,1,0,0,0
lccn/sn90052005/1913-06-23,1,5,7,-2
lccn/sn90052005/1913-07-24,1,0,0,0
lccn/sn90052005/1913-03-03,1,0,0,0
lccn/sn90052005/1913-05-20,2,3,2,1
lccn/sn90052005/1913-06-07,2,12,0,12
lccn/sn90052005/1913-02-06,2,11,5,6
lccn/sn90052005/1913-02-17,1,0,0,0
lccn/sn90052005/1912-08-17,2,2,1,1
lccn/sn83016589/1901-08-23,2,11,3,8
lccn/sn83016589/1902-01-31,2,10,6,4
lccn/sn83016589/1888-12-21,2,11,4,7
lccn/sn83016589/1898-02-11,2,2,1,1
lccn/sn83016589/1901-02-15,2,21,10,11
lccn/sn90052005/1911-05-29,2,8,7,1
lccn/sn83016209/1895-06-21,2,13,5,8
lccn/sn83016209/1896-10-09,2,6,3,3
lccn/sn83016209/1896-10-16,1,0,0,0
lccn/sn83016209/1896-10-23,2,15,1,14
lccn/sn83016209/1857-05-29,1,17,17,0
lccn/sn86092086/1912-09-12,1,3,3,0
lccn/sn83016209/1890-05-30,2,25,8,17
lccn/sn90052005/1911-05-05,2,8,5,3
lccn/sn90052005/1912-02-23,1,6,6,0
lccn/sn90052005/1912-03-18,1,1,3,-2
lccn/sn85033133/1867-03-05,1,7,9,-2
lccn/sn85033133/1866-05-29,1,10,15,-5
lccn/sn87056978/1935-05-12,2,7,5,2
lccn/sn87056978/1935-06-09,2,16,5,11
lccn/sn90052005/1914-09-06,2,22,7,15
lccn/sn90052005/1914-07-19,2,8,3,5
lccn/sn90052005/1914-06-28,2,18,4,14
lccn/sn90052005/1914-07-20,1,0,0,0
lccn/sn90052005/1914-07-21,1,2,2,0
lccn/sn90052005/1915-02-28,1,1,4,-3
lccn/sn90052005/1915-04-18,2,4,1,3
lccn/sn90052005/1915-03-08,2,25,18,7
lccn/sn90052005/1914-03-22,2,13,6,7
lccn/sn90052005/1915-09-15,1,5,8,-3
lccn/sn90052005/1915-09-05,1,4,36,-32
lccn/sn90052005/1915-08-22,2,21,10,11
lccn/sn85033133/1900-01-04,2,8,3,5
lccn/sn85033133/1899-09-07,2,32,6,26
lccn/sn90052005/1917-02-13,1,0,0,0
lccn/sn90052005/1917-01-17,2,8,2,6
lccn/sn90052005/1916-03-28,2,9,8,1
lccn/sn90052005/1915-11-24,1,0,4,-4
lccn/sn90052005/1916-06-27,1,2,4,-2
lccn/sn85033255/1921-07-21,2,13,3,10
lccn/sn83016589/1912-06-28,2,13,4,9
lccn/sn83016589/1912-07-05,1,0,0,0
lccn/sn83016589/1915-07-02,2,11,6,5
lccn/sn83016589/1915-06-18,2,4,0,4
lccn/sn83016589/1908-03-20,1,3,11,-8
lccn/sn83016589/1914-09-25,1,1,8,-7
lccn/sn83016589/1913-04-18,2,10,9,1
lccn/sn83016589/1914-03-20,2,4,2,2
lccn/sn83016589/1914-02-20,2,9,4,5
lccn/sn83016589/1914-03-27,2,17,6,11
lccn/sn83016589/1913-01-03,2,14,6,8
lccn/sn83016589/1913-03-14,2,5,4,1
lccn/sn83016589/1913-01-24,2,12,9,3
lccn/sn83016589/1912-10-18,1,1,5,-4
lccn/sn83016589/1910-11-11,1,10,11,-1
lccn/sn83016589/1910-12-30,2,9,7,2
lccn/sn83016589/1911-01-20,1,16,16,0
lccn/sn83016589/1911-03-10,1,7,8,-1
lccn/sn83016589/1911-09-08,2,16,3,13
lccn/sn83016589/1911-09-22,2,8,2,6
lccn/sn83016589/1907-08-30,2,26,24,2
lccn/sn83016589/1910-03-11,1,5,12,-7
lccn/sn83016589/1911-04-07,2,6,2,4
lccn/sn83016589/1911-03-17,2,9,6,3
lccn/sn83016589/1911-06-09,2,3,1,2
lccn/sn83016589/1907-07-12,2,10,5,5
lccn/sn83016589/1908-01-17,1,4,7,-3
lccn/sn83016589/1919-09-19,2,3,0,3
lccn/sn83016589/1922-07-21,2,12,2,10
lccn/sn83016589/1922-05-05,1,6,7,-1
lccn/sn83016589/1921-09-09,2,15,6,9
lccn/sn83016589/1921-11-04,2,19,6,13
lccn/sn83016589/1921-06-10,2,14,2,12
lccn/sn83016589/1921-06-10,1,4,18,-14
lccn/sn83016589/1921-07-15,1,2,4,-2
lccn/sn83016589/1920-07-30,2,24,3,21
lccn/sn83016589/1920-11-05,2,5,2,3
lccn/sn83016589/1921-12-16,2,11,9,2
lccn/sn83016589/1921-12-30,2,14,6,8
lccn/sn83016589/1922-02-17,2,5,4,1
lccn/sn83016589/1920-10-29,2,12,2,10
lccn/sn83016589/1921-01-28,1,1,4,-3
lccn/sn83016589/1920-05-14,1,11,20,-9
lccn/sn83016589/1920-06-04,2,4,1,3
lccn/sn83016589/1920-05-28,1,4,9,-5
lccn/sn83016589/1920-05-07,1,0,7,-7
lccn/sn83016589/1915-12-17,2,6,5,1
lccn/sn83016589/1916-09-22,2,9,7,2
lccn/sn83016589/1916-09-29,2,17,4,13
lccn/sn83016589/1916-09-08,1,7,9,-2
lccn/sn83016589/1917-11-09,1,5,5,0
lccn/sn83016589/1917-12-28,2,10,7,3
lccn/sn83016589/1916-02-18,2,8,4,4
lccn/sn83016589/1916-06-02,1,3,11,-8
lccn/sn83016589/1916-06-02,2,18,1,17
lccn/sn83016589/1916-04-21,1,6,8,-2
lccn/sn83016589/1917-06-15,1,8,10,-2
lccn/sn83016589/1917-03-23,1,3,4,-1
lccn/sn83016589/1906-03-23,1,2,7,-5
lccn/sn83016589/1905-12-01,1,5,5,0
lccn/sn83016589/1904-09-02,2,13,8,5
lccn/sn83016589/1903-07-31,2,8,6,2
lccn/sn83016589/1903-02-06,2,15,7,8
lccn/sn83016589/1903-07-17,1,16,22,-6
lccn/sn83016589/1922-11-03,1,0,0,0
lccn/sn85036014/1887-03-13,1,7,9,-2
lccn/sn84026089/1876-02-02,2,16,5,11
lccn/sn84026089/1882-08-16,1,4,10,-6
lccn/sn84026749/1923-06-11,2,8,1,7
lccn/sn84026749/1923-01-25,1,0,0,0
lccn/sn84026089/1889-10-30,2,12,6,6
lccn/sn84026089/1896-03-18,2,11,7,4
lccn/sn84026089/1908-03-18,2,11,10,1
lccn/sn84026089/1908-03-18,2,8,3,5
lccn/sn86072160/1923-11-26,2,11,6,5
lccn/sn84026749/1925-09-21,1,0,6,-6
lccn/sn84026749/1926-05-14,2,8,7,1
lccn/sn84026749/1927-07-30,1,0,5,-5
lccn/sn85058130/1900-01-30,1,5,8,-3
lccn/sn83045160/1867-08-20,2,6,3,3
lccn/sn83045462/1934-01-21,2,16,3,13
lccn/sn83045462/1949-08-29,1,0,0,0
lccn/sn85066387/1909-07-24,2,10,4,6
lccn/sn94052989/1892-06-13,2,26,21,5
lccn/sn85058140/1909-09-07,2,7,3,4
lccn/sn85058130/1905-09-10,2,17,0,17
lccn/sn83030272/1910-05-30,1,5,6,-1
lccn/sn94052989/1891-05-14,1,10,18,-8
lccn/sn83045462/1927-06-19,2,7,1,6
lccn/sn98060050/1889-01-25,2,14,4,10
lccn/sn83045462/1886-02-18,1,3,8,-5
lccn/sn83045462/1926-04-11,2,14,0,14
lccn/sn83045160/1883-06-10,2,10,2,8
lccn/sn83045462/1932-09-12,2,8,0,8
lccn/sn83045462/1932-10-24,2,19,2,17
lccn/sn83045462/1932-11-01,2,7,3,4
lccn/sn83045462/1932-10-31,2,24,5,19
lccn/sn83045462/1930-10-05,2,14,2,12
lccn/sn83045462/1945-06-27,2,5,3,2
lccn/sn83045462/1945-03-21,2,14,2,12
lccn/sn83045462/1945-08-19,2,23,3,20
lccn/sn83045462/1945-03-28,2,7,3,4
lccn/sn83045462/1945-06-14,2,12,3,9
lccn/sn83045462/1945-06-15,1,0,0,0
lccn/sn83045462/1940-03-31,2,13,0,13
lccn/sn83045462/1940-07-28,2,22,7,15
lccn/sn83045462/1940-07-28,1,0,0,0
lccn/sn83045462/1944-06-25,2,14,0,14
lccn/sn83045462/1943-06-09,2,19,1,18
lccn/sn83045462/1943-06-01,2,9,4,5
lccn/sn83045462/1940-06-23,2,3,1,2
lccn/sn83045462/1937-06-29,1,4,6,-2
lccn/sn83045462/1937-06-27,2,10,0,10
lccn/sn83045462/1933-03-31,1,0,0,0
lccn/sn83045462/1939-01-28,1,0,0,0
lccn/sn83045462/1944-04-23,2,10,0,10
lccn/sn83045462/1944-03-12,2,26,2,24
lccn/sn83045462/1944-03-25,2,7,2,5
lccn/sn83045462/1944-04-08,2,10,3,7
lccn/sn83045462/1947-06-10,2,22,1,21
lccn/sn83045462/1946-08-05,1,3,7,-4
lccn/sn83045462/1947-04-02,2,6,0,6
lccn/sn83045462/1947-04-22,2,16,0,16
lccn/sn83045462/1948-09-08,2,14,1,13
lccn/sn83045462/1948-09-08,1,0,0,0
lccn/sn83045462/1946-11-05,2,18,1,17
lccn/sn83045462/1946-10-25,2,3,2,1
lccn/sn83045462/1946-12-06,2,16,2,14
lccn/sn83045462/1947-09-07,2,7,1,6
lccn/sn83045462/1948-04-07,2,8,1,7
lccn/sn83045462/1948-04-06,2,10,2,8
lccn/sn83045462/1947-10-02,2,8,0,8
lccn/sn83045462/1948-04-17,2,10,1,9
lccn/sn83045462/1948-04-20,2,12,0,12
lccn/sn83045462/1947-10-04,2,11,1,10
lccn/sn83045462/1948-04-01,2,7,1,6
lccn/sn83045462/1948-04-02,2,17,1,16
lccn/sn83045462/1947-08-29,2,15,5,10
lccn/sn83045462/1948-04-21,2,11,0,11
lccn/sn83045462/1947-01-19,2,16,1,15
lccn/sn83045462/1930-06-21,2,17,1,16
lccn/sn83045462/1933-06-06,2,5,1,4
lccn/sn78000873/1885-06-11,1,8,9,-1
lccn/sn83045462/1941-08-14,2,9,1,8
lccn/sn83045462/1942-09-25,2,12,1,11
lccn/sn83045462/1950-08-13,2,17,1,16
lccn/sn83045462/1948-12-30,2,18,3,15
lccn/sn83045462/1949-02-06,2,27,3,24
lccn/sn83045462/1948-12-18,2,12,1,11
lccn/sn83045462/1948-11-10,1,0,0,0
lccn/sn83045462/1937-06-13,2,10,1,9
lccn/sn83045462/1937-01-31,2,14,0,14
lccn/sn83045462/1934-01-14,1,0,0,0
lccn/sn83045462/1936-10-18,2,17,0,17
lccn/sn83045462/1936-08-30,2,16,1,15
lccn/sn83045462/1936-09-12,2,12,1,11
lccn/sn83045462/1937-01-10,2,10,0,10
lccn/sn83045462/1936-02-16,1,0,0,0
lccn/sn83045462/1938-05-29,2,9,2,7
lccn/sn83045462/1942-05-30,2,4,2,2
lccn/sn83045462/1950-01-27,2,19,4,15
lccn/sn83045462/1948-09-13,2,31,1,30
lccn/sn83045462/1947-10-18,2,18,0,18
lccn/sn83045462/1947-10-17,2,12,1,11
lccn/sn83045462/1947-12-06,2,12,1,11
lccn/sn83045462/1947-12-05,2,5,0,5
lccn/sn83045462/1947-11-17,2,11,1,10
lccn/sn83045462/1947-02-19,2,12,0,12
lccn/sn83045462/1947-02-21,2,10,0,10
lccn/sn83045462/1948-03-13,2,12,4,8
lccn/sn83045462/1948-01-25,2,20,1,19
lccn/sn83045462/1950-04-25,2,15,2,13
lccn/sn83045462/1950-04-23,2,15,2,13
lccn/sn83045462/1947-05-11,2,2,1,1
lccn/sn83045462/1947-05-08,1,1,1,0
lccn/sn83045462/1950-09-10,2,9,1,8
lccn/sn83045462/1945-09-01,2,18,2,16
lccn/sn83045462/1946-01-17,2,6,2,4
lccn/sn83045462/1945-10-04,2,14,2,12
lccn/sn83045462/1946-01-15,2,8,0,8
lccn/sn83045462/1946-02-10,2,14,1,13
lccn/sn83045462/1941-06-08,2,12,1,11
lccn/sn86060019/1857-09-23,2,9,3,6
lccn/sn82014381/1880-05-27,1,6,11,-5
lccn/sn83016348/1872-02-17,2,26,10,16
lccn/sn83016348/1883-10-20,2,12,9,3
lccn/sn82014381/1884-07-26,1,4,4,0
lccn/sn82014381/1880-07-09,2,1,0,1
lccn/sn85066387/1911-11-01,2,9,4,5
lccn/sn82014381/1887-03-01,1,6,16,-10
lccn/sn82014381/1887-05-03,2,6,1,5
lccn/sn86053571/1869-12-03,2,9,7,2
lccn/sn83045462/1878-05-15,1,2,15,-13
lccn/sn84026824/1893-09-01,2,20,7,13
lccn/sn83045462/1873-07-09,2,5,4,1
lccn/sn86088296/1883-09-06,1,6,8,-2
lccn/sn83030214/1907-02-17,1,4,5,-1
lccn/sn83030214/1907-02-22,2,4,0,4
lccn/sn84026749/1906-02-04,1,9,10,-1
lccn/sn83016348/1893-02-25,2,9,1,8
lccn/sn83016348/1893-03-04,1,3,3,0
lccn/sn83035216/1872-04-27,2,9,7,2
lccn/sn82014424/1882-09-27,2,8,5,3
lccn/sn82014424/1882-09-05,2,6,2,4
lccn/sn86053573/1881-10-05,2,14,7,7
lccn/sn86053573/1881-09-21,1,5,6,-1
lccn/sn86053573/1881-09-26,2,16,10,6
lccn/sn86053573/1886-09-23,1,4,4,0
lccn/sn86053573/1881-09-12,1,10,10,0
lccn/sn85038614/1901-12-20,2,6,2,4
lccn/sn83045462/1864-06-28,2,23,11,12
lccn/sn84026749/1906-12-18,1,6,13,-7
lccn/sn83045462/1887-12-03,2,14,9,5
lccn/sn83045462/1889-08-14,2,13,6,7
lccn/sn84031492/1876-06-21,2,13,10,3
lccn/sn84022770/1891-08-28,2,6,2,4
lccn/sn86071045/1896-08-27,1,1,1,0
lccn/sn86071045/1892-03-18,1,6,6,0
lccn/sn83030214/1904-01-19,1,7,7,0
lccn/sn83045462/1895-12-11,2,19,8,11
lccn/sn84031492/1875-06-30,1,7,10,-3
lccn/sn83035143/1859-03-09,1,8,8,0
lccn/sn83045462/1910-10-01,2,6,4,2
lccn/sn83045462/1910-10-06,2,14,4,10
lccn/sn86071197/1902-06-29,2,3,1,2
lccn/sn98060050/1879-08-15,2,8,2,6
lccn/sn98060050/1891-02-06,2,28,9,19
lccn/sn86072143/1884-06-13,2,9,4,5
lccn/sn83045462/1883-09-08,2,5,3,2
lccn/sn83045462/1883-09-15,1,0,0,0
lccn/sn83045462/1883-09-24,2,2,0,2
lccn/sn83045462/1883-09-29,2,10,5,5
lccn/sn83045462/1883-10-03,2,12,5,7
lccn/sn83045462/1883-10-06,2,23,3,20
lccn/sn83045462/1883-10-08,2,10,4,6
lccn/sn83045462/1883-10-09,1,3,5,-2
lccn/sn83045462/1883-10-11,2,3,2,1
lccn/sn83045462/1882-09-16,1,3,3,0
lccn/sn83045462/1882-09-22,2,12,2,10
lccn/sn83045462/1882-09-23,1,4,6,-2
lccn/sn83045462/1882-09-27,2,7,1,6
lccn/sn83045462/1882-09-30,2,7,3,4
lccn/sn83045462/1882-10-03,2,12,3,9
lccn/sn83045462/1882-10-04,2,6,0,6
lccn/sn83045462/1882-10-05,2,9,4,5
lccn/sn83045462/1882-10-06,2,4,0,4
lccn/sn83045462/1882-10-09,2,11,2,9
lccn/sn83045462/1881-09-10,2,3,2,1
lccn/sn83045462/1914-10-17,2,24,15,9
lccn/sn86053571/1868-06-25,2,10,8,2
lccn/sn84028385/1858-07-21,2,10,3,7
lccn/sn84026749/1906-06-12,1,3,5,-2
lccn/sn83045555/1900-06-16,2,11,5,6
lccn/sn94052989/1894-01-11,1,3,4,-1
lccn/sn85058130/1905-09-01,2,7,3,4
lccn/sn84024441/1902-03-13,2,7,2,5
lccn/sn83045462/1901-07-11,2,5,4,1
lccn/sn84026749/1907-06-06,2,4,2,2
lccn/sn84026749/1903-12-10,2,11,3,8
lccn/sn93060412/1888-01-07,2,10,9,1
lccn/sn85066387/1896-09-12,2,10,1,9
lccn/sn83045462/1906-09-18,2,16,11,5
lccn/sn83045462/1870-06-22,2,5,1,4
lccn/sn95047324/1904-06-03,2,8,5,3
lccn/sn83030214/1888-09-18,2,13,1,12
lccn/sn83045462/1906-04-29,1,0,0,0
lccn/sn83045160/1871-09-13,1,7,10,-3
lccn/sn83045160/1871-05-27,2,11,9,2
lccn/sn83045160/1865-11-10,2,3,2,1
lccn/sn83045462/1930-08-30,2,9,4,5
lccn/sn83045462/1930-10-02,2,20,1,19
lccn/sn83045462/1930-10-06,2,10,3,7
lccn/sn83045462/1934-03-28,2,1,0,1
lccn/sn83045462/1944-07-17,2,12,0,12
lccn/sn83045462/1937-09-19,2,17,5,12
lccn/sn92056106/1873-01-16,2,14,4,10
lccn/sn83045462/1947-08-16,2,18,1,17
lccn/sn83045462/1947-08-09,2,22,4,18
lccn/sn83045462/1948-05-13,2,5,0,5
lccn/sn83045462/1931-02-04,1,0,0,0
lccn/sn83016025/1886-02-24,2,13,7,6
lccn/sn82015137/1884-09-16,2,7,2,5
lccn/sn83045462/1938-03-27,2,7,1,6
lccn/sn83045462/1938-02-20,2,17,2,15
lccn/sn83045462/1938-05-01,2,21,1,20
lccn/sn83045462/1938-01-30,1,3,3,0
lccn/sn85042354/1921-01-21,2,8,4,4
lccn/sn84022374/1889-11-07,1,3,5,-2
lccn/sn84022374/1870-12-15,2,10,2,8
lccn/sn82015313/1931-12-16,2,6,1,5
lccn/sn87058308/1885-10-01,2,3,0,3
lccn/sn87058308/1885-10-01,2,3,0,3
lccn/sn87058308/1888-08-02,2,43,17,26
lccn/sn84022565/1905-03-30,1,0,5,-5
lccn/sn96075050/1917-04-12,2,7,3,4
lccn/sn85049838/1886-09-02,2,15,11,4
lccn/sn83045462/1938-02-06,2,5,2,3
lccn/sn83045604/1900-06-17,1,0,0,0
lccn/sn83045604/1900-06-03,2,8,6,2
lccn/sn91068402/1896-10-01,2,10,1,9
lccn/sn91068245/1900-04-26,2,5,3,2
lccn/sn91068245/1897-09-30,2,7,6,1
lccn/sn83045604/1897-05-02,2,14,2,12
lccn/sn83045604/1897-07-08,1,3,3,0
lccn/sn85033078/1881-12-08,1,9,13,-4
lccn/sn85033699/1875-08-29,2,9,1,8
lccn/sn83045604/1900-09-13,2,10,3,7
lccn/sn83030272/1897-09-22,1,4,4,0
lccn/sn85033078/1883-05-17,2,8,6,2
lccn/sn85042148/1868-12-30,2,7,6,1
lccn/sn85033295/1897-07-21,1,0,0,0
lccn/sn85040721/1914-12-29,2,15,10,5
lccn/sn85033437/1882-02-05,2,6,2,4
lccn/sn85066387/1902-08-28,1,4,8,-4
lccn/sn85066387/1902-01-12,1,4,12,-8
lccn/sn85066387/1902-03-13,1,7,10,-3
lccn/sn85066387/1901-08-29,1,5,12,-7
lccn/sn96076998/1890-04-10,1,1,2,-1
lccn/sn82015483/1882-09-19,1,3,3,0
lccn/sn82015483/1882-09-21,2,11,4,7
lccn/sn82015483/1882-09-26,2,14,6,8
lccn/sn82015483/1882-09-23,2,6,5,1
lccn/sn82015483/1882-09-28,1,3,5,-2
lccn/sn99021999/1892-04-24,2,8,7,1
lccn/sn99021999/1892-03-05,1,0,0,0
lccn/sn99021999/1892-10-18,2,15,7,8
lccn/sn94053256/1890-12-29,1,6,10,-4
lccn/sn99021999/1893-01-01,1,6,10,-4
lccn/sn94053256/1894-04-16,2,8,7,1
lccn/sn99021999/1890-09-04,2,13,4,9
lccn/sn99021999/1890-09-03,2,15,13,2
lccn/sn99021999/1890-06-15,1,7,7,0
lccn/sn99021999/1890-04-25,1,3,7,-4
lccn/sn99021999/1890-04-27,2,10,3,7
lccn/sn99021999/1890-05-02,2,15,6,9
lccn/sn94053256/1895-07-03,1,6,12,-6
lccn/sn94053256/1895-04-04,1,10,10,0
lccn/sn94053256/1895-04-06,2,8,3,5
lccn/sn94052989/1894-12-31,2,16,5,11
lccn/sn85066387/1897-06-26,2,8,1,7
lccn/sn85066387/1897-05-29,2,13,4,9
lccn/sn83030313/1842-03-17,2,8,4,4
lccn/sn83045389/1915-09-05,2,11,2,9
lccn/sn83030214/1918-07-25,2,14,6,8
lccn/sn83045389/1920-10-13,1,8,9,-1
lccn/sn83045389/1920-05-06,2,9,2,7
lccn/sn83045389/1920-04-14,2,5,4,1
lccn/sn83045389/1920-09-16,2,5,1,4
lccn/sn86058242/1921-12-27,2,5,3,2
lccn/sn85042462/1908-02-15,2,14,6,8
lccn/sn83045774/1922-07-12,2,11,5,6
lccn/sn85042462/1909-04-13,2,7,1,6
lccn/sn84022835/1889-01-11,2,10,3,7
lccn/sn84031081/1914-08-30,2,14,4,10
lccn/sn84031081/1915-07-25,2,5,2,3
lccn/sn83045462/1924-11-23,2,13,2,11
lccn/sn87060150/1890-12-19,2,20,4,16
lccn/sn83030272/1912-09-23,2,3,2,1
lccn/sn83030272/1912-10-10,2,10,5,5
lccn/sn84031081/1914-09-13,2,3,1,2
lccn/sn83045462/1925-05-03,2,9,5,4
lccn/sn83045462/1927-03-09,1,8,9,-1
lccn/sn83045462/1927-04-17,2,21,14,7
lccn/sn85038615/1904-07-06,2,11,3,8
lccn/sn83045462/1927-04-04,1,15,15,0
lccn/sn85038615/1903-05-30,2,14,3,11
lccn/sn85038615/1903-05-21,1,10,18,-8
lccn/sn83045462/1926-12-26,2,25,12,13
lccn/sn85038615/1903-02-24,2,2,1,1
lccn/sn82014381/1880-09-04,2,14,1,13
lccn/sn82014381/1880-12-08,1,0,0,0
lccn/sn82014381/1881-04-14,2,2,1,1
lccn/sn82014381/1881-11-17,2,5,3,2
lccn/sn82014381/1882-01-28,1,4,7,-3
lccn/sn94055463/1903-05-21,1,1,6,-5
lccn/sn83040340/1888-11-23,1,0,0,0
lccn/sn83025440/1887-05-05,1,0,0,0
lccn/sn85042462/1910-04-23,2,11,8,3
lccn/sn82015387/1895-04-06,1,1,6,-5
lccn/sn82016187/1902-12-25,2,26,5,21
lccn/sn83016348/1886-12-25,1,0,0,0
lccn/sn82016187/1900-04-26,1,7,13,-6
lccn/sn82016187/1900-01-04,2,19,4,15
lccn/sn83016348/1875-01-02,2,10,6,4
lccn/sn83016348/1875-07-10,1,4,5,-1
lccn/sn82016187/1909-09-30,2,23,11,12
lccn/sn87062245/1901-12-22,2,8,5,3
lccn/sn87062245/1901-08-04,1,3,5,-2
lccn/sn87062245/1901-09-20,2,10,7,3
lccn/sn87062245/1901-09-26,2,16,9,7
lccn/sn83030272/1914-09-07,2,11,8,3
lccn/sn84037890/1896-02-05,2,12,5,7
lccn/sn83045462/1924-02-17,2,8,4,4
lccn/sn84037890/1896-11-04,2,6,3,3
lccn/sn83045462/1924-01-02,2,22,3,19
lccn/sn83045462/1924-04-11,2,4,1,3
lccn/sn83045462/1924-03-13,2,8,1,7
lccn/sn83045462/1924-01-12,1,8,11,-3
lccn/sn84037890/1888-08-22,1,4,13,-9
lccn/sn83045462/1923-10-21,2,24,17,7
lccn/sn84037890/1895-11-13,1,4,8,-4
lccn/sn83016348/1875-12-25,2,7,4,3
lccn/sn83030272/1914-01-21,1,0,0,0
lccn/sn96077385/1888-03-09,1,8,10,-2
lccn/sn90059959/1912-02-17,1,2,9,-7
lccn/2010270504/1917-03-23,1,1,4,-3
lccn/sn85066387/1905-05-28,2,11,0,11
lccn/sn85066387/1905-06-21,1,4,4,0
lccn/sn82014381/1883-07-28,1,7,7,0
lccn/sn82014381/1884-04-29,2,13,4,9
lccn/sn82014381/1884-08-05,1,3,7,-4
lccn/sn82014381/1884-04-01,1,1,1,0
lccn/sn82014381/1880-05-18,2,5,1,4
lccn/sn84022644/1884-02-29,1,1,4,-3
lccn/sn84022644/1897-06-25,1,3,3,0
lccn/sn84022644/1897-07-16,1,2,8,-6
lccn/sn84022644/1897-07-30,1,0,0,0
lccn/sn84022644/1898-01-21,1,0,5,-5
lccn/sn84022644/1899-03-03,1,4,5,-1
lccn/sn84022644/1899-04-21,2,8,3,5
lccn/sn84022644/1896-12-04,1,2,5,-3
lccn/sn84022644/1897-01-29,1,5,6,-1
lccn/sn84022644/1897-05-14,2,12,2,10
lccn/sn84022644/1897-07-02,1,4,6,-2
lccn/sn84022644/1897-07-09,2,8,6,2
lccn/sn85038614/1898-07-26,2,3,1,2
lccn/sn84022644/1894-09-14,2,8,6,2
lccn/sn84022644/1897-09-17,1,3,5,-2
lccn/sn84022644/1897-09-24,2,8,4,4
lccn/sn85038615/1913-09-03,1,2,11,-9
lccn/sn85038614/1899-01-01,2,7,0,7
lccn/sn90066132/1921-01-08,1,0,0,0
lccn/sn84026844/1883-06-04,2,6,0,6
lccn/sn84026844/1889-06-18,2,7,6,1
lccn/sn84026844/1880-02-12,2,7,2,5
lccn/sn88085947/1903-04-30,2,7,4,3
lccn/sn85038121/1874-06-11,2,8,5,3
lccn/sn92070422/1901-08-31,1,0,0,0
lccn/sn83026413/1878-07-04,2,6,1,5
lccn/sn92070464/1894-01-13,2,9,3,6
lccn/sn83045462/1901-09-19,2,12,5,7
lccn/sn83045462/1901-09-21,2,8,1,7
lccn/sn83045462/1864-01-12,2,4,0,4
lccn/sn84020109/1870-04-14,1,10,16,-6
lccn/sn84020109/1873-12-18,2,11,8,3
lccn/sn83025121/1868-06-17,2,11,1,10
lccn/sn86061215/1913-01-30,2,16,7,9
lccn/sn84020109/1872-01-25,1,4,8,-4
lccn/sn82014086/1912-10-29,2,5,1,4
lccn/sn82014086/1912-10-29,2,11,4,7
lccn/sn82014086/1912-09-05,1,0,3,-3
lccn/sn85066387/1903-06-04,2,16,8,8
lccn/sn82014086/1911-02-18,1,4,7,-3
lccn/sn85066387/1903-05-24,2,13,2,11
lccn/sn82014086/1911-02-15,2,7,3,4
lccn/sn82014086/1911-11-20,2,10,4,6
lccn/sn82014086/1912-09-30,2,11,4,7
lccn/sn82014086/1912-10-12,2,4,1,3
lccn/sn82014086/1912-04-18,2,7,2,5
lccn/sn82014086/1912-06-13,1,2,11,-9
lccn/sn86061215/1911-12-07,2,16,4,12
lccn/sn82014086/1910-04-11,1,8,10,-2
lccn/sn86061215/1911-12-23,2,10,3,7
lccn/sn86061215/1911-11-25,1,1,4,-3
lccn/sn96027172/1911-05-12,2,1,0,1
lccn/sn96027172/1911-05-26,2,5,2,3
lccn/sn82014086/1911-05-30,2,13,1,12
lccn/sn82014086/1911-06-22,2,12,8,4
lccn/sn82014086/1911-06-26,1,8,11,-3
lccn/sn82014086/1910-10-13,1,3,6,-3
lccn/sn82014086/1910-05-16,1,7,8,-1
lccn/sn84020594/1875-09-14,2,3,2,1
lccn/sn82014086/1910-06-22,2,5,3,2
lccn/sn82014086/1910-06-25,2,6,2,4
lccn/sn82014086/1911-02-25,2,13,2,11
lccn/sn85066387/1908-06-19,2,8,5,3
lccn/sn99021999/1889-05-03,2,20,16,4
lccn/sn99021999/1888-01-08,2,4,2,2
lccn/sn85032938/1897-01-06,2,8,3,5
lccn/sn85032938/1896-05-13,1,2,5,-3
lccn/sn85032938/1887-05-11,1,0,1,-1
lccn/sn85032938/1887-06-01,2,15,8,7
lccn/sn99021999/1887-01-23,1,17,26,-9
lccn/sn87055779/1920-10-26,2,5,4,1
lccn/sn87055779/1920-01-08,2,11,1,10
lccn/sn85066387/1911-08-02,1,9,14,-5
lccn/sn85066387/1911-06-08,2,19,6,13
lccn/sn87055779/1920-03-18,2,2,1,1
lccn/sn87055779/1919-12-21,2,8,7,1
lccn/sn87055779/1919-12-26,2,6,0,6
lccn/sn85066387/1911-06-20,2,14,4,10
lccn/sn87055779/1920-01-09,2,8,2,6
lccn/sn87055779/1919-11-12,2,8,4,4
lccn/sn87055779/1919-11-15,2,12,3,9
lccn/sn84026749/1910-06-19,1,0,0,0
lccn/sn85066387/1911-09-30,2,10,2,8
lccn/sn83045789/1884-09-07,2,7,1,6
lccn/sn84026749/1910-09-30,1,2,6,-4
lccn/sn83045789/1886-01-10,2,12,5,7
lccn/sn83045789/1886-03-07,2,8,4,4
lccn/sn83045789/1886-03-21,2,7,5,2
lccn/sn92053934/1911-11-14,2,4,1,3
lccn/sn87055779/1919-11-13,2,7,2,5
lccn/sn87055779/1921-02-11,1,0,7,-7
lccn/sn85066387/1899-05-15,1,0,0,0
lccn/sn85066387/1899-08-01,1,5,13,-8
lccn/sn94052989/1894-12-02,1,8,9,-1
lccn/sn84038335/1899-12-28,2,14,6,8
lccn/sn82015484/1880-04-29,1,7,12,-5
lccn/sn86063662/1885-04-30,1,3,17,-14
lccn/sn86063662/1885-05-14,2,8,3,5
lccn/sn86063662/1885-05-21,1,8,10,-2
lccn/sn86058250/1869-03-30,2,21,2,19
lccn/sn83030214/1881-07-14,2,6,2,4
lccn/sn86063662/1888-07-12,2,12,7,5
lccn/sn90059523/1901-11-11,1,7,10,-3
lccn/sn90059523/1901-12-27,2,17,5,12
lccn/sn90059523/1900-06-16,2,5,3,2
lccn/sn90059522/1887-05-07,2,10,9,1
lccn/sn85033413/1874-07-22,2,5,4,1
lccn/sn83045462/1903-12-12,2,4,3,1
lccn/sn88074142/1872-08-11,2,4,2,2
lccn/sn84026749/1907-11-28,1,3,3,0
lccn/sn90059523/1900-05-30,2,18,5,13
lccn/sn90059523/1900-05-10,2,13,1,12
lccn/sn90059522/1892-12-26,1,5,7,-2
lccn/sn90059522/1893-09-15,2,13,11,2
lccn/sn90059522/1892-09-05,2,14,5,9
lccn/sn90059522/1893-11-15,2,11,3,8
lccn/sn84026749/1907-09-21,2,7,5,2
lccn/sn90059523/1900-02-21,2,12,8,4
lccn/sn84026749/1907-09-18,1,2,5,-3
lccn/sn95079220/1905-01-06,1,0,0,0
lccn/sn85038614/1900-10-30,2,13,5,8
lccn/sn85038614/1900-09-09,2,8,7,1
lccn/sn85038615/1908-02-28,2,4,1,3
lccn/sn85038614/1900-06-17,1,0,0,0
lccn/sn85038614/1900-07-12,1,5,8,-3
lccn/sn85038614/1900-07-15,2,8,2,6
lccn/sn85038614/1900-07-22,1,2,3,-1
lccn/sn85038614/1900-07-29,2,7,2,5
lccn/sn85038614/1900-08-26,2,5,1,4
lccn/sn97071110/1902-04-25,1,2,3,-1
lccn/sn97071110/1902-04-25,2,13,3,10
lccn/sn97071110/1902-08-01,2,23,7,16
lccn/sn97071110/1899-09-15,2,20,0,20
lccn/sn85038615/1908-05-04,2,6,1,5
lccn/sn82014381/1889-04-30,2,8,7,1
lccn/sn82014635/1894-10-10,2,10,7,3
lccn/sn82014635/1894-11-06,1,5,5,0
lccn/sn82014635/1894-05-13,2,11,9,2
lccn/sn82014381/1888-02-06,2,3,2,1
lccn/sn82014381/1888-02-21,2,19,8,11
lccn/sn82014381/1887-11-15,2,7,6,1
lccn/sn82014381/1885-09-29,1,7,7,0
lccn/sn82014381/1885-10-02,2,8,2,6
lccn/sn85033637/1862-09-09,2,41,15,26
lccn/sn82014635/1896-12-06,1,5,5,0
lccn/sn82014635/1896-07-02,2,13,2,11
lccn/sn82014635/1895-10-02,2,8,5,3
lccn/sn82014635/1896-02-22,2,10,6,4
lccn/sn94052364/1889-05-04,2,14,9,5
lccn/sn94052364/1890-01-18,2,7,6,1
lccn/sn82014635/1896-05-05,2,13,4,9
lccn/sn2001063112/1917-05-,1,2,3,-1
lccn/sn2001063112/1917-05-,1,3,4,-1
lccn/sn2001063112/1917-06-,2,3,2,1
lccn/sn2001063112/1917-09-,2,9,7,2
lccn/sn2001063112/1918-02-,1,4,6,-2
lccn/sn83030214/1905-06-26,2,5,4,1
lccn/sn85042344/1917-12-26,2,4,3,1
lccn/sn83045433/1913-06-19,1,8,10,-2
lccn/sn83045433/1913-05-28,2,9,7,2
lccn/sn86081330/1915-01-16,2,9,8,1
lccn/sn83025287/1879-03-09,2,5,4,1
lccn/sn83025287/1878-03-14,2,14,7,7
lccn/sn83025287/1879-06-27,2,21,15,6
lccn/sn83025287/1878-02-23,2,13,8,5
lccn/sn83045462/1904-05-28,2,19,9,10
lccn/sn83045462/1904-04-21,2,16,4,12
lccn/sn83045462/1894-06-04,2,14,2,12
lccn/sn83045462/1894-10-13,2,8,6,2
lccn/sn83045462/1894-09-29,1,4,8,-4
lccn/sn83045462/1894-09-10,1,6,8,-2
lccn/sn83045462/1904-06-15,2,7,5,2
lccn/sn84020274/1900-07-01,2,7,4,3
lccn/sn83045462/1890-11-08,2,10,8,2
lccn/sn83045462/1894-04-09,1,6,15,-9
lccn/sn90059522/1888-12-02,2,20,7,13
lccn/sn83045462/1892-05-05,1,0,0,0
lccn/sn83045462/1892-12-23,2,27,10,17
lccn/sn87096040/1887-04-29,2,6,5,1
lccn/sn83045462/1904-05-20,2,10,8,2
lccn/sn85033526/1873-03-06,1,1,6,-5
lccn/sn84020274/1905-10-12,1,0,0,0
lccn/sn87096040/1907-06-20,2,6,1,5
lccn/sn83045462/1892-09-28,2,5,2,3
lccn/sn85049554/1901-11-14,2,5,4,1
lccn/sn82016014/1909-12-15,2,14,1,13
lccn/sn85049554/1899-12-29,1,9,10,-1
lccn/sn88053055/1899-09-08,1,2,7,-5
lccn/sn88053055/1899-09-14,2,6,4,2
lccn/sn88053055/1899-10-13,1,9,18,-9
lccn/sn88053055/1900-01-22,1,1,2,-1
lccn/sn82016014/1911-09-26,2,8,0,8
lccn/sn82016014/1911-05-16,2,9,3,6
lccn/sn99021999/1907-06-30,2,13,3,10
lccn/sn99021999/1907-06-29,2,5,2,3
lccn/sn99021999/1914-07-25,2,6,1,5
lccn/sn84031492/1874-09-28,2,8,3,5
lccn/sn99021999/1908-02-04,2,9,3,6
lccn/sn99021999/1907-09-13,2,9,6,3
lccn/sn99021999/1907-05-18,1,0,0,0
lccn/sn99021999/1907-05-27,2,13,9,4
lccn/sn83045462/1916-03-09,2,8,2,6
lccn/sn83045462/1916-04-23,1,0,2,-2
lccn/sn83045462/1915-01-31,1,3,14,-11
lccn/sn83045462/1916-05-14,1,7,7,0
lccn/sn83045462/1916-07-17,2,6,1,5
lccn/sn83045462/1916-06-23,1,1,9,-8
lccn/sn83045462/1916-08-16,1,0,0,0
lccn/sn83045433/1920-10-04,2,14,1,13
lccn/sn83045433/1920-10-05,2,12,2,10
lccn/sn83045433/1920-10-07,2,12,4,8
lccn/sn83045555/1901-11-13,1,4,5,-1
lccn/sn83045555/1903-06-06,1,2,4,-2
lccn/sn83045555/1903-07-31,1,5,12,-7
lccn/sn83045555/1903-07-31,1,9,13,-4
lccn/sn82015483/1894-03-08,2,9,6,3
lccn/sn82015483/1893-04-24,2,5,2,3
lccn/sn82015483/1893-05-06,2,12,10,2
lccn/sn84020358/1894-09-21,2,12,6,6
lccn/sn94052989/1892-05-27,1,6,12,-6
lccn/sn95047178/1904-08-25,2,3,2,1
lccn/sn84038306/1915-04-21,2,10,5,5
lccn/sn95026977/1908-09-09,2,9,5,4
lccn/sn99021999/1887-10-27,1,8,14,-6
lccn/sn82015483/1891-06-13,2,23,9,14
lccn/sn84038306/1914-06-17,2,4,3,1
lccn/sn84038306/1914-04-08,2,13,3,10
lccn/sn82015483/1891-09-19,1,2,7,-5
lccn/sn82015483/1890-12-09,2,13,4,9
lccn/sn82015483/1891-04-28,2,11,6,5
lccn/sn82015483/1891-06-01,1,6,8,-2
lccn/sn82015483/1891-06-26,1,5,8,-3
lccn/sn84024738/1879-11-22,1,8,9,-1
lccn/sn84024738/1878-10-02,1,3,3,0
lccn/sn98069867/1920-09-29,2,6,1,5
lccn/sn98069867/1920-10-02,1,0,0,0
lccn/sn98069867/1920-04-09,1,5,7,-2
lccn/97071090/1911-04-24/e,2,13,3,10
lccn/97071090/1911-04-18/e,1,0,0,0
lccn/97071090/1911-04-25/e,1,0,0,0
lccn/sn84026844/1885-04-13,1,4,11,-7
lccn/sn84026844/1888-10-19,2,2,0,2
lccn/sn84026824/1891-05-08,1,6,6,0
lccn/sn84023296/1902-01-04,1,0,0,0
lccn/sn84023253/1881-12-23,2,7,0,7
lccn/sn84023253/1881-02-18,1,4,5,-1
lccn/sn85038615/1914-05-03,2,11,5,6
lccn/sn85038615/1914-07-08,1,0,0,0
lccn/sn85038615/1914-03-29,1,1,2,-1
lccn/sn83045462/1925-09-03,2,9,4,5
lccn/sn86064187/1917-11-16,2,3,1,2
lccn/sn2001063133/1887-06-,2,5,4,1
lccn/sn83045462/1912-05-18,2,12,3,9
lccn/sn83045462/1912-05-25,1,4,5,-1
lccn/sn83045462/1911-06-18,1,7,15,-8
lccn/sn83045462/1911-06-18,1,0,9,-9
lccn/sn83045462/1911-09-29,1,11,14,-3
lccn/sn83045462/1912-05-05,1,3,8,-5
lccn/sn83045462/1911-09-18,1,0,10,-10
lccn/sn83045462/1910-09-03,1,14,16,-2
lccn/sn83045462/1912-03-01,2,6,3,3
lccn/sn86063615/1899-06-20,2,14,3,11
lccn/sn86063615/1899-05-23,2,10,2,8
lccn/sn86063615/1899-05-26,1,8,8,0
lccn/sn86063615/1899-05-28,2,9,1,8
lccn/sn86063615/1899-02-26,1,11,17,-6
lccn/sn86063615/1898-10-02,1,9,10,-1
lccn/sn86063615/1899-04-02,1,6,8,-2
lccn/sn86063615/1899-04-03,2,9,5,4
lccn/sn86063615/1899-10-18,2,7,2,5
lccn/sn86063615/1899-10-08,2,6,2,4
lccn/sn86063615/1899-12-08,2,12,8,4
lccn/sn86063615/1899-12-04,1,4,21,-17
lccn/sn86063615/1899-11-12,2,23,11,12
lccn/sn84024283/1901-02-14,2,7,4,3
lccn/sn83045462/1901-09-12,1,7,13,-6
lccn/sn83045462/1900-09-14,2,8,4,4
lccn/sn83030193/1888-01-05,1,7,7,0
lccn/sn84022279/1881-06-16,1,0,0,0
lccn/sn83030193/1890-02-12,1,3,8,-5
lccn/sn98069867/1920-01-16,2,15,8,7
lccn/sn83025779/1922-05-13,1,2,4,-2
lccn/sn83030193/1892-06-02,1,0,0,0
lccn/sn83030193/1892-06-02,1,6,8,-2
lccn/sn83025733/1885-02-07,2,4,2,2
lccn/sn86088296/1886-09-23,1,2,6,-4
lccn/sn83045396/1905-10-15,1,4,6,-2
lccn/sn83045396/1905-10-22,2,18,4,14
lccn/sn83045396/1905-10-22,2,12,5,7
lccn/sn83045396/1906-01-07,2,10,6,4
lccn/sn83045396/1905-09-02,2,8,5,3
lccn/sn83045396/1905-09-08,2,7,2,5
lccn/sn83045396/1905-09-11,2,4,1,3
lccn/sn83032011/1887-03-04,2,8,7,1
lccn/sn83032011/1890-06-06,2,8,7,1
lccn/sn83032011/1888-03-09,2,8,1,7
lccn/sn83032011/1882-09-01,2,12,5,7
lccn/sn83045396/1909-01-31,1,3,7,-4
lccn/sn83045396/1909-09-04,2,18,7,11
lccn/sn83030214/1909-05-10,2,10,6,4
lccn/sn84026409/1894-03-14,1,3,5,-2
lccn/sn86053634/1885-11-25,1,8,9,-1
lccn/sn85066387/1900-06-17,2,17,4,13
lccn/sn85066387/1900-11-14,1,0,0,0
lccn/sn86071779/1899-05-07,2,9,2,7
lccn/sn83045462/1924-07-19,2,6,0,6
lccn/sn83045462/1924-09-16,1,0,0,0
lccn/sn83045462/1924-10-06,1,9,12,-3
lccn/sn85038292/1906-03-30,1,7,9,-2
lccn/sn85038292/1903-04-25,2,21,7,14
lccn/sn85034248/1920-09-11,1,13,17,-4
lccn/sn83045462/1924-04-21,2,21,11,10
lccn/sn83045462/1924-06-07,2,10,3,7
lccn/sn86071779/1900-06-17,2,12,2,10
lccn/sn83030272/1915-03-19,1,0,0,0
lccn/sn85052141/1888-03-02,2,9,6,3
lccn/sn83030272/1916-05-02,1,3,3,0
lccn/sn83045604/1892-05-22,1,6,19,-13
lccn/sn83045604/1892-02-23,2,13,0,13
lccn/sn83045604/1892-02-20,2,11,10,1
lccn/sn85040344/1898-06-25,2,3,2,1
lccn/sn85040344/1897-06-19,2,1,0,1
lccn/sn85040344/1889-09-07,1,2,8,-6
lccn/sn83045604/1893-06-23,1,3,4,-1
lccn/sn83045604/1893-10-22,1,4,6,-2
lccn/sn84036034/1886-09-11,1,0,0,0
lccn/sn84036034/1886-10-23,1,8,8,0
lccn/sn83045604/1893-11-13,1,2,7,-5
lccn/sn83045604/1893-03-23,2,11,9,2
lccn/sn83045604/1893-05-14,2,5,1,4
lccn/sn83045604/1893-02-19,1,3,17,-14
lccn/sn85040344/1890-10-04,1,13,13,0
lccn/sn84026749/1906-01-14,2,9,3,6
lccn/sn92063852/1942-10-10,1,0,0,0
lccn/sn99021999/1900-05-09,1,0,0,0
lccn/sn99021999/1900-09-11,1,10,12,-2
lccn/sn99021999/1901-09-08,1,9,10,-1
lccn/sn99021999/1901-10-18,1,0,0,0
lccn/sn99021999/1900-02-18,1,6,10,-4
lccn/sn99021999/1900-07-14,2,4,3,1
lccn/sn99021999/1900-04-17,1,1,3,-2
lccn/sn99021999/1900-12-27,1,2,4,-2
lccn/sn95026977/1907-02-10,1,2,2,0
lccn/sn99021999/1900-11-29,1,3,6,-3
lccn/sn95026977/1907-06-06,1,3,4,-1
lccn/sn82015080/1892-03-02,2,15,4,11
lccn/sn82015080/1894-01-31,2,5,4,1
lccn/sn99021999/1901-07-02,1,7,9,-2
lccn/sn99021999/1902-01-08,1,1,5,-4
lccn/sn99021999/1902-01-07,1,4,11,-7
lccn/sn95026977/1905-12-10,2,8,3,5
lccn/sn84038112/1865-01-03,2,11,10,1
lccn/sn84020594/1875-04-22,2,19,8,11
lccn/sn84020594/1874-10-12,2,5,3,2
lccn/sn82015080/1885-04-17,1,0,0,0
lccn/sn82015080/1888-08-22,1,4,6,-2
lccn/sn82015080/1890-08-20,2,12,2,10
lccn/sn85038615/1910-10-23,2,22,0,22
lccn/sn85038615/1913-01-31,1,0,0,0
lccn/sn85038615/1912-12-15,1,1,1,0
lccn/sn84024808/1920-02-08,2,21,3,18
lccn/sn84024808/1920-02-09,2,9,0,9
lccn/sn84024808/1920-05-02,2,15,5,10
lccn/sn83030272/1895-11-03,1,2,3,-1
lccn/sn83030272/1909-02-22,1,8,9,-1
lccn/sn97067613/1888-01-12,2,8,7,1
lccn/sn97067613/1888-06-28,2,14,5,9
lccn/sn97067613/1892-08-18,1,2,3,-1
lccn/sn84023209/1880-06-23,2,11,6,5
lccn/sn84023416/1885-05-08,1,4,11,-7
lccn/sn84023416/1888-08-10,2,11,10,1
lccn/sn84026844/1899-02-08,1,3,9,-6
lccn/sn83035216/1859-09-10,2,6,3,3
lccn/sn97067613/1886-12-09,2,6,0,6
lccn/sn83045611/1884-06-29,1,0,0,0
lccn/sn83045604/1888-06-12,2,9,6,3
lccn/sn87060165/1902-01-30,1,0,0,0
lccn/sn85025007/1909-02-05,1,5,5,0
lccn/sn84036012/1899-05-14,2,10,2,8
lccn/sn88084272/1914-11-21,2,5,4,1
lccn/sn88084272/1915-02-13,2,5,4,1
lccn/sn88077272/1877-03-08,2,15,6,9
lccn/sn88077272/1878-04-11,1,8,9,-1
lccn/sn88077272/1876-02-03,1,0,0,0
lccn/sn88077272/1876-02-17,2,15,7,8
lccn/sn88077272/1876-03-30,2,12,9,3
lccn/sn88077272/1876-12-28,2,11,2,9
lccn/sn97067589/1907-06-28,1,2,7,-5
lccn/sn98069146/1906-09-14,2,4,0,4
lccn/sn98069146/1906-11-02,2,10,2,8
lccn/sn98069146/1906-11-09,2,4,0,4
lccn/sn97067589/1911-03-03,1,3,5,-2
lccn/sn88077272/1882-06-08,2,7,4,3
lccn/sn88077272/1885-03-26,2,9,5,4
lccn/sn88077272/1877-02-22,2,10,9,1
lccn/sn88077272/1878-01-10,2,13,7,6
lccn/sn97067589/1910-03-18,2,7,4,3
lccn/sn97067589/1910-04-22,1,4,6,-2
lccn/sn97067589/1911-01-20,2,4,2,2
lccn/sn97067589/1911-11-03,1,4,4,0
lccn/sn83045555/1906-09-19,1,5,7,-2
lccn/sn84024546/1892-05-22,2,25,12,13
lccn/sn83045555/1904-05-20,2,10,6,4
lccn/sn83045555/1904-05-25,1,9,10,-1
lccn/sn83045555/1904-06-01,1,6,6,0
lccn/sn86053573/1879-08-28,2,4,1,3
lccn/sn82000205/1885-06-15,1,6,10,-4
lccn/sn82000205/1885-06-17,1,11,17,-6
lccn/sn83045555/1904-08-08,1,9,22,-13
lccn/sn83045555/1902-07-03,1,0,4,-4
lccn/sn83045555/1902-04-21,2,7,6,1
lccn/sn83045211/1917-12-11,2,7,5,2
lccn/sn83045211/1918-04-25,2,8,2,6
lccn/sn83045211/1918-02-28,2,13,8,5
lccn/sn83045211/1918-03-09,1,2,3,-1
lccn/sn2008058170/1890-06-,1,3,3,0
lccn/sn83045211/1920-02-19,2,6,3,3
lccn/sn85058130/1891-12-27,2,14,6,8
lccn/sn84026749/1915-04-24,1,7,11,-4
lccn/sn83045433/1915-06-13,2,8,3,5
lccn/sn85058130/1891-03-01,2,6,4,2
lccn/sn83045211/1918-11-25,2,8,3,5
lccn/sn83045211/1918-12-20,1,4,14,-10
lccn/sn85058140/1909-09-05,1,3,5,-2
lccn/sn83045555/1901-01-09,1,7,10,-3
lccn/sn83045555/1901-01-25,2,7,3,4
lccn/sn85054468/1901-02-05,2,24,3,21
lccn/sn85054468/1901-04-22,2,15,9,6
lccn/sn88064317/1897-05-27,2,10,2,8
lccn/sn82015483/1885-09-05,1,3,5,-2
lccn/sn82015483/1885-05-16,2,17,2,15
lccn/sn82015483/1885-08-24,2,8,4,4
lccn/sn82015483/1885-10-07,2,11,3,8
lccn/sn82015483/1885-03-14,2,8,6,2
lccn/sn86053573/1886-07-28,2,5,3,2
lccn/sn93059208/1904-08-06,1,0,2,-2
lccn/sn93063916/1909-03-04,1,2,4,-2
lccn/sn85066387/1905-03-09,2,4,1,3
lccn/sn93059208/1909-03-06,1,1,4,-3
lccn/sn85066387/1905-04-20,2,12,0,12
lccn/sn85066387/1905-04-29,2,14,0,14
lccn/sn88074815/1902-01-24,2,7,4,3
lccn/sn82014086/1919-06-13,1,4,4,0
lccn/sn85066387/1897-07-25,2,10,0,10
lccn/sn82014086/1919-10-04,1,6,10,-4
lccn/sn85066387/1897-08-13,1,3,6,-3
lccn/sn82014086/1918-08-30,2,10,3,7
lccn/sn82014086/1918-09-04,2,8,2,6
lccn/sn82014086/1918-01-19,2,14,0,14
lccn/sn82014086/1918-04-08,1,4,16,-12
lccn/sn82014086/1917-02-22,2,7,2,5
lccn/sn85066387/1905-02-04,2,7,0,7
lccn/sn85066387/1905-02-08,2,8,2,6
lccn/sn85066387/1905-02-11,2,3,2,1
lccn/sn85042462/1906-04-22,1,0,0,0
lccn/sn85042462/1906-04-28,1,0,0,0
lccn/sn85042462/1906-04-23,2,7,5,2
lccn/sn85042462/1906-04-25,2,6,4,2
lccn/sn85042462/1906-04-24,2,7,4,3
lccn/sn85042462/1906-04-26,2,8,2,6
lccn/sn95047417/1905-03-17,2,9,2,7
lccn/sn99021999/1886-04-24,1,6,11,-5
lccn/sn99021999/1886-05-18,2,8,7,1
lccn/sn99021999/1886-07-02,1,0,0,0
lccn/sn95047417/1908-10-16,2,5,4,1
lccn/sn95047417/1910-05-06,2,5,4,1
lccn/sn84025891/1912-02-03,2,11,9,2
lccn/sn84025891/1908-01-18,2,11,1,10
lccn/sn84025891/1907-05-18,1,5,8,-3
lccn/sn84026409/1885-12-30,1,11,12,-1
lccn/sn84025891/1911-06-24,2,9,3,6
lccn/sn84025891/1911-11-25,2,3,1,2
lccn/sn84025891/1910-07-16,2,36,12,24
lccn/sn82014086/1920-07-30,1,2,8,-6
lccn/sn82014086/1920-12-25,1,2,4,-2
lccn/sn82014086/1920-12-25,2,9,3,6
lccn/sn82014086/1920-06-05,2,10,8,2
lccn/sn82014086/1922-06-24,2,4,0,4
lccn/sn82014086/1922-06-07,1,4,4,0
lccn/sn82014086/1920-04-27,2,6,5,1
lccn/sn82014086/1921-02-12,2,8,3,5
lccn/sn82014086/1921-04-27,2,3,1,2
lccn/sn82014086/1921-03-30,1,5,8,-3
lccn/sn82014086/1922-09-09,1,8,13,-5
lccn/sn82014086/1922-09-11,2,10,2,8
lccn/sn82014086/1922-10-03,1,5,5,0
lccn/sn82014086/1922-09-09,2,8,6,2
lccn/sn82014086/1922-06-13,1,3,5,-2
lccn/sn82014086/1922-09-04,1,3,4,-1
lccn/sn82014086/1921-06-30,2,13,2,11
lccn/sn82014086/1922-03-20,2,7,6,1
lccn/sn82014086/1922-03-06,1,8,8,0
lccn/sn85066387/1907-05-31,1,7,16,-9
lccn/sn82014086/1921-09-14,1,2,6,-4
lccn/sn82014086/1922-01-28,1,4,6,-2
lccn/sn82014086/1921-11-07,2,18,4,14
lccn/sn82014086/1922-05-11,2,8,7,1
lccn/sn85066387/1905-02-01,2,4,1,3
lccn/sn85066387/1905-02-03,2,6,2,4
lccn/sn85066387/1905-02-09,2,6,0,6
lccn/sn85066387/1905-02-16,2,5,1,4
lccn/sn85066387/1905-02-23,2,13,0,13
lccn/sn85066387/1905-02-17,1,2,4,-2
lccn/sn85066387/1905-02-18,2,17,3,14
lccn/sn85066387/1905-02-24,2,6,0,6
lccn/sn85066387/1905-03-02,2,7,0,7
lccn/sn85066387/1905-03-03,2,5,4,1
lccn/sn85066387/1905-03-04,2,5,0,5
lccn/sn85032938/1902-03-05,2,8,5,3
lccn/sn85066387/1905-03-16,2,6,0,6
lccn/sn85066387/1905-03-24,2,4,1,3
lccn/sn85032938/1900-09-26,1,11,13,-2
lccn/sn85066387/1905-03-25,2,4,1,3
lccn/sn85066387/1905-04-07,2,4,1,3
lccn/sn85066387/1905-03-10,2,14,0,14
lccn/sn85066387/1905-03-18,2,14,0,14
lccn/sn84026758/1896-11-21,2,8,2,6
lccn/sn84022650/1897-03-26,1,5,9,-4
lccn/sn85038615/1908-12-06,2,6,2,4
lccn/sn94060041/1903-01-24,1,4,12,-8
lccn/sn84022643/1870-01-15,1,6,7,-1
lccn/sn85038614/1901-10-12,2,5,1,4
lccn/sn85033429/1872-02-01,2,5,2,3
lccn/sn85033429/1883-12-20,2,13,5,8
lccn/sn85025007/1901-10-15,1,6,7,-1
lccn/sn85025007/1901-09-11,2,7,3,4
lccn/sn85038615/1908-12-22,1,5,6,-1
lccn/sn83030214/1907-08-14,2,3,2,1
lccn/sn83030214/1909-09-16,2,4,1,3
lccn/sn83030214/1909-09-29,1,0,0,0
lccn/sn84026753/1870-11-17,2,16,4,12
lccn/sn83045433/1918-09-21,2,5,2,3
lccn/sn83045433/1919-01-26,1,3,3,0
lccn/sn83045433/1918-04-14,2,8,0,8
lccn/sn83045433/1919-11-24,2,9,2,7
lccn/sn93062856/1902-01-25,2,10,3,7
lccn/sn93062856/1902-01-25,2,9,3,6
lccn/sn93062856/1904-01-23,2,15,13,2
lccn/sn93062856/1909-12-25,2,11,5,6
lccn/sn83045555/1892-08-10,2,8,6,2
lccn/sn84024437/1870-02-24,2,18,1,17
lccn/sn83045433/1918-04-21,1,2,2,0
lccn/sn84026753/1873-12-18,2,19,4,15
lccn/sn84026753/1872-12-05,2,18,6,12
lccn/sn83045396/1912-09-25,1,0,0,0
lccn/sn83045396/1914-01-31,2,10,6,4
lccn/sn83045555/1890-07-05,1,4,6,-2
lccn/sn83025121/1916-03-03,2,14,5,9
lccn/sn88053055/1894-01-10,2,10,2,8
lccn/sn88053055/1893-05-24,2,5,4,1
lccn/sn85042459/1880-09-05,2,5,0,5
lccn/sn85042459/1883-06-22,1,0,2,-2
lccn/sn84038335/1909-03-18,2,17,5,12
lccn/sn85066387/1896-06-13,2,11,5,6
lccn/sn85066387/1904-12-07,2,14,0,14
lccn/sn85066387/1904-12-08,2,18,0,18
lccn/sn85066387/1904-12-15,2,13,2,11
lccn/sn85066387/1904-12-17,2,13,0,13
lccn/sn85066387/1904-12-09,2,16,0,16
lccn/sn85066387/1904-12-16,2,14,1,13
lccn/sn85066387/1904-02-16,1,0,0,0
lccn/sn93052980/1901-07-05,1,6,14,-8
lccn/sn93052980/1903-06-26,1,0,0,0
lccn/sn93052980/1903-06-05,2,10,4,6
lccn/sn85066387/1904-12-20,2,8,1,7
lccn/sn85066387/1904-12-22,2,16,1,15
lccn/sn85066387/1904-12-24,2,18,1,17
lccn/sn85066387/1904-12-28,2,17,3,14
lccn/sn85066387/1904-12-23,2,16,0,16
lccn/sn85066387/1904-12-29,2,2,1,1
lccn/sn85066387/1904-12-30,1,1,3,-2
lccn/sn85066387/1904-12-31,2,13,0,13
lccn/sn85066387/1904-12-21,2,6,0,6
lccn/sn86063624/1896-05-27,1,6,10,-4
lccn/sn86063615/1899-01-04,1,0,0,0
lccn/sn86063615/1899-01-10,1,4,11,-7
lccn/sn86063624/1896-07-24,1,1,3,-2
lccn/sn86063624/1896-07-25,2,13,2,11
lccn/sn86063624/1896-08-09,2,2,0,2
lccn/sn83045366/1904-02-27,2,12,3,9
lccn/sn83045366/1904-04-11,2,10,8,2
lccn/sn83045462/1911-12-31,1,4,8,-4
lccn/sn90061457/1918-08-10,1,0,2,-2
lccn/sn86063615/1897-12-12,2,22,12,10
lccn/sn86063615/1897-12-12,2,7,6,1
lccn/sn86063615/1897-12-23,1,7,12,-5
lccn/sn86063615/1898-01-09,2,17,3,14
lccn/sn86063615/1897-11-19,2,9,3,6
lccn/sn86063615/1897-12-03,2,7,2,5
lccn/sn86063615/1897-05-28,2,13,10,3
lccn/sn86063615/1897-06-12,2,7,2,5
lccn/sn85066387/1904-10-27,2,9,0,9
lccn/sn85066387/1904-10-28,2,10,3,7
lccn/sn85066387/1904-11-04,2,8,0,8
lccn/sn85066387/1904-11-17,2,10,0,10
lccn/sn85066387/1904-07-23,2,17,1,16
lccn/sn85066387/1904-10-29,1,0,0,0
lccn/sn85066387/1904-11-05,2,19,0,19
lccn/sn85066387/1904-11-18,2,12,3,9
lccn/sn99021999/1895-12-22,2,8,4,4
lccn/sn99021999/1896-01-05,1,6,20,-14
lccn/sn99021999/1896-01-25,1,3,5,-2
lccn/sn99021999/1896-02-16,2,8,6,2
lccn/sn99021999/1896-02-19,2,6,5,1
lccn/sn99021999/1896-02-22,2,7,1,6
lccn/sn99021999/1896-02-22,2,10,3,7
lccn/sn99021999/1896-02-23,1,7,7,0
lccn/sn99021999/1896-03-02,2,11,2,9
lccn/sn99021999/1900-02-01,2,1,0,1
lccn/sn99021999/1900-02-07,2,7,4,3
lccn/sn99021999/1900-02-14,1,0,0,0
lccn/sn99021999/1899-08-23,2,24,7,17
lccn/sn85066387/1904-08-27,1,0,0,0
lccn/sn85066387/1904-08-25,2,11,0,11
lccn/sn85066387/1904-08-26,2,12,0,12
lccn/sn99021999/1898-06-02,1,3,11,-8
lccn/sn99021999/1898-06-03,1,5,7,-2
lccn/sn99021999/1885-05-05,1,0,1,-1
lccn/sn99021999/1885-01-06,2,9,5,4
lccn/sn99021999/1884-03-22,2,7,3,4
lccn/sn85066387/1904-04-01,2,3,0,3
lccn/sn82016413/1908-02-08,1,5,7,-2
lccn/sn85066387/1908-07-29,1,2,7,-5
lccn/sn85066387/1910-03-17,1,5,22,-17
lccn/sn85066387/1909-05-14,2,8,5,3
lccn/sn85066387/1910-03-02,2,8,2,6
lccn/sn99021999/1896-02-06,2,16,5,11
lccn/sn83045462/1921-03-26,1,3,3,0
lccn/sn83045462/1922-06-11,1,2,12,-10
lccn/sn87065532/1897-07-23,1,6,8,-2
lccn/sn86069873/1902-01-28,2,15,2,13
lccn/sn83045462/1921-05-28,2,7,1,6
lccn/sn83045462/1921-04-07,2,8,4,4
lccn/sn83045462/1921-06-02,2,11,7,4
lccn/sn83045462/1921-08-14,2,17,8,9
lccn/sn83045462/1921-09-18,1,4,4,0
lccn/sn83045462/1921-09-27,2,34,26,8
lccn/sn91099747/1907-10-03,1,1,2,-1
lccn/sn88076013/1897-02-06,1,4,9,-5
lccn/sn83045555/1904-03-11,2,9,5,4
lccn/sn83045555/1904-10-29,1,7,8,-1
lccn/sn83045555/1904-09-29,1,4,9,-5
lccn/sn83045555/1904-03-29,1,4,6,-2
lccn/sn83045555/1907-03-30,1,6,7,-1
lccn/sn83032058/1877-12-20,2,11,3,8
lccn/sn83045555/1908-06-11,2,8,5,3
lccn/sn83045555/1908-06-12,1,9,10,-1
lccn/sn83045555/1908-05-27,2,8,5,3
lccn/sn83045555/1908-05-30,1,6,6,0
lccn/sn83045433/1922-02-18,2,6,2,4
lccn/sn83045555/1906-05-25,2,5,4,1
lccn/sn83045433/1922-09-22,2,9,0,9
lccn/sn83045433/1922-06-22,2,2,0,2
lccn/sn85058130/1909-01-27,2,8,2,6
lccn/sn83045555/1904-12-10,1,0,3,-3
lccn/sn83045211/1916-05-29,2,9,1,8
lccn/sn83045211/1915-05-15,2,11,2,9
lccn/sn83045211/1915-03-20,2,11,5,6
lccn/sn83045555/1900-02-17,2,13,5,8
lccn/sn85058140/1909-09-24,1,3,4,-1
lccn/sn84026355/1900-09-03,1,2,3,-1
lccn/sn84026355/1900-09-18,2,7,2,5
lccn/sn84026355/1900-05-03,1,3,8,-5
lccn/sn84026355/1900-05-29,2,8,4,4
lccn/sn83045555/1904-04-30,2,13,4,9
lccn/sn83032300/1880-06-25,1,4,11,-7
lccn/sn83032300/1880-08-20,2,7,2,5
lccn/sn83032300/1881-03-23,2,12,4,8
lccn/sn83032300/1881-04-08,1,5,12,-7
lccn/sn83032300/1881-12-09,2,10,4,6
lccn/sn83032300/1882-02-03,2,19,12,7
lccn/sn83045555/1902-11-14,2,11,5,6
lccn/sn83045555/1902-11-26,1,5,11,-6
lccn/sn83032300/1884-11-07,2,4,2,2
lccn/sn83032300/1885-01-23,1,5,8,-3
lccn/sn83032300/1888-05-05,1,0,0,0
lccn/sn83032300/1888-05-08,2,6,4,2
lccn/sn83032300/1889-06-28,2,7,2,5
lccn/sn83030214/1900-04-14,2,20,14,6
lccn/sn83045555/1906-10-06,2,3,0,3
lccn/sn83045555/1906-01-23,2,7,4,3
lccn/sn88085488/1890-10-04,2,13,7,6
lccn/sn91068099/1937-03-20,2,8,3,5
lccn/sn86071158/1891-08-20,2,23,12,11
lccn/sn86071197/1897-01-26,2,19,6,13
lccn/sn86071158/1891-06-24,2,44,21,23
lccn/sn83030214/1910-01-20,1,2,2,0
lccn/sn83045433/1913-03-09,2,2,0,2
lccn/sn83045433/1913-02-04,2,12,1,11
lccn/sn83045433/1912-07-27,2,16,3,13
lccn/sn83045433/1912-08-01,2,21,4,17
lccn/sn83045433/1912-08-04,2,13,1,12
lccn/sn83045433/1912-08-05,2,10,2,8
lccn/sn83045433/1912-08-11,2,14,1,13
lccn/sn84024441/1896-06-18,1,4,8,-4
lccn/sn84024441/1896-06-18,2,20,4,16
lccn/sn82000205/1887-06-21,2,7,4,3
lccn/sn83045462/1922-09-15,2,6,3,3
lccn/sn83045462/1922-12-03,2,12,4,8
lccn/sn84024441/1899-08-26,2,21,7,14
lccn/sn84024441/1899-08-28,2,14,0,14
lccn/sn84024441/1899-08-31,2,11,2,9
lccn/sn84024441/1899-08-30,2,7,1,6
lccn/sn83030214/1919-08-03,2,9,2,7
lccn/sn83045396/1906-05-12,2,2,0,2
lccn/sn83030214/1906-11-18,2,15,6,9
lccn/sn83045462/1917-03-24,1,0,0,0
lccn/sn86081889/1900-01-11,1,6,10,-4
lccn/sn83045462/1916-02-13,2,17,4,13
lccn/sn83045462/1915-03-17,2,11,7,4
lccn/sn83045462/1915-11-28,2,20,14,6
lccn/sn83045462/1917-03-06,2,6,1,5
lccn/sn83045462/1917-03-08,1,1,1,0
lccn/sn83045462/1916-11-29,2,11,6,5
lccn/sn83045462/1915-07-17,2,4,0,4
lccn/sn87080417/1896-04-10,2,15,12,3
lccn/sn84026409/1893-03-15,2,19,5,14
lccn/sn90066132/1922-09-25,2,7,1,6
lccn/sn88064384/1903-05-16,1,0,0,0
lccn/sn83030272/1909-06-08,2,6,4,2
lccn/sn84022644/1874-08-21,2,5,4,1
lccn/sn90059523/1900-10-23,1,8,14,-6
lccn/sn83045366/1901-04-18,2,5,1,4
lccn/sn83045366/1901-01-04,2,18,1,17
lccn/sn90059522/1895-12-15,2,10,4,6
lccn/sn83045462/1902-09-30,2,10,5,5
lccn/sn90059523/1902-07-13,1,5,11,-6
lccn/sn90059523/1904-09-10,2,15,9,6
lccn/sn90059523/1903-04-24,2,9,5,4
lccn/sn83045396/1906-05-01,2,7,2,5
lccn/sn83045396/1906-01-28,2,9,5,4
lccn/sn83045396/1909-05-20,2,11,1,10
lccn/sn83045396/1909-06-03,2,3,2,1
lccn/sn83045396/1910-02-12,2,10,5,5
lccn/sn83045396/1909-05-02,2,10,1,9
lccn/sn83045396/1909-05-02,2,7,1,6
lccn/sn83045396/1909-05-09,1,7,12,-5
lccn/sn83045396/1907-03-02,2,11,2,9
lccn/sn83045396/1911-01-19,2,8,1,7
lccn/sn83045396/1911-02-19,2,8,4,4
lccn/sn83045396/1910-11-13,2,20,6,14
lccn/sn83045396/1910-11-22,2,3,2,1
lccn/sn83045462/1920-03-20,1,2,8,-6
lccn/sn83045396/1911-04-23,2,5,0,5
lccn/sn83045396/1911-06-28,1,14,20,-6
lccn/sn83045462/1920-02-18,1,3,21,-18
lccn/sn83045462/1920-02-02,1,5,15,-10
lccn/sn83045396/1909-04-21,2,15,2,13
lccn/sn83045396/1909-04-24,2,12,3,9
lccn/sn83045396/1909-04-25,2,12,1,11
lccn/sn83045396/1909-04-22,1,0,0,0
lccn/sn83045396/1909-12-27,2,4,2,2
lccn/sn83045396/1909-11-10,1,7,15,-8
lccn/sn83045396/1910-10-03,2,13,8,5
lccn/sn83045396/1910-12-03,2,10,4,6
lccn/sn83045396/1910-12-04,2,18,3,15
lccn/sn83045396/1910-12-04,1,5,7,-2
lccn/sn83045396/1910-12-05,2,12,6,6
lccn/sn83045396/1910-12-08,2,13,4,9
lccn/sn83045396/1910-12-11,1,4,9,-5
lccn/sn83045396/1910-12-13,1,3,13,-10
lccn/sn83045396/1910-12-14,2,10,5,5
lccn/sn83045396/1910-12-15,1,4,15,-11
lccn/sn83045396/1910-06-07,2,1,0,1
lccn/sn83045396/1909-05-09,2,22,2,20
lccn/sn83045396/1909-05-10,2,15,6,9
lccn/sn83045462/1919-12-29,1,0,0,0
lccn/sn83045462/1920-04-04,2,9,2,7
lccn/sn83045396/1912-03-31,1,4,4,0
lccn/sn83030214/1902-10-03,2,18,17,1
lccn/sn83045396/1911-09-03,2,3,1,2
lccn/sn83030214/1903-02-14,2,10,0,10
lccn/sn83030214/1903-01-13,2,9,7,2
lccn/sn83030214/1902-10-30,1,4,6,-2
lccn/sn83045396/1913-05-02,2,10,7,3
lccn/sn83045396/1913-02-20,1,3,13,-10
lccn/sn83045462/1919-07-13,2,11,10,1
lccn/sn83045396/1913-09-02,2,14,7,7
lccn/sn83045396/1914-02-13,2,6,4,2
lccn/sn83045396/1913-09-21,2,7,6,1
lccn/sn83045396/1913-12-06,2,3,1,2
lccn/sn82015104/1894-03-20,2,20,6,14
lccn/sn82014381/1890-12-23,2,8,6,2
lccn/sn82015104/1891-02-23,2,15,7,8
lccn/sn82014086/1913-11-28,2,13,2,11
lccn/sn94052989/1890-12-17,1,2,2,0
lccn/sn99021999/1914-12-07,2,13,9,4
lccn/sn82014086/1913-06-23,1,17,21,-4
lccn/sn82014086/1913-09-01,2,10,8,2
lccn/sn88074815/1909-05-07,1,6,6,0
lccn/sn82014086/1913-07-31,2,8,5,3
lccn/sn82014086/1913-05-30,2,7,6,1
lccn/sn82014381/1890-08-16,2,6,4,2
lccn/sn88053087/1901-09-07,1,1,1,0
lccn/sn88053087/1901-07-11,1,0,0,0
lccn/sn86074033/1920-12-25,2,14,1,13
lccn/sn84024718/1879-07-15,1,0,0,0
lccn/sn84024718/1891-03-04,2,7,4,3
lccn/sn84024718/1895-06-19,1,0,0,0
lccn/sn85066387/1895-05-04,1,0,0,0
lccn/sn85066387/1895-08-16,1,4,12,-8
lccn/sn85066387/1896-01-23,2,12,4,8
lccn/sn92051487/1893-02-24,2,13,12,1
lccn/sn84020109/1858-06-17,1,0,0,0
lccn/sn85066387/1896-02-07,1,0,0,0
lccn/sn85066387/1896-02-18,2,13,7,6
lccn/sn99021999/1902-02-21,2,3,1,2
lccn/sn99021999/1902-02-27,2,6,0,6
lccn/sn99021999/1902-06-13,1,3,3,0
lccn/sn99021999/1902-05-24,2,5,3,2
lccn/sn92051487/1894-09-28,2,7,5,2
lccn/sn83045774/1922-03-12,1,3,5,-2
lccn/sn92051487/1899-02-03,2,10,4,6
lccn/sn85066387/1905-06-04,1,2,9,-7
lccn/sn85066387/1905-06-03,1,5,10,-5
lccn/sn99021999/1903-02-03,1,4,10,-6
lccn/sn93067760/1893-07-04,2,6,3,3
lccn/sn93067760/1887-12-28,2,13,12,1
lccn/sn93067760/1896-05-05,2,9,3,6
lccn/sn93067760/1902-03-05,1,2,3,-1
lccn/sn84028490/1895-03-14,2,16,4,12
lccn/sn84026912/1892-08-25,2,4,1,3
lccn/sn86063760/1913-12-10,1,9,9,0
lccn/sn93067777/1888-05-31,1,13,15,-2
lccn/sn93067777/1890-07-24,2,4,2,2
lccn/sn93067777/1886-04-21,1,0,0,0
lccn/sn84026909/1873-10-29,2,10,9,1
lccn/sn87076552/1919-01-17,1,4,7,-3
lccn/sn84026913/1886-02-04,2,6,3,3
lccn/sn84026913/1886-04-29,1,1,1,0
lccn/sn85038238/1871-12-14,2,4,1,3
lccn/sn82014635/1897-01-26,2,7,1,6
lccn/sn82014635/1897-03-07,2,17,2,15
lccn/sn84020558/1918-01-14,1,5,7,-2
lccn/sn84020558/1918-01-16,2,10,1,9
lccn/sn84020558/1918-01-20,2,4,2,2
lccn/sn84020558/1918-01-05,2,17,4,13
lccn/sn84020558/1918-01-08,2,8,5,3
lccn/sn84020558/1918-01-17,2,4,3,1
lccn/sn84020558/1918-01-22,2,7,2,5
lccn/sn84020558/1918-01-04,2,7,2,5
lccn/sn84020558/1918-01-06,2,9,2,7
lccn/sn84020558/1918-01-18,2,7,2,5
lccn/sn82014635/1897-02-04,1,7,7,0
lccn/sn95073194/1888-10-31,2,14,6,8
lccn/sn85066387/1907-03-11,2,11,5,6
lccn/sn83030313/1874-02-02,1,4,11,-7
lccn/sn95073194/1895-03-27,1,5,13,-8
lccn/sn95073194/1895-05-15,1,3,3,0
lccn/sn85066387/1906-10-04,1,4,12,-8
lccn/sn95073194/1890-08-06,2,6,3,3
lccn/sn85066387/1906-12-16,1,0,3,-3
lccn/sn95073194/1899-03-15,2,18,4,14
lccn/sn95073194/1883-09-12,2,6,2,4
lccn/sn86063952/1910-08-29,2,6,3,3
lccn/sn2001063112/1886-01-,1,7,8,-1
lccn/sn85025007/1870-12-28,2,5,4,1
lccn/sn83016555/1873-05-15,2,12,5,7
lccn/sn84031081/1919-10-16,1,0,0,0
lccn/sn84031081/1919-10-14,1,0,0,0
lccn/sn85025007/1872-09-07,2,12,6,6
lccn/sn85025007/1875-01-27,1,0,4,-4
lccn/sn83025287/1883-08-15,2,11,6,5
lccn/sn86063624/1895-08-25,2,11,2,9
lccn/sn86063624/1896-08-18,2,6,1,5
lccn/sn86063624/1895-07-04,2,9,6,3
lccn/sn86063624/1895-05-26,2,7,4,3
lccn/sn86063624/1895-01-09,1,2,7,-5
lccn/sn86063624/1895-01-18,1,6,10,-4
lccn/sn86063615/1897-04-12,1,0,0,0
lccn/sn86063615/1897-05-12,2,10,0,10
lccn/sn86063615/1897-08-18,1,6,8,-2
lccn/sn83045366/1905-10-27,1,4,9,-5
lccn/sn86063615/1897-03-25,2,9,6,3
lccn/sn85042414/1918-08-07,2,12,2,10
lccn/sn83045366/1905-11-10,2,9,7,2
lccn/sn86063615/1898-05-08,1,5,8,-3
lccn/sn86063615/1898-05-26,2,3,0,3
lccn/sn86063615/1897-09-14,2,8,7,1
lccn/sn86063615/1897-09-16,1,5,6,-1
lccn/sn86063615/1897-10-05,2,4,3,1
lccn/sn86063615/1898-06-11,1,7,7,0
lccn/sn85042414/1919-01-27,2,12,4,8
lccn/sn86063624/1896-09-13,2,10,6,4
lccn/sn83025287/1882-07-01,2,11,1,10
lccn/sn86063624/1896-09-11,1,10,11,-1
lccn/sn83025287/1883-05-09,2,18,7,11
lccn/sn86063615/1898-06-23,1,0,0,0
lccn/sn86063624/1896-11-20,2,10,4,6
lccn/sn86082061/1908-04-16,1,3,12,-9
lccn/sn86072143/1890-08-08,1,0,0,0
lccn/sn86072143/1893-06-08,1,0,0,0
lccn/sn84026355/1895-01-24,2,7,4,3
lccn/sn83030214/1907-07-14,2,10,6,4
lccn/sn85042345/1922-02-17,2,19,8,11
lccn/sn85042345/1922-11-26,2,9,5,4
lccn/sn83030214/1905-01-30,1,0,0,0
lccn/sn83032041/1889-12-20,2,22,7,15
lccn/sn85034438/1900-09-02,2,13,5,8
lccn/sn85034438/1900-05-25,2,4,3,1
lccn/sn84036012/1897-02-21,1,5,6,-1
lccn/sn85034438/1902-01-29,2,6,4,2
lccn/sn83045604/1895-10-12,2,6,1,5
lccn/sn85034438/1900-06-21,1,0,0,0
lccn/sn83045604/1897-11-14,2,10,9,1
lccn/sn85033699/1873-08-24,2,7,2,5
lccn/sn85033699/1873-08-31,1,15,24,-9
lccn/sn85033699/1873-08-17,2,10,4,6
lccn/sn85033699/1873-08-23,2,9,3,6
lccn/sn83045604/1895-11-10,1,16,19,-3
lccn/sn83045604/1896-02-16,2,5,3,2
lccn/sn85033699/1872-04-12,2,12,4,8
lccn/sn83045604/1895-04-22,2,11,5,6
lccn/sn92053945/1887-02-04,2,5,4,1
lccn/sn83045462/1908-01-23,1,5,5,0
lccn/sn83045462/1911-08-19,2,10,3,7
lccn/sn99021999/1917-02-17,2,11,5,6
lccn/sn99021999/1917-01-17,2,3,2,1
lccn/sn99021999/1917-01-20,2,12,1,11
lccn/sn99021999/1917-01-18,2,4,1,3
lccn/sn99021999/1917-01-19,2,5,2,3
lccn/sn99021999/1917-01-23,2,7,1,6
lccn/sn92053934/1917-10-15,2,5,2,3
lccn/sn89064525/1886-03-12,1,8,16,-8
lccn/sn94052989/1891-06-03,1,1,4,-3
lccn/sn84024738/1873-11-11,2,5,1,4
lccn/sn84024738/1869-07-23,2,13,1,12
lccn/sn84024738/1869-08-18,2,8,2,6
lccn/sn84024738/1869-08-23,2,6,0,6
lccn/sn84024738/1869-08-24,2,6,1,5
lccn/sn84024738/1869-08-28,2,9,2,7
lccn/sn93051669/1894-05-26,2,29,11,18
lccn/sn93051669/1898-03-05,2,5,3,2
lccn/sn84024738/1869-08-25,2,13,2,11
lccn/sn84024738/1873-04-21,2,17,11,6
lccn/sn93051669/1892-01-02,2,11,5,6
lccn/sn93051669/1895-01-12,2,7,5,2
lccn/sn93051669/1895-05-11,2,17,1,16
lccn/sn93051669/1896-11-07,1,0,0,0
lccn/sn93051669/1897-03-13,1,1,4,-3
lccn/sn93051669/1897-03-20,2,10,6,4
lccn/sn93051669/1898-07-23,2,7,4,3
lccn/sn89067274/1899-06-01,1,3,9,-6
lccn/sn89067274/1916-06-01,2,15,10,5
lccn/sn89067274/1903-01-15,1,8,8,0
lccn/sn89067274/1912-01-04,1,6,7,-1
lccn/sn89067274/1915-05-06,2,8,1,7
lccn/sn89067274/1917-06-28,2,5,3,2
lccn/sn90059523/1898-07-12,2,7,2,5
lccn/sn90059523/1898-03-30,2,12,5,7
lccn/sn90059523/1898-04-23,1,6,12,-6
lccn/sn90059523/1898-04-29,2,12,6,6
lccn/sn90059523/1898-05-21,2,5,3,2
lccn/sn90059523/1898-05-05,2,7,5,2
lccn/sn84038582/1876-07-01,2,12,5,7
lccn/sn84038582/1880-01-10,2,12,9,3
lccn/sn85033995/1875-06-12,2,8,5,3
lccn/sn82016419/1881-03-11,2,12,11,1
lccn/sn82016419/1879-02-14,2,13,8,5
lccn/sn82016419/1874-05-01,2,10,4,6
lccn/sn87055779/1917-07-29,2,9,4,5
lccn/sn87055779/1917-08-23,2,10,2,8
lccn/sn87055779/1917-09-08,2,11,3,8
lccn/sn87055779/1917-09-13,2,10,3,7
lccn/sn87055779/1917-10-31,1,1,3,-2
lccn/sn87055779/1917-12-15,1,0,1,-1
lccn/sn87055779/1917-04-10,2,6,4,2
lccn/sn87055779/1917-07-26,2,6,3,3
lccn/sn87055779/1917-07-28,2,4,3,1
lccn/sn87055779/1917-03-12,2,4,1,3
lccn/sn87055779/1917-03-21,1,0,0,0
lccn/sn87055779/1917-03-22,1,0,0,0
lccn/sn82016419/1870-05-06,2,31,11,20
lccn/sn87055779/1916-11-03,2,5,4,1
lccn/sn87055779/1916-09-21,1,5,8,-3
lccn/sn87055779/1915-11-01,1,0,0,0
lccn/sn87055779/1916-02-26,2,2,1,1
lccn/sn87055779/1916-05-06,2,5,1,4
lccn/sn92053943/1881-04-18,1,0,0,0
lccn/sn83045462/1899-08-28,2,5,4,1
lccn/sn87055779/1922-08-31,1,0,1,-1
lccn/sn87055779/1921-12-18,2,10,0,10
lccn/sn87055779/1916-07-29,2,5,0,5
lccn/sn87055779/1917-09-04,2,6,0,6
lccn/sn87055779/1917-12-19,2,11,3,8
lccn/sn85030821/1900-10-19,2,11,9,2
lccn/sn99021999/1895-09-24,1,4,7,-3
lccn/sn84027670/1884-11-13,2,11,10,1
lccn/sn99021999/1896-03-09,2,10,7,3
lccn/sn99021999/1896-06-03,1,7,10,-3
lccn/sn99021999/1896-08-21,1,6,11,-5
lccn/sn84027670/1884-05-01,2,11,10,1
lccn/sn82014635/1890-04-06,1,12,17,-5
lccn/sn82014635/1890-04-17,2,9,6,3
lccn/sn99021999/1896-08-21,1,0,6,-6
lccn/sn84027670/1883-12-13,2,14,3,11
lccn/sn99021999/1891-10-04,2,15,11,4
lccn/sn82014635/1890-09-05,2,9,6,3
lccn/sn99021999/1897-01-28,1,7,7,0
lccn/sn99021999/1897-05-27,1,7,10,-3
lccn/sn99021999/1897-01-27,2,13,1,12
lccn/sn84027670/1886-03-11,2,12,1,11
lccn/sn99021999/1891-11-12,2,7,2,5
lccn/sn99021999/1896-08-02,1,4,5,-1
lccn/sn99021999/1899-06-01,2,9,2,7
lccn/sn99021999/1899-07-05,1,3,6,-3
lccn/sn99021999/1899-10-09,2,9,3,6
lccn/sn82014635/1893-05-18,2,7,1,6
lccn/sn84020358/1900-01-16,1,12,12,0
lccn/sn82014635/1893-07-06,2,16,4,12
lccn/sn99021999/1899-02-05,1,3,8,-5
lccn/sn99021999/1896-03-18,2,17,14,3
lccn/sn99021999/1896-07-28,1,7,13,-6
lccn/sn82014635/1890-09-02,2,7,3,4
lccn/sn99021999/1897-05-21,2,4,2,2
lccn/sn82014635/1890-12-21,1,10,12,-2
lccn/sn82014635/1891-01-15,1,5,12,-7
lccn/sn99021999/1898-12-29,1,15,15,0
lccn/sn82014635/1891-02-14,2,16,1,15
lccn/sn99021999/1897-05-31,2,8,1,7
lccn/sn82014635/1891-04-05,2,12,6,6
lccn/sn99021999/1897-05-28,2,31,20,11
lccn/sn99021999/1899-01-11,1,5,8,-3
lccn/sn82014635/1892-01-14,1,3,7,-4
lccn/sn99021999/1899-04-04,2,11,8,3
lccn/sn82014635/1892-05-27,2,23,9,14
lccn/sn99021999/1899-03-30,2,8,5,3
lccn/sn99021999/1899-02-21,2,9,7,2
lccn/sn82014635/1892-01-13,1,2,7,-5
lccn/sn99021999/1899-01-20,1,2,5,-3
lccn/sn85025007/1874-02-18,2,5,1,4
lccn/sn85025007/1873-09-27,2,3,2,1
lccn/sn85025007/1875-10-04,1,6,11,-5
lccn/sn93061701/1920-06-11,2,6,2,4
lccn/sn86063592/1897-07-29,1,0,0,0
lccn/sn86069873/1910-03-01,2,2,1,1
lccn/sn85025007/1876-08-10,2,10,5,5
lccn/sn84022135/1892-03-04,1,5,8,-3
lccn/sn86069873/1903-05-08,2,7,2,5
lccn/sn86069873/1907-01-01,1,3,10,-7
lccn/sn86089443/1886-05-13,2,8,7,1
lccn/sn86089443/1886-06-10,1,7,10,-3
lccn/sn86089443/1886-06-17,2,8,7,1
lccn/sn86089443/1886-07-29,1,3,8,-5
lccn/sn86089443/1886-09-02,2,6,5,1
lccn/sn86089443/1886-11-25,2,8,0,8
lccn/sn88085187/1913-11-28,2,12,2,10
lccn/sn86071197/1899-01-05,2,8,3,5
lccn/sn84020682/1888-05-30,2,6,3,3
lccn/sn88084272/1912-08-13,2,6,2,4
lccn/sn84020682/1885-10-28,1,4,4,0
lccn/sn84020682/1885-10-12,1,2,4,-2
lccn/sn88084272/1913-09-04,1,5,8,-3
lccn/sn88084272/1913-03-22,2,4,2,2
lccn/sn85038229/1872-01-12,2,14,7,7
lccn/sn85038229/1872-06-21,2,14,2,12
lccn/sn85038229/1873-06-20,2,7,2,5
lccn/sn85026193/1862-12-31,2,27,7,20
lccn/sn85026193/1863-01-14,1,4,12,-8
lccn/sn88084272/1916-09-16,2,7,6,1
lccn/sn88084272/1916-09-18,2,17,1,16
lccn/sn88084272/1916-09-14,2,10,3,7
lccn/sn86071197/1897-06-13,2,21,4,17
lccn/sn86071197/1897-12-26,2,6,3,3
lccn/sn86071197/1897-09-20,2,8,4,4
lccn/sn87076843/1872-07-05,1,7,14,-7
lccn/sn87076843/1878-10-04,1,7,8,-1
lccn/sn87076843/1878-11-29,1,2,3,-1
lccn/sn87076843/1878-11-01,1,8,9,-1
lccn/sn88085187/1916-09-30,2,11,1,10
lccn/sn86069394/1888-06-08,2,8,3,5
lccn/sn84024738/1875-06-11,1,15,16,-1
lccn/sn84024738/1876-06-14,1,0,0,0
lccn/sn84024738/1876-06-16,2,16,5,11
lccn/sn84024738/1876-06-28,1,6,6,0
lccn/sn84024738/1875-03-09,2,4,1,3
lccn/sn84024738/1875-08-25,2,8,0,8
lccn/sn84024738/1857-01-12,2,5,3,2
lccn/sn84024738/1879-08-19,2,2,1,1
lccn/sn86071719/1896-11-18,2,2,1,1
lccn/sn98060050/1902-02-21,1,2,5,-3
lccn/sn98060050/1903-06-26,1,3,3,0
lccn/sn98060050/1904-09-09,2,2,1,1
lccn/sn84028490/1909-12-30,1,3,4,-1
lccn/sn86092536/1917-05-28,2,10,4,6
lccn/sn86092536/1917-02-08,1,3,14,-11
lccn/sn86092536/1917-09-21,1,5,6,-1
lccn/sn86092536/1916-11-15,1,0,0,0
lccn/sn86092536/1917-05-16,1,2,3,-1
lccn/sn86071719/1894-11-28,2,4,2,2
lccn/sn86071719/1895-02-27,2,7,4,3
lccn/sn86092536/1921-04-13,1,2,3,-1
lccn/sn98060050/1919-08-22,1,2,6,-4
lccn/sn85038161/1886-11-18,1,0,0,0
lccn/sn87076917/1887-08-16,1,7,10,-3
lccn/sn87076917/1887-03-10,1,5,6,-1
lccn/sn87076917/1887-07-29,2,18,6,12
lccn/sn87076916/1885-09-01,2,12,2,10
lccn/sn84022473/1875-08-02,2,3,2,1
lccn/sn98060050/1918-03-29,1,4,5,-1
lccn/sn98060050/1916-09-29,1,1,4,-3
lccn/sn84028271/1880-08-05,1,0,0,0
lccn/sn88084272/1920-04-09,2,4,0,4
lccn/sn88084272/1918-09-21,2,6,0,6
lccn/sn88084272/1918-09-23,2,10,6,4
lccn/sn88084272/1918-09-24,2,9,2,7
lccn/sn88084272/1918-09-26,2,5,2,3
lccn/sn88084272/1918-09-27,2,8,1,7
lccn/sn88084272/1918-09-28,2,6,1,5
lccn/sn88084272/1918-09-30,1,6,8,-2
lccn/sn88084272/1918-10-01,2,10,1,9
lccn/sn88084272/1918-10-02,2,11,1,10
lccn/sn88084272/1918-10-03,2,7,3,4
lccn/sn88084272/1918-10-04,2,3,2,1
lccn/sn88084272/1918-10-07,2,14,4,10
lccn/sn88084272/1918-10-08,2,10,1,9
lccn/sn88084272/1919-01-11,2,8,3,5
lccn/sn84028271/1881-06-09,1,9,10,-1
lccn/sn83025925/1867-02-13,1,0,5,-5
lccn/sn83045396/1904-02-05,2,7,3,4
lccn/sn83045396/1908-09-06,2,4,2,2
lccn/sn83045396/1906-01-10,1,3,3,0
lccn/sn83045396/1905-08-17,2,9,3,6
lccn/sn83045396/1904-11-15,2,8,3,5
lccn/sn83045396/1908-06-09,1,2,4,-2
lccn/sn83045396/1908-06-11,2,8,7,1
lccn/sn83045396/1908-02-22,2,4,2,2
lccn/sn83045396/1905-01-28,1,0,0,0
lccn/sn82016014/1903-04-04,2,3,2,1
lccn/sn85042461/1897-09-14,2,6,5,1
lccn/sn85042461/1897-08-05,1,7,13,-6
lccn/sn85042461/1897-05-20,2,8,6,2
lccn/sn99021999/1905-06-06,2,10,4,6
lccn/sn82014805/1880-10-26,1,4,6,-2
lccn/sn82016014/1903-01-20,2,8,2,6
lccn/sn85042461/1898-11-01,2,5,3,2
lccn/sn84022770/1893-02-10,1,3,5,-2
lccn/sn91066782/1918-05-27,2,13,4,9
lccn/sn84028490/1879-03-27,2,9,5,4
lccn/sn84028490/1876-02-24,2,9,8,1
lccn/sn91066782/1916-05-10,2,8,5,3
lccn/sn88085101/1920-08-06,1,2,5,-3
lccn/sn82016014/1922-02-18,1,5,9,-4
lccn/sn82016014/1921-11-11,2,8,2,6
lccn/sn82016014/1922-03-18,1,7,14,-7
lccn/sn82016014/1922-03-29,2,18,12,6
lccn/sn82016014/1922-08-24,1,9,11,-2
lccn/sn85049554/1913-02-27,2,7,1,6
lccn/sn85049554/1912-04-29,2,9,5,4
lccn/sn82016014/1921-08-27,1,1,2,-1
lccn/sn82016014/1921-06-06,2,12,8,4
lccn/sn82016014/1920-05-05,2,6,3,3
lccn/sn82016014/1920-05-14,1,7,10,-3
lccn/sn82016014/1920-04-09,2,9,2,7
lccn/sn82016014/1920-01-26,1,8,11,-3
lccn/sn82016014/1920-12-22,2,11,10,1
lccn/sn99021999/1907-05-14,1,2,10,-8
lccn/sn99021999/1905-12-31,2,7,0,7
lccn/sn85066387/1908-08-16,2,13,8,5
lccn/sn99021999/1906-02-15,2,4,1,3
lccn/sn99021999/1906-01-21,1,2,6,-4
lccn/sn99021999/1907-04-03,1,1,4,-3
lccn/sn99021999/1907-04-05,1,1,2,-1
lccn/sn99021999/1907-04-06,2,11,4,7
lccn/sn83030214/1912-03-14,1,13,13,0
lccn/sn86053369/1907-02-01,1,9,10,-1
lccn/sn86053369/1905-06-02,2,20,9,11
lccn/sn86053369/1905-10-27,2,10,2,8
lccn/sn86053369/1906-05-18,1,11,21,-10
lccn/sn86053369/1906-05-25,2,2,1,1
lccn/sn86071045/1900-04-12,1,2,7,-5
lccn/sn86071045/1899-12-07,2,12,4,8
lccn/sn86071045/1905-08-17,1,6,7,-1
lccn/sn90061576/1896-02-27,2,8,5,3
lccn/sn83030214/1904-06-28,1,1,4,-3
lccn/sn83030214/1906-03-05,2,8,2,6
lccn/sn83045433/1909-10-17,1,5,6,-1
lccn/sn84026925/1888-01-11,2,7,5,2
lccn/sn84026925/1888-05-30,1,0,0,0
lccn/sn84026925/1884-12-04,2,41,5,36
lccn/sn84026925/1879-02-13,2,16,5,11
lccn/sn84026925/1886-08-04,1,0,0,0
lccn/sn84026925/1874-12-10,2,56,13,43
lccn/sn84026925/1906-11-16,2,10,9,1
lccn/sn84026925/1914-01-02,1,4,9,-5
lccn/sn84026925/1914-10-02,2,13,2,11
lccn/sn84026925/1914-12-15,1,2,7,-5
lccn/sn84026925/1915-08-24,2,8,4,4
lccn/sn84026925/1908-09-22,2,6,5,1
lccn/sn84023253/1886-09-02,1,4,9,-5
lccn/sn85038119/1885-06-18,1,0,0,0
lccn/sn85038119/1888-06-28,1,0,0,0
lccn/sn85038119/1905-02-02,2,16,8,8
lccn/sn84026925/1912-08-09,1,0,0,0
lccn/sn84026925/1912-11-29,1,2,11,-9
lccn/sn84026925/1913-03-28,2,13,5,8
lccn/sn84026925/1913-05-12,2,7,6,1
lccn/sn84026925/1911-02-07,2,13,4,9
lccn/sn84026925/1911-03-03,2,15,14,1
lccn/sn84026925/1908-07-31,2,7,4,3
lccn/sn84026925/1909-08-06,1,4,4,0
lccn/sn84022871/1890-06-30,1,8,8,0
lccn/sn85026002/1860-03-02,1,7,10,-3
lccn/sn85066387/1900-08-30,1,0,0,0
lccn/sn99021999/1922-05-01,2,8,6,2
lccn/sn90059522/1884-06-22,2,26,5,21
lccn/sn90059522/1884-06-26,1,4,6,-2
lccn/sn90059522/1884-05-19,2,8,6,2
lccn/sn83045366/1901-05-08,1,11,14,-3
lccn/sn83045366/1901-05-30,1,7,11,-4
lccn/sn83045366/1901-06-15,1,1,3,-2
lccn/sn83045462/1902-12-05,1,5,5,0
lccn/sn83045462/1902-12-09,1,3,4,-1
lccn/sn83045462/1902-12-11,1,4,4,0
lccn/sn83045462/1902-12-15,1,4,5,-1
lccn/sn83045462/1902-11-29,1,5,5,0
lccn/sn83045462/1902-09-17,2,5,4,1
lccn/sn83045462/1902-09-19,2,10,4,6
lccn/sn83045462/1902-09-20,2,11,4,7
lccn/sn83045462/1902-09-22,2,7,1,6
lccn/sn83045462/1902-09-25,2,16,6,10
lccn/sn83045462/1902-12-01,1,0,4,-4
lccn/sn83045462/1902-12-02,1,8,8,0
lccn/sn83045462/1902-12-04,1,2,3,-1
lccn/sn83045462/1902-09-23,2,17,11,6
lccn/sn83045462/1902-09-24,2,6,3,3
lccn/sn83045462/1902-10-31,2,12,8,4
lccn/sn83045462/1902-11-03,1,4,5,-1
lccn/sn83045462/1902-12-25,2,4,1,3
lccn/sn83045462/1902-12-26,1,5,11,-6
lccn/sn83045462/1903-05-22,2,2,1,1
lccn/sn83045462/1903-01-10,1,8,9,-1
lccn/sn83045462/1902-10-07,1,7,8,-1
lccn/sn88068010/1885-10-09,1,1,3,-2
lccn/sn83045462/1902-10-15,1,3,8,-5
lccn/sn83045462/1902-10-17,2,4,3,1
lccn/sn83045462/1902-10-24,2,13,8,5
lccn/sn83045462/1902-11-21,2,4,2,2
lccn/sn83045462/1903-01-09,2,5,2,3
lccn/sn88068010/1888-07-12,2,9,8,1
lccn/sn83045462/1904-11-19,1,1,2,-1
lccn/sn83045462/1904-11-26,2,7,2,5
lccn/sn83045462/1902-10-04,1,5,7,-2
lccn/sn83045462/1902-10-09,2,16,9,7
lccn/sn83045462/1902-10-11,1,1,5,-4
lccn/sn83045462/1904-12-07,2,6,4,2
lccn/sn83045462/1904-12-23,2,9,1,8
lccn/sn83045462/1904-11-12,2,15,4,11
lccn/sn83045462/1904-11-16,2,13,5,8
lccn/sn83045462/1904-11-25,2,7,4,3
lccn/sn83045462/1904-12-02,1,6,6,0
lccn/sn83045462/1904-12-05,2,18,9,9
lccn/sn83045462/1904-12-20,2,9,3,6
lccn/sn83045462/1905-01-06,2,10,0,10
lccn/sn83045462/1905-01-11,1,2,3,-1
lccn/sn83045462/1904-11-15,2,4,1,3
lccn/sn83045462/1905-02-27,2,9,5,4
lccn/sn83045366/1901-07-06,1,2,5,-3
lccn/sn83025287/1884-02-03,1,0,0,0
lccn/sn90059522/1888-06-05,1,2,4,-2
lccn/sn90059522/1884-02-13,1,0,0,0
lccn/sn90059522/1884-02-15,2,11,8,3
lccn/sn90059522/1894-11-19,2,11,7,4
lccn/sn83045462/1903-03-14,1,2,3,-1
lccn/sn83045462/1903-06-17,1,3,7,-4
lccn/sn90059522/1884-02-22,2,12,3,9
lccn/sn90059522/1894-12-31,1,0,0,0
lccn/sn90059522/1888-02-18,1,6,14,-8
lccn/sn82015753/1860-06-13,2,12,7,5
lccn/sn82015753/1860-02-18,2,10,3,7
lccn/sn83045389/1916-08-02,1,0,0,0
lccn/sn83045389/1917-02-25,1,6,6,0
lccn/sn83045389/1917-10-11,2,8,2,6
lccn/sn83045389/1917-10-12,2,4,1,3
lccn/sn83045389/1916-08-03,1,0,0,0
lccn/sn83045389/1917-07-09,1,0,0,0
lccn/sn83045389/1916-06-02,2,4,0,4
lccn/sn83045389/1916-08-25,1,4,6,-2
lccn/sn83045462/1898-01-11,2,5,1,4
lccn/sn83045462/1897-11-19,1,0,0,0
lccn/sn85058130/1894-12-13,2,24,4,20
lccn/sn85058130/1895-01-03,2,6,5,1
lccn/sn85058130/1894-12-28,1,6,8,-2
lccn/sn85058130/1894-07-14,2,25,9,16
lccn/sn85058130/1892-07-10,1,14,21,-7
lccn/sn85058130/1893-12-22,2,3,1,2
lccn/sn84026749/1917-05-05,2,6,5,1
lccn/sn83045433/1915-07-25,2,14,6,8
lccn/sn84024441/1900-01-06,2,15,6,9
lccn/sn84024441/1900-02-28,2,8,6,2
lccn/sn83032231/1887-06-25,1,0,0,0
lccn/sn83045462/1899-03-11,2,3,1,2
lccn/sn83045462/1899-03-24,2,14,4,10
lccn/sn83045462/1898-09-14,2,6,0,6
lccn/sn83045462/1898-06-24,2,5,2,3
lccn/sn83045462/1898-06-10,1,1,3,-2
lccn/sn83045462/1898-06-10,2,9,5,4
lccn/sn83045462/1896-05-19,1,9,13,-4
lccn/sn83045462/1897-08-10,1,1,7,-6
lccn/sn83045462/1897-08-26,1,8,9,-1
lccn/sn83045462/1897-09-17,2,8,5,3
lccn/sn83045462/1896-04-24,1,4,4,0
lccn/sn83045462/1895-12-13,1,0,0,0
lccn/sn83045462/1895-12-25,2,10,7,3
lccn/sn83045462/1897-12-09,1,4,6,-2
lccn/sn83045462/1897-12-11,2,18,10,8
lccn/sn83045462/1899-03-06,1,2,7,-5
lccn/sn83032231/1891-06-06,2,15,7,8
lccn/sn83045462/1918-11-22,2,5,4,1
lccn/sn85058130/1898-04-18,1,11,14,-3
lccn/sn85058130/1903-02-15,2,39,13,26
lccn/sn85058130/1903-03-22,2,10,9,1
lccn/sn83045462/1917-11-07,1,11,13,-2
lccn/sn84026355/1902-04-16,1,2,5,-3
lccn/sn84026355/1901-03-14,1,7,7,0
lccn/sn83032300/1882-06-24,2,7,5,2
lccn/sn85038615/1905-01-22,2,5,2,3
lccn/sn85038615/1905-03-15,2,5,4,1
lccn/sn85034438/1902-12-14,2,7,4,3
lccn/sn85038615/1905-11-08,2,3,0,3
lccn/sn83025320/1888-10-11,2,5,4,1
lccn/sn85038615/1905-08-11,2,15,3,12
lccn/sn85038615/1905-10-15,2,9,2,7
lccn/sn85038615/1908-06-15,2,8,0,8
lccn/sn87093407/1903-04-28,1,1,9,-8
lccn/sn88077244/1866-06-23,2,5,2,3
lccn/sn87093407/1903-06-25,1,3,6,-3
lccn/sn87093407/1903-06-25,1,0,3,-3
lccn/sn83045366/1903-05-23,2,11,6,5
lccn/sn90059522/1888-08-16,2,8,5,3
lccn/sn83045366/1903-06-03,1,9,13,-4
lccn/sn83045366/1903-06-19,1,3,8,-5
lccn/sn83030214/1914-05-20,2,3,1,2
lccn/sn83045366/1903-08-29,2,2,1,1
lccn/sn83045366/1903-09-10,1,6,11,-5
lccn/sn83045366/1903-09-18,1,6,8,-2
lccn/sn83030214/1897-02-08,1,5,5,0
lccn/sn83030214/1914-06-27,2,7,1,6
lccn/sn83045366/1904-06-09,2,9,4,5
lccn/sn83045366/1904-05-07,2,9,3,6
lccn/sn85042414/1916-12-30,2,21,1,20
lccn/sn83045462/1910-10-25,1,0,0,0
lccn/sn83045462/1910-09-21,2,18,3,15
lccn/sn90059522/1885-08-25,1,9,11,-2
lccn/sn85042414/1917-01-30,2,35,2,33
lccn/sn85042414/1916-12-29,2,17,0,17
lccn/sn85042414/1916-12-27,2,18,1,17
lccn/sn86063615/1899-03-19,2,8,4,4
lccn/sn86063615/1899-03-22,2,7,1,6
lccn/sn86063615/1898-12-06,1,8,8,0
lccn/sn86063615/1898-12-12,2,11,3,8
lccn/sn86063615/1898-03-06,2,13,4,9
lccn/sn86063624/1895-05-30,2,15,2,13
lccn/sn83045366/1902-06-07,2,12,8,4
lccn/sn83045366/1902-06-21,2,12,1,11
lccn/sn83045366/1902-04-18,2,15,3,12
lccn/sn88076741/1883-10-12,1,5,7,-2
lccn/sn83045462/1911-07-18,2,9,0,9
lccn/sn88061082/1885-06-20,2,8,5,3
lccn/sn85033437/1879-05-31,2,13,4,9
lccn/sn88061082/1882-01-07,2,12,1,11
lccn/sn88061082/1882-02-18,2,6,5,1
lccn/sn89060124/1898-09-09,2,14,8,6
lccn/sn84025841/1898-06-11,1,9,9,0
lccn/sn83030272/1911-11-04,1,4,7,-3
lccn/sn83045462/1925-07-19,2,9,0,9
lccn/sn83045462/1925-06-21,2,10,2,8
lccn/sn83030272/1912-03-16,2,13,2,11
lccn/sn83045462/1925-06-18,1,8,8,0
lccn/sn83045462/1925-06-16,2,15,1,14
lccn/sn95079154/1904-08-04,1,0,0,0
lccn/sn86069161/1889-08-14,1,8,16,-8
lccn/sn85038615/1903-10-16,1,1,4,-3
lccn/sn83030272/1911-08-11,1,5,6,-1
lccn/sn83030272/1911-07-30,1,5,6,-1
lccn/sn85034438/1894-05-27,2,15,4,11
lccn/sn84026853/1897-05-26,2,7,6,1
lccn/sn86072143/1920-04-22,1,0,2,-2
lccn/2012218613/1891-08-19,1,0,0,0
lccn/sn84026853/1893-07-12,1,0,0,0
lccn/sn84026853/1900-10-24,1,12,21,-9
lccn/sn84026853/1892-05-04,1,0,0,0
lccn/sn84026853/1888-08-15,1,5,6,-1
lccn/sn84026853/1891-04-08,2,8,4,4
lccn/sn84026853/1909-01-13,1,5,5,0
lccn/sn99021999/1907-02-12,2,6,3,3
lccn/sn99021999/1906-03-27,2,8,2,6
lccn/sn99021999/1906-04-16,2,7,3,4
lccn/sn99021999/1906-04-24,1,4,9,-5
lccn/sn99021999/1905-12-01,2,4,1,3
lccn/sn82015104/1891-07-25,1,1,4,-3
lccn/sn82016014/1918-03-02,1,5,5,0
lccn/sn82016014/1917-08-30,2,6,5,1
lccn/sn82016014/1918-08-30,1,25,30,-5
lccn/sn83045774/1920-10-11,1,2,3,-1
lccn/sn99021999/1906-05-26,2,17,5,12
lccn/sn82014086/1913-02-24,1,6,7,-1
lccn/sn82014086/1913-03-27,2,9,4,5
lccn/sn99021999/1906-11-25,2,9,4,5
lccn/sn82014086/1913-04-19,1,3,3,0
lccn/sn84026820/1893-12-09,2,7,5,2
lccn/sn99021999/1906-05-17,2,7,5,2
lccn/sn99021999/1906-05-13,1,4,4,0
lccn/sn99021999/1907-04-19,2,15,5,10
lccn/sn84026820/1894-06-30,2,17,7,10
lccn/sn85038614/1885-08-09,2,7,5,2
lccn/sn85038614/1886-01-27,1,0,0,0
lccn/sn85038615/1913-05-23,2,4,0,4
lccn/sn85038615/1913-06-29,2,8,4,4
lccn/sn85038615/1913-04-10,1,6,6,0
lccn/sn83030272/1908-07-19,2,13,9,4
lccn/sn85026941/1887-12-16,1,0,0,0
lccn/sn83025308/1889-02-27,2,6,1,5
lccn/sn83025308/1890-01-19,2,7,4,3
lccn/sn85038615/1908-03-18,2,8,1,7
lccn/sn89060124/1910-04-01,2,8,5,3
lccn/sn83016107/1868-04-17,2,9,5,4
lccn/sn85038615/1906-02-14,1,0,0,0
lccn/sn85038615/1906-08-03,2,6,0,6
lccn/sn85038615/1906-08-08,2,6,3,3
lccn/sn85038615/1906-08-21,1,0,0,0
lccn/sn85038615/1906-08-23,1,0,0,0
lccn/sn85038615/1906-08-19,2,10,2,8
lccn/sn85038615/1906-08-22,1,0,0,0
lccn/sn85038615/1906-01-02,2,6,4,2
lccn/sn96088281/1901-02-21,2,11,5,6
lccn/sn88064020/1917-01-04,1,0,1,-1
lccn/sn83045462/1927-06-26,1,2,6,-4
lccn/sn83045462/1928-01-29,2,4,2,2
lccn/sn83045462/1927-09-20,2,5,4,1
lccn/sn83045462/1927-09-29,2,20,6,14
lccn/sn83045462/1927-07-12,1,0,0,0
lccn/sn84026688/1905-08-31,1,0,0,0
lccn/sn85038614/1896-03-11,1,4,9,-5
lccn/sn83045462/1927-11-23,2,8,3,5
lccn/sn83045462/1927-10-29,1,2,8,-6
lccn/sn83045462/1927-10-09,1,4,6,-2
lccn/sn85033153/1871-02-09,1,0,0,0
lccn/sn85033078/1907-10-31,1,3,15,-12
lccn/sn84031081/1911-07-31,1,2,4,-2
lccn/sn83045389/1919-07-10,2,12,1,11
lccn/sn83045389/1918-10-02,1,0,0,0
lccn/sn86069162/1910-10-19,1,3,8,-5
lccn/sn83016943/1901-10-26,2,17,1,16
lccn/sn86069162/1900-05-09,2,11,5,6
lccn/sn83045389/1918-07-21,2,16,1,15
lccn/sn83045389/1918-06-23,2,3,1,2
lccn/sn83016926/1872-08-29,2,10,3,7
lccn/sn83030214/1901-05-26,2,13,4,9
lccn/sn83030214/1901-08-19,2,15,5,10
lccn/sn83030214/1901-07-04,2,9,3,6
lccn/sn90059522/1889-08-27,2,12,11,1
lccn/sn90059522/1890-12-17,2,14,2,12
lccn/sn90059522/1890-12-22,1,3,7,-4
lccn/sn90059522/1890-01-26,1,4,11,-7
lccn/sn90059522/1890-05-01,2,14,2,12
lccn/sn90059522/1890-05-10,2,26,8,18
lccn/sn90059522/1890-05-29,2,19,0,19
lccn/sn90059522/1890-05-29,2,19,1,18
lccn/sn90059522/1889-08-09,2,14,5,9
lccn/sn90059522/1887-11-19,1,2,6,-4
lccn/sn90059522/1887-03-23,2,9,3,6
lccn/sn90059522/1887-04-20,2,8,6,2
lccn/sn90059522/1885-05-12,2,4,0,4
lccn/sn90059522/1887-01-14,1,3,5,-2
lccn/sn90059522/1887-01-29,2,9,8,1
lccn/sn90059522/1888-01-26,1,4,11,-7
lccn/sn90059522/1884-12-26,1,18,18,0
lccn/sn90059522/1887-03-05,1,1,11,-10
lccn/sn90059522/1887-03-12,1,6,7,-1
lccn/sn90059523/1899-01-24,2,4,3,1
lccn/sn90059523/1899-01-24,2,11,3,8
lccn/sn90059523/1899-02-21,2,6,0,6
lccn/sn90059523/1899-02-26,2,3,2,1
lccn/sn90059523/1899-02-26,2,1,0,1
lccn/sn90059523/1898-09-12,2,5,3,2
lccn/sn90059523/1898-06-16,1,3,16,-13
lccn/sn90059522/1889-01-21,2,5,2,3
lccn/sn90059522/1889-01-25,1,3,14,-11
lccn/sn90059522/1889-02-14,1,12,13,-1
lccn/sn90059522/1884-11-02,2,16,3,13
lccn/sn90059522/1884-11-13,2,36,29,7
lccn/sn90059522/1884-11-14,2,12,4,8
lccn/sn86071197/1901-12-01,1,1,1,0
lccn/sn86064205/1884-01-06,1,0,0,0
lccn/sn86071197/1902-01-25,2,9,3,6
lccn/sn88084272/1918-12-18,1,3,6,-3
lccn/sn88084272/1918-04-08,1,0,0,0
lccn/sn88084272/1918-04-29,2,2,1,1
lccn/sn88084272/1918-02-16,1,13,13,0
lccn/sn86071197/1903-01-17,1,10,10,0
lccn/sn86071197/1902-06-12,2,11,2,9
lccn/sn86071197/1902-06-03,2,13,3,10
lccn/sn86071197/1901-10-20,2,9,5,4
lccn/sn86071197/1900-02-04,2,6,1,5
lccn/sn86071197/1898-10-23,2,15,6,9
lccn/sn86071197/1894-02-28,1,4,5,-1
lccn/sn86071197/1894-03-01,1,12,12,0
lccn/sn87093407/1912-07-23,1,5,5,0
lccn/sn84028296/1892-05-26,1,0,0,0
lccn/sn83030193/1892-06-08,1,2,10,-8
lccn/sn86071197/1900-05-11,2,3,0,3
lccn/sn86071197/1901-04-04,2,10,5,5
lccn/sn85038615/1909-09-12,2,15,1,14
lccn/sn85038615/1909-09-15,2,7,2,5
lccn/sn85034438/1901-09-10,2,9,7,2
lccn/sn85034438/1901-09-24,2,6,1,5
lccn/sn85034438/1901-09-26,2,9,7,2
lccn/sn84026749/1913-10-01,2,10,3,7
lccn/sn84024442/1896-12-29,1,7,9,-2
lccn/sn83045433/1910-05-12,2,9,2,7
lccn/sn83030214/1905-12-24,2,9,1,8
lccn/sn84024779/1889-02-07,1,2,2,0
lccn/sn84024779/1889-04-25,2,9,8,1
lccn/sn84024779/1886-09-02,2,12,2,10
lccn/sn83030214/1905-12-18,2,8,5,3
lccn/sn85033139/1886-08-05,1,10,13,-3
lccn/sn83045160/1873-01-08,2,5,1,4
lccn/sn83045160/1873-05-01,2,18,12,6
lccn/sn85033699/1875-02-14,2,12,2,10
lccn/sn85033139/1878-06-27,2,10,4,6
lccn/sn85033139/1880-10-07,1,19,19,0
lccn/sn83045160/1876-03-17,2,5,4,1
lccn/sn83045160/1875-06-18,2,13,1,12
lccn/sn85033139/1894-04-19,1,6,9,-3
lccn/sn83045604/1898-12-27,2,7,1,6
lccn/sn83045604/1899-01-01,1,0,0,0
lccn/sn83045604/1899-02-26,1,0,0,0
lccn/sn83045604/1899-03-06,1,0,0,0
lccn/sn83045604/1898-11-20,2,4,2,2
lccn/sn86061215/1909-04-03,1,6,9,-3
lccn/sn84026965/1878-01-17,1,3,5,-2
lccn/sn86072143/1905-03-23,1,3,7,-4
lccn/sn98060050/1882-03-24,2,8,1,7
lccn/sn98060050/1877-03-23,2,8,5,3
lccn/sn86072143/1896-03-12,1,3,8,-5
lccn/sn86072143/1902-06-12,2,6,2,4
lccn/sn86072143/1910-01-27,1,1,6,-5
lccn/sn86072143/1912-05-09,1,5,8,-3
lccn/sn98060050/1910-05-06,2,9,7,2
lccn/sn86072143/1908-08-27,1,5,13,-8
lccn/sn86072143/1908-10-01,1,1,2,-1
lccn/sn86072143/1911-10-26,1,3,3,0
lccn/sn86072143/1909-05-06,1,4,8,-4
lccn/sn86072143/1909-06-10,2,10,5,5
lccn/sn86072143/1904-01-21,1,0,0,0
lccn/sn86072143/1904-12-22,1,2,12,-10
lccn/sn86072143/1905-03-02,1,6,8,-2
lccn/sn86072143/1906-02-15,2,4,3,1
lccn/sn86072143/1906-04-12,1,5,10,-5
lccn/sn86072143/1907-10-17,2,10,6,4
lccn/sn86072143/1907-12-12,1,3,10,-7
lccn/sn86072143/1906-12-20,2,10,4,6
lccn/sn86072143/1907-05-16,1,3,7,-4
lccn/sn86072143/1907-05-23,1,4,8,-4
lccn/sn86072143/1907-05-30,1,3,4,-1
lccn/sn86072143/1906-09-27,2,7,5,2
lccn/sn86072143/1905-05-11,1,1,5,-4
lccn/sn98060050/1896-11-27,1,7,8,-1
lccn/sn98060050/1897-04-09,2,2,1,1
lccn/sn98060050/1897-04-23,1,2,3,-1
lccn/sn98060050/1897-06-18,1,6,9,-3
lccn/sn98060050/1897-07-02,2,7,4,3
lccn/sn98060050/1895-02-01,2,21,7,14
lccn/sn98060050/1895-10-11,2,8,2,6
lccn/sn98060050/1895-11-22,2,16,5,11
lccn/sn98060050/1895-12-27,1,4,9,-5
lccn/sn98060050/1896-05-15,1,2,6,-4
lccn/sn98060050/1894-03-09,2,6,2,4
lccn/sn98060050/1892-02-12,2,10,4,6
lccn/sn98060050/1892-02-12,1,7,7,0
lccn/sn98060050/1899-10-13,2,23,9,14
lccn/sn98060050/1900-01-19,2,7,4,3
lccn/sn98060050/1906-09-14,1,3,4,-1
lccn/sn98060050/1907-02-01,2,4,0,4
lccn/sn98060050/1905-06-16,2,2,0,2
lccn/sn98060050/1907-09-13,1,4,7,-3
lccn/sn98060050/1901-06-14,1,8,11,-3
lccn/sn98060050/1901-06-28,1,7,7,0
lccn/sn98060050/1901-08-02,2,8,7,1
lccn/sn98060050/1897-11-26,1,6,8,-2
lccn/sn98060050/1898-02-11,1,10,12,-2
lccn/sn98060050/1898-10-07,1,4,5,-1
lccn/sn98060050/1898-12-30,2,9,1,8
lccn/sn98060050/1899-02-10,1,4,7,-3
lccn/sn98060050/1899-03-03,2,11,1,10
lccn/sn98060050/1899-03-24,1,5,9,-4
lccn/sn98060050/1899-04-28,2,12,10,2
lccn/sn98060050/1899-06-02,2,13,5,8
lccn/sn98060050/1899-06-23,2,7,6,1
lccn/sn98060050/1900-06-08,2,9,3,6
lccn/sn86072143/1887-09-16,1,4,4,0
lccn/sn83045462/1881-10-26,2,22,9,13
lccn/sn85066387/1900-12-12,1,0,0,0
lccn/sn83045211/1922-10-24,2,17,7,10
lccn/sn83045211/1922-06-01,2,11,6,5
lccn/sn83045462/1921-01-02,2,10,2,8
lccn/sn85058130/1901-01-27,2,10,0,10
lccn/sn83045211/1921-01-06,1,2,5,-3
lccn/sn83045462/1920-09-22,2,5,2,3
lccn/sn83045462/1921-02-05,1,1,4,-3
lccn/sn83045462/1914-10-31,2,4,0,4
lccn/sn83045462/1921-01-04,2,10,9,1
lccn/sn83045211/1922-05-04,1,2,4,-2
lccn/sn83045462/1920-10-01,2,5,1,4
lccn/sn83045462/1920-10-03,2,14,2,12
lccn/sn83025287/1881-05-01,2,21,7,14
lccn/sn83025287/1881-06-05,1,6,6,0
lccn/sn90059522/1885-12-10,1,5,13,-8
lccn/sn84020274/1901-11-09,1,6,6,0
lccn/sn83030214/1904-05-03,1,5,14,-9
lccn/sn90059522/1885-02-28,1,3,8,-5
lccn/sn83025287/1883-11-15,2,6,5,1
lccn/sn90059522/1885-08-12,2,8,5,3
lccn/sn90059522/1885-08-04,1,6,6,0
lccn/sn83045366/1906-03-19,2,13,0,13
lccn/sn90059522/1885-07-17,1,7,12,-5
lccn/sn83045366/1906-01-29,2,12,10,2
lccn/sn83045366/1906-01-30,2,13,5,8
lccn/sn83045366/1906-02-24,2,9,8,1
lccn/sn90059522/1884-04-04,2,8,1,7
lccn/sn85058130/1902-12-21,1,3,16,-13
lccn/sn85058130/1907-01-20,1,6,9,-3
lccn/sn85058130/1907-05-09,2,7,1,6
lccn/sn85058130/1907-05-29,2,6,4,2
lccn/sn85058130/1907-03-25,1,0,0,0
lccn/sn85058130/1899-01-22,2,9,4,5
lccn/sn85058130/1899-02-22,2,27,15,12
lccn/sn85058130/1899-12-08,1,5,13,-8
lccn/sn85058130/1899-12-10,2,26,22,4
lccn/sn85058130/1899-04-02,1,5,6,-1
lccn/sn85058130/1899-04-04,2,10,5,5
lccn/sn85058130/1898-11-21,1,5,11,-6
lccn/sn85058130/1898-11-24,1,4,5,-1
lccn/sn85058130/1898-12-01,1,0,0,0
lccn/sn84031492/1875-10-10,1,2,4,-2
lccn/sn85058130/1907-09-03,2,11,1,10
lccn/sn85058130/1899-06-28,2,5,2,3
lccn/sn85058130/1899-07-07,1,5,8,-3
lccn/sn85058130/1899-05-07,2,70,24,46
lccn/sn85058130/1899-05-27,2,12,3,9
lccn/sn85058130/1899-05-28,2,20,10,10
lccn/sn85058130/1899-05-30,2,34,17,17
lccn/sn85058130/1896-06-13,2,23,18,5
lccn/sn85058130/1898-09-01,2,15,14,1
lccn/sn85058130/1898-09-03,2,7,6,1
lccn/sn83045433/1913-10-18,2,8,4,4
lccn/sn83045433/1915-11-21,1,1,4,-3
lccn/sn83030272/1898-11-08,1,0,0,0
lccn/sn83045450/1856-05-24,2,15,7,8
lccn/sn83045450/1857-10-14,2,15,7,8
lccn/sn85033078/1910-09-08,2,9,4,5
lccn/sn84026844/1875-08-20,2,9,4,5
lccn/sn84026844/1872-09-17,2,9,8,1
lccn/sn84026844/1873-05-01,2,6,3,3
lccn/sn84026844/1874-12-31,2,17,1,16
lccn/sn84026844/1875-01-22,1,3,7,-4
lccn/sn86053573/1880-05-08,1,5,9,-4
lccn/sn84026749/1905-05-03,2,10,8,2
lccn/sn84026749/1905-05-14,2,10,4,6
lccn/sn84026749/1905-05-30,2,6,1,5
lccn/sn84026749/1922-11-22,2,10,6,4
lccn/sn86053573/1887-05-03,2,10,2,8
lccn/sn86053573/1887-01-08,2,17,6,11
lccn/sn83030214/1908-08-22,2,10,5,5
lccn/sn83030214/1908-09-15,1,0,1,-1
lccn/sn83030214/1906-04-21,2,9,6,3
lccn/sn83030214/1910-10-13,1,2,14,-12
lccn/sn84026749/1906-05-23,2,31,14,17
lccn/sn87062244/1894-09-14,2,10,3,7
lccn/sn87062244/1894-10-05,2,13,5,8
lccn/sn82016357/1901-05-18,1,0,0,0
lccn/sn83045555/1898-06-02,2,6,4,2
lccn/sn83045555/1898-11-05,2,9,8,1
lccn/sn84024442/1896-07-12,2,10,4,6
lccn/sn87062244/1894-05-18,2,17,9,8
lccn/sn84024441/1896-02-12,1,0,0,0
lccn/sn87062244/1894-12-26,1,4,7,-3
lccn/sn85054468/1899-08-28,2,4,3,1
lccn/sn85054468/1899-08-29,2,5,2,3
lccn/sn85054468/1899-08-31,2,5,4,1
lccn/sn85054468/1899-09-01,2,9,3,6
lccn/sn85054468/1899-05-21,2,4,2,2
lccn/sn87062245/1902-09-24,1,6,6,0
lccn/sn83045433/1913-08-24,2,13,9,4
lccn/sn83045433/1911-05-26,2,18,3,15
lccn/sn83045433/1911-05-29,2,9,1,8
lccn/sn83045433/1911-05-30,1,2,5,-3
lccn/sn83045555/1901-03-16,1,0,0,0
lccn/sn83045555/1901-03-09,2,8,2,6
lccn/sn83045555/1900-06-16,2,20,10,10
lccn/sn83045211/1915-05-21,1,3,4,-1
lccn/sn83045555/1904-08-30,1,1,3,-2
lccn/sn82000195/1888-12-06,2,3,2,1
lccn/sn83045555/1903-12-28,1,3,3,0
lccn/sn83045211/1917-02-02,1,3,3,0
lccn/sn83045211/1916-08-26,2,13,3,10
lccn/sn83030214/1908-11-14,2,1,0,1
lccn/sn83045211/1916-06-05,2,15,0,15
lccn/sn83045211/1916-06-08,2,13,9,4
lccn/sn85058130/1909-01-31,1,2,8,-6
lccn/sn85058130/1909-05-23,1,6,7,-1
lccn/sn85058130/1909-05-30,1,2,2,0
lccn/sn83045211/1916-02-05,2,8,3,5
lccn/sn83045211/1917-01-01,2,10,4,6
lccn/sn83045211/1916-08-19,2,9,3,6
lccn/sn83045211/1916-09-04,2,10,9,1
lccn/sn83045211/1916-09-07,2,17,5,12
lccn/sn83045211/1916-09-13,2,5,4,1
lccn/sn83045211/1916-09-18,1,0,14,-14
lccn/sn83045211/1916-09-27,2,10,3,7
lccn/sn83045211/1916-09-30,2,18,2,16
lccn/sn83030214/1910-11-11,1,1,3,-2
lccn/sn83030214/1910-11-12,1,5,9,-4
lccn/sn83030214/1909-03-18,2,12,11,1
lccn/sn94052989/1893-07-10,2,10,5,5
lccn/sn82015679/1895-01-03,2,5,3,2
lccn/sn82015679/1895-06-04,2,15,11,4
lccn/sn82015679/1895-11-02,2,7,3,4
lccn/sn82015679/1894-08-12,2,13,11,2
lccn/sn82015679/1894-08-24,1,0,0,0
lccn/sn82015679/1894-07-23,2,14,5,9
lccn/sn85025431/1886-12-10,2,18,9,9
lccn/sn82015679/1897-04-25,2,19,4,15
lccn/sn82015679/1897-01-24,1,6,17,-11
lccn/sn82015679/1897-01-01,1,9,17,-8
lccn/sn82015679/1897-01-03,2,12,6,6
lccn/sn82015679/1896-06-28,2,21,13,8
lccn/sn92053943/1882-06-08,1,0,0,0
lccn/sn94052989/1894-01-05,2,8,6,2
lccn/sn94052989/1894-01-17,2,10,4,6
lccn/sn82016014/1899-05-22,1,7,8,-1
lccn/sn89064525/1893-02-10,2,7,6,1
lccn/sn83045462/1909-06-25,1,1,5,-4
lccn/sn92053943/1883-03-28,2,8,5,3
lccn/sn84024546/1890-11-12,1,6,12,-6
lccn/sn83045462/1895-02-07,2,5,3,2
lccn/sn83045462/1895-01-16,2,8,7,1
lccn/sn84024546/1890-09-26,1,5,7,-2
lccn/sn83045462/1895-04-06,2,9,2,7
lccn/sn83045462/1895-02-22,2,4,3,1
lccn/sn83045462/1896-06-16,2,9,2,7
lccn/sn83045462/1896-09-16,2,2,1,1
lccn/sn84024546/1889-11-27,1,0,0,0
lccn/sn83045462/1895-09-19,2,12,1,11
lccn/sn85058140/1909-10-24,2,12,5,7
lccn/sn85058140/1909-10-31,2,15,12,3
lccn/sn83045462/1897-05-21,2,7,3,4
lccn/sn83045462/1897-06-21,2,7,6,1
lccn/sn83045462/1897-07-01,2,11,2,9
lccn/sn83045462/1897-06-18,2,12,7,5
lccn/sn83045462/1896-09-15,2,4,2,2
lccn/sn83045462/1896-09-18,1,3,3,0
lccn/sn83045462/1896-09-19,2,2,0,2
lccn/sn83045462/1896-10-24,2,7,4,3
lccn/sn85058130/1908-09-03,2,5,2,3
lccn/sn83045555/1910-08-29,2,2,1,1
lccn/sn83045555/1910-09-22,2,8,3,5
lccn/sn84026844/1887-12-10,2,5,0,5
lccn/sn83045604/1891-01-01,2,18,1,17
lccn/sn84026844/1879-06-26,2,10,9,1
lccn/sn83045604/1889-12-31,1,4,11,-7
lccn/sn83045604/1891-12-01,1,3,4,-1
lccn/sn83045604/1891-12-15,2,9,7,2
lccn/sn83045604/1891-12-23,1,8,10,-2
lccn/sn83045604/1891-12-20,1,1,3,-2
lccn/sn83045604/1891-10-06,2,3,2,1
lccn/sn83045604/1891-06-26,1,9,17,-8
lccn/sn84026844/1897-07-09,1,11,13,-2
lccn/sn83030214/1903-12-09,1,1,11,-10
lccn/sn84031492/1880-03-12,2,16,12,4
lccn/sn83025287/1881-01-06,2,13,2,11
lccn/sn83025287/1882-09-28,1,1,6,-5
lccn/sn83025287/1881-12-10,2,10,4,6
lccn/sn83045366/1903-01-07,1,6,8,-2
lccn/sn84020274/1901-08-28,2,8,2,6
lccn/sn84020274/1902-04-02,2,8,3,5
lccn/sn83025287/1880-06-13,2,10,4,6
lccn/sn83025287/1880-09-05,2,17,6,11
lccn/sn83025287/1881-10-01,1,2,3,-1
lccn/sn83025287/1881-01-14,2,14,6,8
lccn/sn83045366/1906-06-26,1,5,6,-1
lccn/sn83045366/1905-01-16,2,18,7,11
lccn/sn83045366/1905-05-09,1,0,0,0
lccn/sn83045366/1905-02-02,1,4,13,-9
lccn/sn83045366/1902-09-10,2,8,6,2
lccn/sn83045366/1906-06-22,2,5,4,1
lccn/sn83045366/1906-06-13,1,1,9,-8
lccn/sn83045366/1906-05-26,1,11,13,-2
lccn/sn83045366/1906-05-31,2,7,2,5
lccn/sn85042414/1921-10-17,1,1,3,-2
lccn/sn85058130/1906-02-24,1,3,8,-5
lccn/sn85058130/1906-05-29,1,2,3,-1
lccn/sn83045555/1905-02-10,1,2,6,-4
lccn/sn83045555/1905-11-13,2,9,5,4
lccn/sn84024441/1899-05-20,2,11,3,8
lccn/sn84025891/1910-05-28,1,0,7,-7
lccn/sn83045555/1901-08-24,2,11,10,1
lccn/sn83045555/1909-04-05,1,4,7,-3
lccn/sn83045555/1901-07-03,2,6,4,2
lccn/sn83045555/1905-08-18,1,6,7,-1
lccn/sn83045555/1910-12-28,1,5,9,-4
lccn/sn83045555/1905-09-16,2,6,4,2
lccn/sn83045555/1905-09-15,2,9,4,5
lccn/sn83045555/1905-09-11,1,9,9,0
lccn/sn83045555/1905-09-11,2,12,4,8
lccn/sn83045555/1905-09-09,1,17,26,-9
lccn/sn83045555/1905-09-07,1,6,10,-4
lccn/sn83045555/1905-09-04,2,3,2,1
lccn/sn83045555/1910-05-06,2,5,3,2
lccn/sn83045555/1910-12-17,1,11,20,-9
lccn/sn84026824/1890-04-25,2,9,5,4
lccn/sn84026824/1887-07-22,1,6,10,-4
lccn/sn84026824/1887-11-04,1,5,6,-1
lccn/sn83032300/1885-05-06,1,7,8,-1
lccn/sn83032300/1881-02-04,1,4,7,-3
lccn/sn83030214/1902-05-05,2,6,1,5
lccn/sn83030214/1900-07-13,2,6,5,1
lccn/sn85058130/1897-10-18,2,7,5,2
lccn/sn85058130/1897-05-22,1,10,11,-1
lccn/sn85058130/1897-05-27,1,6,8,-2
lccn/sn85058130/1897-05-31,1,0,0,0
lccn/sn85058130/1897-06-01,2,14,3,11
lccn/sn85058130/1897-06-03,1,6,10,-4
lccn/sn85058130/1897-09-08,2,7,4,3
lccn/sn85058130/1897-08-06,2,9,0,9
lccn/sn85058130/1897-08-06,2,11,0,11
lccn/sn85058130/1897-04-08,1,9,10,-1
lccn/sn85058130/1897-04-17,1,7,7,0
lccn/sn85058130/1897-12-23,1,9,11,-2
lccn/sn85058130/1898-06-07,2,12,0,12
lccn/sn85058130/1898-06-14,2,8,7,1
lccn/sn85058130/1898-04-02,2,6,3,3
lccn/sn85058130/1898-08-14,2,9,4,5
lccn/sn85058130/1898-08-15,2,12,4,8
lccn/sn85058130/1898-08-16,2,11,4,7
lccn/sn85058130/1898-08-17,2,21,0,21
lccn/sn85058130/1898-08-18,2,12,3,9
lccn/sn85058130/1898-08-20,1,4,4,0
lccn/sn85058130/1898-08-21,2,19,8,11
lccn/sn85058130/1898-08-22,2,25,3,22
lccn/sn85058130/1898-08-23,1,8,12,-4
lccn/sn85058130/1898-08-23,2,8,4,4
lccn/sn85058130/1898-08-24,1,13,15,-2
lccn/sn85058130/1898-08-24,2,11,6,5
lccn/sn85058130/1898-08-25,2,22,10,12
lccn/sn85058130/1898-08-25,2,7,2,5
lccn/sn85058130/1898-08-26,2,12,11,1
lccn/sn85058130/1898-08-26,2,11,5,6
lccn/sn85058130/1898-08-27,2,15,4,11
lccn/sn85058130/1898-08-28,2,8,4,4
lccn/sn85058130/1898-05-10,1,0,0,0
lccn/sn85058130/1898-01-31,2,8,7,1
lccn/sn85058130/1898-02-12,2,13,7,6
lccn/sn85058130/1898-02-13,2,8,5,3
lccn/sn85058130/1898-02-15,1,6,10,-4
lccn/sn85058130/1896-05-07,1,5,9,-4
lccn/sn85058130/1898-01-23,2,10,7,3
lccn/sn85058130/1898-01-23,2,13,9,4
lccn/sn85058130/1898-06-03,2,10,1,9
lccn/sn85058130/1895-07-07,2,12,2,10
lccn/sn85058130/1895-04-08,2,15,3,12
lccn/sn83045555/1907-07-08,2,8,7,1
lccn/sn83045555/1907-07-20,1,0,0,0
lccn/sn83045555/1907-07-20,1,0,0,0
lccn/sn83045555/1906-10-24,1,14,29,-15
lccn/sn83045555/1907-12-20,1,4,9,-5
lccn/sn83045555/1908-04-10,2,10,7,3
lccn/sn85058130/1896-09-09,2,11,9,2
lccn/sn85058130/1896-09-10,2,9,3,6
lccn/sn85058130/1896-02-13,2,14,4,10
lccn/sn85058130/1896-02-16,2,8,4,4
lccn/sn85058130/1896-02-21,2,22,21,1
lccn/sn85058130/1896-02-27,1,3,5,-2
lccn/sn85058130/1896-04-01,1,7,8,-1
lccn/sn83030214/1903-07-11,1,0,0,0
lccn/sn83030214/1903-07-13,2,11,3,8
lccn/sn83045774/1921-02-03,2,13,2,11
lccn/sn83045389/1921-09-14,2,2,1,1
lccn/sn83045774/1921-02-13,1,0,0,0
lccn/sn83045774/1922-02-26,2,22,7,15
lccn/sn84026749/1909-02-19,1,5,5,0
lccn/sn92053945/1889-04-19,1,9,10,-1
lccn/sn83025287/1879-11-01,1,16,29,-13
lccn/sn83025287/1879-11-16,1,3,3,0
lccn/sn83025287/1879-08-09,2,13,7,6
lccn/sn83025287/1879-12-03,2,6,4,2
lccn/sn84026749/1904-11-27,2,13,3,10
lccn/sn90059522/1891-06-14,1,6,10,-4
lccn/sn84026749/1908-08-15,1,0,0,0
lccn/sn84026749/1914-10-31,1,4,11,-7
lccn/sn83045462/1922-01-20,2,14,3,11
lccn/sn83045462/1922-01-22,1,6,8,-2
lccn/sn83045462/1922-02-03,1,2,3,-1
lccn/sn83045462/1922-02-04,2,14,6,8
lccn/sn83045462/1922-04-29,2,9,4,5
lccn/sn84022770/1889-06-21,2,21,6,15
lccn/sn85026034/1878-04-05,2,7,3,4
lccn/sn85026034/1877-02-09,2,11,8,3
lccn/sn91066782/1910-04-12,1,4,7,-3
lccn/sn91066782/1911-04-07,1,0,0,0
lccn/sn85026241/1873-04-24,2,10,3,7
lccn/sn84026847/1877-03-14,2,17,12,5
lccn/sn84023253/1902-06-18,2,23,5,18
lccn/sn85026241/1867-05-30,2,13,5,8
lccn/sn85026241/1890-07-24,2,20,6,14
lccn/sn85026241/1886-11-18,1,2,9,-7
lccn/sn85026241/1886-01-07,2,39,18,21
lccn/sn85026241/1870-11-10,2,7,6,1
lccn/sn84023253/1890-04-17,1,5,5,0
lccn/sn88085947/1910-04-01,1,0,0,0
lccn/sn88085947/1910-03-30,2,9,8,1
lccn/sn82003410/1852-01-18,2,8,3,5
lccn/sn83045433/1918-01-11,1,7,8,-1
lccn/sn83045462/1901-12-27,2,6,2,4
lccn/sn83045462/1901-12-28,2,6,3,3
lccn/sn83045462/1901-03-16,2,7,3,4
lccn/sn83045462/1901-07-12,2,9,4,5
lccn/sn85042345/1922-06-25,1,2,4,-2
lccn/sn83045462/1899-06-23,2,6,1,5
lccn/sn83045462/1899-06-29,1,0,1,-1
lccn/sn83045462/1899-06-01,1,3,3,0
lccn/sn83045462/1899-06-16,2,6,4,2
lccn/sn83045462/1900-02-08,2,4,3,1
lccn/sn83045462/1900-02-09,1,0,0,0
lccn/sn83045462/1901-06-14,2,8,5,3
lccn/sn83045462/1901-03-21,1,5,10,-5
lccn/sn83045462/1901-10-14,1,6,8,-2
lccn/sn83045462/1901-12-25,2,6,3,3
lccn/sn83045462/1902-08-26,1,5,5,0
lccn/sn83045462/1901-09-28,2,12,1,11
lccn/sn83030214/1903-06-20,1,6,10,-4
lccn/sn83030214/1904-10-25,2,23,17,6
lccn/sn83045462/1902-01-10,1,1,2,-1
lccn/sn83045462/1902-02-03,1,0,0,0
lccn/sn85025620/1892-04-28,2,17,6,11
lccn/sn84026749/1906-02-14,2,7,5,2
lccn/sn84026749/1906-02-15,1,12,14,-2
lccn/sn84027670/1882-05-25,1,0,1,-1
lccn/sn99021999/1919-09-05,2,6,1,5
lccn/sn84026749/1909-09-18,2,7,6,1
lccn/sn83045462/1900-06-11,2,17,1,16
lccn/sn85025620/1882-05-11,2,3,0,3
lccn/sn89081022/1919-12-03,1,2,2,0
lccn/sn89081022/1906-05-23,2,11,7,4
lccn/sn90059522/1896-01-21,1,5,12,-7
lccn/sn90059522/1884-09-08,2,18,1,17
lccn/sn83045462/1903-09-09,1,6,11,-5
lccn/sn83045462/1903-09-10,1,3,8,-5
lccn/sn83045462/1913-06-18,1,3,15,-12
lccn/sn83045462/1914-05-23,2,5,4,1
lccn/sn90059522/1887-05-17,1,6,8,-2
lccn/sn90059522/1887-05-09,1,0,0,0
lccn/sn82015679/1887-06-07,1,11,14,-3
lccn/sn82015679/1888-01-08,1,4,4,0
lccn/sn83045462/1904-01-02,1,5,5,0
lccn/sn83045462/1903-12-31,2,12,10,2
lccn/sn86071719/1887-05-04,1,4,7,-3
lccn/sn86072143/1913-01-23,1,3,8,-5
lccn/sn86072143/1913-04-10,1,3,4,-1
lccn/sn86072143/1913-06-05,2,3,2,1
lccn/sn86072143/1919-09-11,1,4,5,-1
lccn/sn86072143/1919-10-09,1,3,10,-7
lccn/sn86072143/1920-07-29,1,3,18,-15
lccn/sn86072143/1920-08-26,1,8,8,0
lccn/sn86072143/1915-10-21,2,14,10,4
lccn/sn86072143/1915-03-25,1,2,5,-3
lccn/sn86072143/1915-03-25,2,11,6,5
lccn/sn98060050/1911-04-28,2,8,6,2
lccn/sn98060050/1911-05-05,1,2,6,-4
lccn/sn98060050/1911-08-04,2,13,11,2
lccn/sn98060050/1912-05-31,1,5,7,-2
lccn/sn86072143/1916-06-08,2,10,2,8
lccn/sn86072143/1916-11-16,1,2,6,-4
lccn/sn86072143/1918-05-30,1,11,12,-1
lccn/sn86072143/1918-06-13,1,5,5,0
lccn/sn86072143/1919-06-05,1,7,9,-2
lccn/sn86072143/1919-06-19,2,15,2,13
lccn/sn86072143/1914-12-17,1,0,7,-7
lccn/sn86072143/1915-01-14,1,0,3,-3
lccn/sn86072143/1915-01-28,1,1,1,0
lccn/sn86072143/1915-02-18,1,2,4,-2
lccn/sn86072143/1916-01-06,1,2,5,-3
lccn/sn86072143/1916-05-04,1,3,5,-2
lccn/sn86072143/1917-09-13,2,8,6,2
lccn/sn86072143/1918-03-14,1,5,9,-4
lccn/sn86072143/1918-04-04,1,2,7,-5
lccn/sn86072143/1917-03-15,2,6,1,5
lccn/sn86072143/1917-05-03,2,11,4,7
lccn/sn86072143/1917-06-28,1,5,7,-2
lccn/sn86072143/1913-10-16,1,2,10,-8
lccn/sn86072143/1914-01-15,1,1,3,-2
lccn/sn86072143/1914-06-25,2,19,7,12
lccn/sn86072143/1914-07-23,1,5,14,-9
lccn/sn83045462/1907-07-31,2,8,2,6
lccn/sn83030214/1898-05-19,1,3,8,-5
lccn/sn89067274/1896-02-13,2,15,11,4
lccn/sn89067274/1902-03-27,2,13,11,2
lccn/sn89067274/1905-11-23,2,14,3,11
lccn/sn89067274/1898-07-21,2,11,9,2
lccn/sn89067274/1898-12-22,2,18,3,15
lccn/sn89067274/1895-08-01,2,14,12,2
lccn/sn82015679/1890-09-07,2,8,1,7
lccn/sn82015679/1890-05-17,1,5,5,0
lccn/sn82015679/1890-10-05,1,10,13,-3
lccn/sn82015679/1889-12-25,2,12,11,1
lccn/sn82015679/1890-09-28,1,6,7,-1
lccn/sn82015679/1890-11-17,2,17,3,14
lccn/sn82015679/1889-08-18,2,9,6,3
lccn/sn82015679/1889-04-19,1,0,0,0
lccn/sn82015483/1886-12-11,2,11,4,7
lccn/sn82015483/1887-03-19,2,31,12,19
lccn/sn82015483/1889-01-24,2,6,5,1
lccn/sn82015483/1888-04-25,1,5,9,-4
lccn/sn82015483/1888-05-19,1,14,14,0
lccn/sn85054468/1900-06-17,2,20,3,17
lccn/sn85054468/1900-11-23,2,15,5,10
lccn/sn82015483/1881-05-09,2,5,2,3
lccn/sn84031081/1922-08-09,1,9,9,0
lccn/sn85025007/1879-06-28,2,7,5,2
lccn/sn85025007/1879-06-30,1,8,14,-6
lccn/sn82015483/1884-11-01,2,5,3,2
lccn/sn85034039/1874-06-26,2,21,6,15
lccn/sn85034039/1875-04-23,1,1,5,-4
lccn/sn90059522/1893-02-25,2,11,6,5
lccn/sn90059522/1891-09-06,2,10,5,5
lccn/sn90059522/1891-09-27,2,12,5,7
lccn/sn84026749/1903-12-20,2,6,2,4
lccn/sn90059522/1886-09-14,1,4,10,-6
lccn/sn90059523/1901-05-31,2,6,3,3
lccn/sn90059523/1901-06-10,2,4,0,4
lccn/sn90059523/1902-01-07,2,10,0,10
lccn/sn90059523/1902-01-08,1,0,0,0
lccn/sn90059523/1902-01-09,1,0,0,0
lccn/sn90059523/1902-02-17,1,4,5,-1
lccn/sn90059523/1902-02-24,2,12,7,5
lccn/sn90059523/1902-02-25,2,11,3,8
lccn/sn90061417/1898-03-11,2,13,9,4
lccn/sn90061417/1898-03-18,1,13,14,-1
lccn/sn90061417/1894-12-28,2,18,3,15
lccn/sn90059522/1892-04-19,2,6,5,1
lccn/sn90059522/1892-03-20,1,8,10,-2
lccn/sn90059522/1891-11-22,1,3,5,-2
lccn/sn90059522/1892-03-21,1,12,13,-1
lccn/sn90061417/1901-02-08,1,4,11,-7
lccn/sn90059522/1892-03-28,2,8,7,1
lccn/sn90059522/1892-03-29,1,6,7,-1
lccn/sn83016943/1905-03-11,2,19,7,12
lccn/sn83016943/1904-07-09,1,0,0,0
lccn/sn83045462/1921-07-17,2,14,2,12
lccn/sn83045462/1921-07-17,2,10,2,8
lccn/sn83045462/1921-07-24,2,10,0,10
lccn/sn83045462/1921-08-07,2,15,1,14
lccn/sn83045462/1921-07-31,1,9,9,0
lccn/sn86053573/1885-11-21,2,6,4,2
lccn/sn82000205/1886-04-28,1,3,4,-1
lccn/sn82000205/1888-01-04,1,3,6,-3
lccn/sn84026355/1899-12-04,1,7,8,-1
lccn/sn84036276/1898-01-08,2,14,3,11
lccn/sn83030431/1918-06-09,2,4,2,2
lccn/sn83030431/1917-12-27,1,3,6,-3
lccn/sn83045433/1915-03-17,2,6,1,5
lccn/sn84024442/1896-09-19,1,2,3,-1
lccn/sn82016187/1896-07-02,2,10,3,7
lccn/sn85058130/1908-05-24,1,3,3,0
lccn/sn85058130/1908-05-24,2,10,3,7
lccn/sn83045433/1920-09-29,1,5,11,-6
lccn/sn82014296/1870-02-02,2,18,17,1
lccn/sn82014635/1904-03-13,2,7,1,6
lccn/sn82014635/1903-12-30,2,6,4,2
lccn/sn82014635/1903-03-08,1,9,9,0
lccn/sn82014635/1903-06-19,2,17,3,14
lccn/sn85042461/1897-11-18,2,3,0,3
lccn/sn85066387/1905-01-05,2,12,0,12
lccn/sn85066387/1905-01-06,2,12,3,9
lccn/sn85066387/1905-01-07,2,17,0,17
lccn/sn85066387/1905-01-13,2,14,0,14
lccn/sn85066387/1905-01-11,2,19,2,17
lccn/sn85066387/1905-01-14,2,11,0,11
lccn/sn82014635/1902-01-08,1,0,0,0
lccn/sn85042461/1896-10-29,1,0,0,0
lccn/sn85042461/1896-10-30,2,17,6,11
lccn/sn85042461/1897-03-17,1,0,0,0
lccn/sn82014635/1903-01-06,1,17,17,0
lccn/sn85066387/1905-01-19,2,8,2,6
lccn/sn85066387/1905-01-21,2,6,2,4
lccn/sn85066387/1905-01-24,2,11,0,11
lccn/sn85066387/1905-01-26,2,8,0,8
lccn/sn85033673/1871-09-21,1,5,5,0
lccn/sn85038615/1908-07-06,2,12,1,11
lccn/sn99063952/1892-09-10,1,9,10,-1
lccn/sn99063952/1892-09-21,1,6,7,-1
lccn/sn99063952/1891-09-26,2,20,9,11
lccn/sn84026561/1856-12-24,2,6,5,1
lccn/sn84026561/1856-12-17,1,4,5,-1
lccn/sn99063957/1915-05-15,2,13,11,2
lccn/sn85058130/1895-03-12,1,0,0,0
lccn/sn85058130/1889-12-24,1,9,12,-3
lccn/sn83045462/1920-07-16,1,4,5,-1
lccn/sn83045211/1921-02-21,2,10,3,7
lccn/sn83045211/1921-02-22,2,7,0,7
lccn/sn83045555/1897-09-25,1,5,16,-11
lccn/sn83045211/1921-03-10,2,6,5,1
lccn/sn92073987/1874-03-13,1,6,8,-2
lccn/sn86082061/1908-12-24,1,3,8,-5
lccn/sn86082061/1892-03-24,1,7,7,0
lccn/sn86082061/1901-07-11,1,6,12,-6
lccn/sn86082061/1910-06-02,2,11,1,10
lccn/sn83030272/1906-11-22,2,8,7,1
lccn/sn85038614/1901-11-10,1,5,6,-1
lccn/sn83030272/1906-12-02,2,6,5,1
lccn/sn85038615/1908-10-10,1,0,0,0
lccn/sn83045160/1877-01-12,2,23,4,19
lccn/sn83045160/1878-01-30,2,10,5,5
lccn/sn83030193/1907-11-28,2,5,4,1
lccn/sn85038614/1902-05-24,2,6,3,3
lccn/sn85038614/1902-03-23,2,9,1,8
lccn/sn87052143/1885-08-01,2,9,4,5
lccn/sn93060412/1890-03-08,1,0,1,-1
lccn/sn93060416/1898-08-13,1,0,0,0
lccn/sn93060416/1897-02-20,2,11,10,1
lccn/sn85038088/1878-04-11,2,9,5,4
lccn/sn85038088/1876-01-21,2,7,3,4
lccn/sn86063760/1901-01-23,1,0,0,0
lccn/sn83035595/1866-05-18,2,6,1,5
lccn/sn86063760/1894-01-31,2,13,10,3
lccn/sn85032490/1889-05-28,1,4,6,-2
lccn/sn85032490/1889-06-04,2,13,3,10
lccn/sn85032490/1889-06-16,2,16,3,13
lccn/sn85032490/1889-10-24,2,9,5,4
lccn/sn85032490/1889-10-25,2,13,3,10
lccn/sn85032490/1889-10-27,2,6,1,5
lccn/sn85032490/1889-10-29,2,7,1,6
lccn/sn85032490/1889-05-02,2,9,6,3
lccn/sn85032490/1889-08-18,1,3,6,-3
lccn/sn85032490/1890-01-17,2,6,2,4
lccn/sn85032490/1890-02-05,2,8,3,5
lccn/sn85032490/1889-11-01,1,5,8,-3
lccn/sn83030431/1917-09-29,1,0,0,0
lccn/sn83030431/1917-08-09,2,14,12,2
lccn/sn86071158/1894-07-02,1,5,6,-1
lccn/sn82015679/1899-03-15,2,18,5,13
lccn/sn84024283/1886-12-23,1,10,12,-2
lccn/sn82015679/1893-01-16,1,0,0,0
lccn/sn84024283/1887-04-07,1,4,5,-1
lccn/sn82015679/1891-10-16,1,3,6,-3
lccn/sn82015679/1891-11-11,1,8,13,-5
lccn/sn82015679/1892-01-11,2,19,7,12
lccn/sn82015679/1892-01-13,1,4,11,-7
lccn/sn82015679/1892-01-20,2,16,6,10
lccn/sn82015679/1892-01-23,1,2,2,0
lccn/sn82015679/1892-01-29,1,4,10,-6
lccn/sn82015679/1892-02-01,1,0,0,0
lccn/sn82015679/1892-02-05,1,10,12,-2
lccn/sn82015679/1892-02-06,2,8,4,4
lccn/sn82015679/1892-02-11,1,10,10,0
lccn/sn82015679/1892-02-15,2,11,7,4
lccn/sn82015679/1891-11-23,2,14,5,9
lccn/sn82015679/1891-11-26,1,0,0,0
lccn/sn82015679/1891-11-30,1,0,0,0
lccn/sn82015679/1891-12-11,2,15,2,13
lccn/sn82015679/1891-12-12,1,0,0,0
lccn/sn82015679/1891-12-21,1,0,0,0
lccn/sn82015679/1891-12-24,1,2,4,-2
lccn/sn82015679/1891-12-30,2,5,0,5
lccn/sn82015679/1892-01-02,2,10,3,7
lccn/sn82015679/1891-11-13,1,7,9,-2
lccn/sn82015679/1892-03-29,1,3,5,-2
lccn/sn82015679/1891-09-21,1,12,19,-7
lccn/sn82015679/1892-02-22,2,9,8,1
lccn/sn82015679/1892-02-23,2,8,4,4
lccn/sn82015679/1892-02-25,2,5,1,4
lccn/sn82015679/1892-02-26,1,10,10,0
lccn/sn82015679/1892-02-28,2,11,2,9
lccn/sn82015679/1892-03-03,2,8,3,5
lccn/sn82015679/1892-03-04,1,2,4,-2
lccn/sn82015679/1892-03-11,1,5,7,-2
lccn/sn84024283/1894-09-13,2,4,2,2
lccn/sn82015679/1899-10-18,2,8,1,7
lccn/sn82015679/1899-09-17,2,10,4,6
lccn/sn82015679/1899-09-17,2,2,0,2
lccn/sn82015679/1899-09-25,2,21,4,17
lccn/sn83045462/1907-09-13,2,7,4,3
lccn/sn83045462/1907-09-19,1,2,4,-2
lccn/sn83045462/1907-09-29,1,16,16,0
lccn/sn82015679/1899-06-10,2,9,1,8
lccn/sn84024283/1890-07-31,2,14,5,9
lccn/sn82015679/1899-04-07,1,5,7,-2
lccn/sn83045462/1906-04-08,2,14,7,7
lccn/sn83045462/1906-03-18,2,13,4,9
lccn/sn84038628/1867-12-16,2,8,5,3
lccn/sn85066387/1896-05-10,1,0,0,0
lccn/sn85066387/1896-07-15,1,0,0,0
lccn/sn82016014/1915-07-20,2,24,15,9
lccn/sn82016014/1915-05-24,2,4,3,1
lccn/sn82016014/1914-07-06,2,13,11,2
lccn/sn82016014/1916-05-29,1,11,19,-8
lccn/sn82016014/1916-03-15,1,5,5,0
lccn/sn99021999/1920-06-04,2,13,0,13
lccn/sn85066387/1896-12-29,2,12,4,8
lccn/sn87055779/1921-12-05,2,6,3,3
lccn/sn87055779/1921-12-07,2,9,0,9
lccn/sn83045462/1923-03-25,2,20,2,18
lccn/sn84027670/1893-02-16,1,0,0,0
lccn/sn84027670/1882-10-12,2,6,4,2
lccn/sn83045462/1923-01-31,2,11,3,8
lccn/sn84027670/1878-04-25,2,12,3,9
lccn/sn84027670/1882-03-09,2,8,1,7
lccn/sn84027670/1881-03-17,2,9,7,2
lccn/sn84027670/1881-10-13,2,8,3,5
lccn/sn84027670/1882-01-12,2,5,3,2
lccn/sn82015672/1857-06-12,2,9,8,1
lccn/sn85066387/1913-05-12,1,6,7,-1
lccn/sn83045462/1923-05-31,2,5,4,1
lccn/sn84027670/1891-08-06,1,2,3,-1
lccn/sn84026749/1904-09-23,1,10,12,-2
lccn/sn83030214/1916-06-24,1,1,3,-2
lccn/sn90059522/1886-02-28,2,7,2,5
lccn/sn87055779/1914-06-18,2,13,3,10
lccn/sn87055779/1914-06-19,2,15,6,9
lccn/sn87055779/1914-01-03,1,0,5,-5
lccn/sn87055779/1914-04-09,1,2,9,-7
lccn/sn87055779/1914-06-20,2,8,2,6
lccn/sn89066235/1894-09-15,2,4,2,2
lccn/sn87055779/1913-07-28,1,8,8,0
lccn/sn87055779/1913-07-23,2,11,5,6
lccn/sn83045462/1891-04-15,2,7,5,2
lccn/sn83045462/1891-07-20,1,0,0,0
lccn/sn83045462/1891-12-19,2,5,4,1
lccn/sn83045462/1891-12-19,2,6,1,5
lccn/sn83045462/1891-06-16,2,11,3,8
lccn/sn83045462/1892-03-03,2,8,2,6
lccn/sn90059522/1889-04-02,2,16,2,14
lccn/sn90059522/1889-06-08,2,4,3,1
lccn/sn90059523/1899-06-04,2,5,3,2
lccn/sn85038158/1868-07-16,2,10,2,8
lccn/sn85038158/1883-11-28,2,5,2,3
lccn/sn85038158/1868-01-16,1,6,13,-7
lccn/sn85038158/1859-07-14,2,12,9,3
lccn/sn85026309/1864-11-16,1,1,4,-3
lccn/sn85038158/1876-04-06,2,19,2,17
lccn/sn85038158/1873-04-10,2,26,9,17
lccn/sn85038158/1883-08-08,2,3,2,1
lccn/sn84026965/1895-10-30,2,16,4,12
lccn/sn84026965/1880-12-16,1,0,0,0
lccn/sn84026965/1888-02-09,2,35,20,15
lccn/sn84026965/1889-01-17,2,15,7,8
lccn/sn93067846/1888-09-19,1,3,4,-1
lccn/sn85038615/1912-01-28,2,6,3,3
lccn/sn85038615/1912-08-28,2,9,6,3
lccn/sn85038615/1912-05-25,2,7,1,6
lccn/sn85038615/1912-09-12,2,7,3,4
lccn/sn85038615/1912-05-10,2,2,1,1
lccn/sn85038615/1912-06-19,1,0,0,0
lccn/sn85038615/1912-06-20,1,0,0,0
lccn/sn85038615/1912-06-22,1,0,0,0
lccn/sn85038615/1912-06-23,2,9,1,8
lccn/sn85038615/1912-04-21,2,4,1,3
lccn/sn84024670/1872-09-24,2,10,9,1
lccn/sn83025308/1891-09-20,1,0,0,0
lccn/sn95079220/1905-08-11,2,10,2,8
lccn/sn95079220/1901-07-26,1,4,4,0
lccn/sn95079220/1901-10-18,2,5,4,1
lccn/sn95079220/1901-11-01,2,8,7,1
lccn/sn95079220/1901-08-16,1,4,4,0
lccn/sn95079220/1902-07-18,2,6,1,5
lccn/sn95079220/1903-06-12,2,17,3,14
lccn/sn95079220/1900-07-20,2,11,0,11
lccn/sn95079220/1900-08-10,2,10,1,9
lccn/sn95079220/1900-08-17,2,13,2,11
lccn/sn95079220/1900-07-13,1,4,6,-2
lccn/sn85038615/1912-06-18,2,4,3,1
lccn/sn85049554/1908-08-17,1,7,8,-1
lccn/sn99021999/1908-10-19,1,4,6,-2
lccn/sn85049554/1907-09-04,1,5,11,-6
lccn/sn99021999/1908-09-28,2,4,1,3
lccn/sn99021999/1908-09-29,2,7,2,5
lccn/sn85049554/1906-07-21,1,6,8,-2
lccn/sn99021999/1909-02-01,1,6,6,0
lccn/sn99021999/1910-01-02,2,10,1,9
lccn/sn99021999/1909-08-29,1,4,5,-1
lccn/sn99021999/1909-09-06,2,8,6,2
lccn/sn99021999/1909-09-08,2,10,1,9
lccn/sn99021999/1909-08-07,2,16,2,14
lccn/sn83025460/1897-09-16,2,11,2,9
lccn/sn99021999/1909-10-04,2,7,5,2
lccn/sn99021999/1909-10-05,2,16,2,14
lccn/sn82016014/1907-11-14,1,7,14,-7
lccn/sn99021999/1909-07-28,2,17,2,15
lccn/sn99021999/1909-08-15,2,12,6,6
lccn/sn99021999/1909-06-27,2,11,4,7
lccn/sn99021999/1909-07-23,2,8,6,2
lccn/sn99021999/1909-04-19,1,7,7,0
lccn/sn82016014/1908-05-29,1,8,12,-4
lccn/sn99021999/1909-09-01,2,24,3,21
lccn/sn99021999/1909-09-28,1,0,0,0
lccn/sn99021999/1909-07-03,2,19,1,18
lccn/sn82016014/1908-12-16,1,11,15,-4
lccn/sn83045462/1907-03-11,1,10,10,0
lccn/sn83045462/1907-01-23,1,4,7,-3
lccn/sn83045462/1907-02-17,1,5,10,-5
lccn/sn83045462/1907-08-03,2,8,3,5
lccn/sn83045462/1907-08-16,1,4,5,-1
lccn/sn83045462/1906-10-02,2,12,3,9
lccn/sn83045462/1906-10-07,2,9,1,8
lccn/sn83045462/1906-10-12,2,3,2,1
lccn/sn89066178/1916-07-08,2,8,4,4
lccn/sn89066178/1913-04-26,2,8,6,2
lccn/sn83045462/1906-09-29,1,1,2,-1
lccn/sn83045462/1906-09-30,2,13,2,11
lccn/sn84024283/1899-03-23,1,7,11,-4
lccn/sn82015679/1899-09-06,1,1,1,0
lccn/sn85038411/1917-09-15,2,14,4,10
lccn/sn85038411/1917-10-27,2,9,2,7
lccn/sn85038411/1917-10-29,2,10,3,7
lccn/sn85038411/1917-12-01,2,20,4,16
lccn/sn85038411/1917-11-17,2,3,2,1
lccn/sn83045462/1909-12-01,2,2,0,2
lccn/sn83045462/1910-02-20,1,0,0,0
lccn/sn83045462/1908-05-25,2,9,6,3
lccn/sn83045462/1910-03-13,2,10,6,4
lccn/sn83045462/1908-11-08,2,1,0,1
lccn/sn83045462/1909-08-07,2,6,1,5
lccn/sn83045462/1908-11-14,2,11,6,5
lccn/sn83045462/1909-12-14,1,0,0,0
lccn/sn83045462/1902-06-28,2,11,5,6
lccn/sn83045462/1913-09-28,2,7,4,3
lccn/sn83045462/1913-09-14,2,5,3,2
lccn/sn83045462/1914-03-14,1,7,7,0
lccn/sn85025431/1881-06-01,2,22,7,15
lccn/sn85025431/1883-06-06,1,5,8,-3
lccn/sn85025431/1884-02-06,2,11,4,7
lccn/sn85025431/1879-01-16,1,4,6,-2
lccn/sn85025431/1879-02-20,2,8,7,1
lccn/sn85025431/1882-03-15,2,7,3,4
lccn/sn85025431/1880-02-19,2,13,4,9
lccn/sn99021999/1880-07-07,2,10,4,6
lccn/sn83045462/1913-05-09,2,6,1,5
lccn/sn83045462/1913-06-08,2,6,0,6
lccn/sn85025431/1884-12-03,2,21,5,16
lccn/sn85025431/1884-12-03,2,23,6,17
lccn/sn85025431/1884-12-24,2,14,9,5
lccn/sn92053934/1918-05-18,2,12,3,9
lccn/sn85025431/1886-06-23,2,9,1,8
lccn/sn85025431/1884-12-03,2,18,7,11
lccn/sn85025431/1886-05-19,2,7,6,1
lccn/sn99021999/1883-04-20,1,7,9,-2
lccn/sn85042462/1909-02-02,2,22,5,17
lccn/sn85025431/1875-02-25,2,5,1,4
lccn/sn85066387/1905-01-12,2,9,1,8
lccn/sn85066387/1905-01-20,2,5,2,3
lccn/sn99021999/1888-07-18,1,2,8,-6
lccn/sn99021999/1888-12-11,2,19,13,6
lccn/sn99021999/1888-12-21,2,6,3,3
lccn/sn99021999/1889-08-24,1,3,4,-1
lccn/sn99021999/1889-02-27,2,11,6,5
lccn/sn99021999/1888-03-18,1,8,11,-3
lccn/sn99021999/1888-04-27,1,7,13,-6
lccn/sn99021999/1888-08-14,2,17,11,6
lccn/sn99021999/1885-09-12,1,9,17,-8
lccn/sn82014381/1889-11-26,2,19,7,12
lccn/sn94052989/1891-12-16,2,10,3,7
lccn/sn99021999/1889-10-08,1,5,10,-5
lccn/sn99021999/1884-09-30,2,12,8,4
lccn/sn99021999/1903-12-01,2,11,10,1
lccn/sn99021999/1903-10-09,1,4,11,-7
lccn/sn99021999/1904-02-21,2,12,3,9
lccn/sn99021999/1904-02-04,2,8,3,5
lccn/sn84038306/1900-01-31,1,12,13,-1
lccn/sn84038306/1901-02-06,2,12,5,7
lccn/sn99021999/1904-06-16,2,16,4,12
lccn/sn99021999/1904-06-17,2,9,3,6
lccn/sn99021999/1903-08-16,2,13,4,9
lccn/sn95026908/1915-01-14,1,3,3,0
lccn/sn95026908/1916-02-10,2,8,2,6
lccn/sn85042461/1895-09-27,1,0,5,-5
lccn/sn85042461/1895-11-28,2,18,6,12
lccn/sn85042461/1895-09-20,2,8,3,5
lccn/sn84038306/1903-10-21,1,4,7,-3
lccn/sn84038306/1908-02-19,1,0,0,0
lccn/sn85042461/1894-11-04,1,0,0,0
lccn/sn85042461/1894-06-18,1,7,9,-2
lccn/sn84038306/1908-09-23,2,5,3,2
lccn/sn82014805/1883-11-20,1,0,0,0
lccn/sn82016014/1900-05-19,2,9,7,2
lccn/sn82016014/1901-08-22,1,0,0,0
lccn/sn99021999/1904-12-21,2,3,0,3
lccn/sn99021999/1904-12-22,2,3,1,2
lccn/sn85042461/1895-05-13,2,8,5,3
lccn/sn99021999/1893-01-19,2,10,3,7
lccn/sn99021999/1894-06-23,2,12,8,4
lccn/sn99021999/1890-05-30,1,6,9,-3
lccn/sn99021999/1898-03-23,1,5,5,0
lccn/sn99021999/1898-05-23,2,13,3,10
lccn/sn85066387/1898-11-02,1,14,17,-3
lccn/sn82014635/1900-04-15,2,11,0,11
lccn/sn82014635/1900-08-19,2,9,3,6
lccn/sn82014635/1900-01-21,2,7,1,6
lccn/sn82014635/1898-11-20,1,4,7,-3
lccn/sn99021999/1895-06-04,1,2,5,-3
lccn/sn99021999/1895-05-12,1,6,6,0
lccn/sn99021999/1898-01-28,2,8,6,2
lccn/sn82014635/1898-10-09,1,0,0,0
lccn/sn82014635/1898-05-28,2,14,5,9
lccn/sn85066387/1898-03-17,1,6,15,-9
lccn/sn82014635/1898-05-27,2,6,5,1
lccn/sn82014635/1898-05-29,2,10,6,4
lccn/sn82014635/1898-01-27,2,15,1,14
lccn/sn99021999/1898-05-05,1,3,4,-1
lccn/sn94053256/1895-04-23,2,9,4,5
lccn/sn85066387/1910-06-07,1,7,8,-1
lccn/sn99021999/1892-12-15,2,7,6,1
lccn/sn99021999/1893-06-11,2,11,4,7
lccn/sn99021999/1898-02-24,2,10,3,7
lccn/sn99021999/1897-09-09,1,7,11,-4
lccn/sn99021999/1898-01-20,2,18,4,14
lccn/sn99021999/1890-11-16,2,17,10,7
lccn/sn99021999/1891-06-25,2,9,3,6
lccn/sn99021999/1891-07-13,2,10,2,8
lccn/sn99021999/1891-09-13,2,10,7,3
lccn/sn99021999/1894-12-02,1,6,12,-6
lccn/sn99021999/1894-05-20,2,7,5,2
lccn/sn99021999/1891-01-18,2,12,7,5
lccn/sn90059522/1891-02-14,1,4,4,0
lccn/sn90059522/1893-07-23,2,8,3,5
lccn/sn90059522/1894-08-17,1,2,6,-4
lccn/sn83045462/1908-04-04,2,5,0,5
lccn/sn83045462/1909-10-05,2,9,3,6
lccn/sn83045462/1909-10-23,1,5,6,-1
lccn/sn83045462/1909-09-21,2,3,1,2
lccn/sn90059523/1897-10-29,2,17,2,15
lccn/sn90059523/1897-07-13,2,6,4,2
lccn/sn83045462/1913-01-05,1,2,7,-5
lccn/sn83045462/1912-12-22,2,7,5,2
lccn/sn83045462/1913-01-09,2,4,2,2
lccn/sn83045462/1913-02-18,1,6,11,-5
lccn/sn83045462/1913-01-31,1,0,1,-1
lccn/sn83045462/1893-07-22,2,9,2,7
lccn/sn83045462/1893-09-13,1,5,19,-14
lccn/sn83045462/1893-03-30,1,6,7,-1
lccn/sn90059523/1896-07-30,1,2,8,-6
lccn/sn90059523/1896-08-09,2,8,7,1
lccn/sn90059523/1897-01-20,1,0,0,0
lccn/sn90059523/1896-10-08,2,11,2,9
lccn/sn90059523/1897-03-26,2,19,4,15
lccn/sn90059523/1897-02-07,2,10,3,7
lccn/sn90059523/1897-03-28,2,9,7,2
lccn/sn90059522/1888-04-13,2,8,6,2
lccn/sn90059522/1888-04-14,1,6,11,-5
lccn/sn90059522/1888-03-22,2,9,7,2
lccn/sn90059522/1888-09-02,2,11,5,6
lccn/sn90059522/1888-04-22,1,5,7,-2
lccn/sn83045462/1894-03-17,2,16,7,9
lccn/sn83045462/1894-04-10,1,4,13,-9
lccn/sn90059522/1886-12-20,2,2,1,1
lccn/sn90059522/1888-03-06,1,9,13,-4
lccn/sn90059522/1886-03-16,2,16,12,4
lccn/sn87055779/1915-03-11,1,0,0,0
lccn/sn87055779/1915-03-12,1,0,0,0
lccn/sn87055779/1915-03-10,1,0,0,0
lccn/sn87055779/1915-03-13,1,0,0,0
lccn/sn83045462/1892-12-28,2,4,2,2
lccn/sn83045462/1893-01-11,1,2,5,-3
lccn/sn83045462/1892-05-16,2,2,0,2
lccn/sn83045462/1892-06-16,2,6,5,1
lccn/sn83040340/1886-11-25,1,6,6,0
lccn/sn83040340/1884-07-25,2,7,3,4
lccn/sn82015104/1898-01-04,1,3,4,-1
lccn/sn85033781/1883-09-27,1,4,4,0
lccn/sn86058242/1921-03-29,1,0,0,0
lccn/sn83045774/1922-09-29,1,3,5,-2
lccn/sn99021999/1896-12-24,1,1,4,-3
lccn/sn99021999/1897-01-05,2,7,5,2
lccn/sn83030431/1919-07-06,2,10,2,8
lccn/sn83030431/1919-06-05,2,8,5,3
lccn/sn83030431/1919-06-15,1,1,1,0
lccn/sn83030431/1919-03-09,2,2,1,1
lccn/sn85033078/1906-05-24,2,10,4,6
lccn/sn85033078/1909-03-18,1,1,8,-7
lccn/sn85033139/1906-10-18,1,0,0,0
lccn/sn85033078/1906-08-02,1,2,13,-11
lccn/sn84045030/1856-05-28,2,8,6,2
lccn/sn84045030/1857-10-14,2,16,4,12
lccn/sn86053488/1877-03-22,2,18,7,11
lccn/sn85038145/1876-06-29,1,6,7,-1
lccn/sn85038145/1878-03-21,1,9,9,0
lccn/sn85038145/1878-05-30,2,8,5,3
lccn/sn85038145/1879-05-15,1,7,14,-7
lccn/sn82014086/1909-01-04,1,1,8,-7
lccn/sn85042461/1896-12-21,2,11,6,5
lccn/sn85049554/1903-09-21,1,5,9,-4
lccn/sn85049554/1903-10-27,1,0,0,0
lccn/sn82014086/1909-02-13,2,8,2,6
lccn/sn82014086/1909-05-12,2,12,8,4
lccn/sn82014086/1909-05-15,1,3,3,0
lccn/sn84027621/1912-05-21,2,23,16,7
lccn/sn85042461/1896-11-03,2,13,3,10
lccn/sn82016014/1909-10-02,1,0,0,0
lccn/sn88053055/1901-12-07,2,8,1,7
lccn/sn88053055/1900-06-27,2,4,3,1
lccn/sn88053055/1899-01-24,1,0,9,-9
lccn/sn82016014/1910-02-11,2,11,7,4
lccn/sn88053055/1901-06-25,1,4,6,-2
lccn/sn84038114/1880-10-26,1,5,6,-1
lccn/sn84038114/1880-11-05,1,7,9,-2
lccn/sn88053055/1902-02-15,1,6,7,-1
lccn/sn82015418/1883-07-28,1,7,14,-7
lccn/sn88053055/1897-06-24,2,6,5,1
lccn/sn88053055/1897-11-09,2,8,6,2
lccn/2010270503/1893-10-11,1,3,5,-2
lccn/2010270503/1894-01-03,2,8,7,1
lccn/sn88053046/1893-11-16,1,4,9,-5
lccn/sn88053046/1894-01-25,1,7,9,-2
lccn/sn88053046/1895-02-28,1,0,0,0
lccn/sn88053046/1894-10-25,2,8,5,3
lccn/sn88053046/1895-12-26,2,6,4,2
lccn/sn82014086/1916-01-08,1,4,5,-1
lccn/sn82014086/1915-10-14,2,16,8,8
lccn/sn82014086/1916-03-09,1,3,5,-2
lccn/sn99021999/1901-06-03,2,15,8,7
lccn/sn94052989/1894-06-06,1,2,5,-3
lccn/sn99021999/1901-06-16,2,16,3,13
lccn/sn94052989/1894-07-19,2,7,4,3
lccn/sn84026822/1868-01-30,2,9,7,2
lccn/sn82014086/1914-02-10,2,12,6,6
lccn/sn82014086/1914-07-04,1,3,7,-4
lccn/sn82014086/1914-12-08,2,9,8,1
lccn/sn82014086/1915-03-10,1,6,8,-2
lccn/sn94052989/1890-05-27,1,7,8,-1
lccn/sn99021999/1901-10-27,1,3,3,0
lccn/sn99021999/1900-02-20,1,8,9,-1
lccn/sn94052989/1893-03-31,1,12,12,0
lccn/sn94052989/1893-06-01,1,3,5,-2
lccn/sn85033395/1872-03-21,2,15,12,3
lccn/sn85066387/1906-01-07,1,0,0,0
lccn/sn83045462/1909-01-29,1,2,2,0
lccn/sn82015104/1898-06-27,2,3,1,2
lccn/sn99021999/1919-08-27,2,6,2,4
lccn/sn99021999/1919-08-29,2,5,2,3
lccn/sn99021999/1919-09-03,2,5,2,3
lccn/sn99021999/1919-09-04,2,5,1,4
lccn/sn92053942/1875-09-03,2,14,7,7
lccn/sn99021999/1919-08-17,2,14,3,11
lccn/sn99021999/1919-08-25,2,5,3,2
lccn/sn99021999/1919-08-28,2,9,1,8
lccn/sn99021999/1919-09-01,2,19,6,13
lccn/sn92053942/1874-08-20,2,11,5,6
lccn/sn78000395/1910-10-01,2,14,2,12
lccn/sn99021999/1918-08-16,2,17,1,16
lccn/sn83045462/1910-06-11,1,4,19,-15
lccn/sn99021999/1918-01-20,2,14,1,13
lccn/sn83045462/1908-09-23,2,5,4,1
lccn/sn83045462/1908-12-30,1,6,10,-4
lccn/sn83045462/1908-10-10,2,3,1,2
lccn/sn83045462/1910-06-28,2,15,3,12
lccn/sn83045462/1910-06-05,2,6,4,2
lccn/sn83045462/1908-09-21,2,5,4,1
lccn/sn99021999/1918-08-17,2,20,1,19
lccn/sn85042345/1922-04-02,2,21,10,11
lccn/sn84026749/1919-03-23,2,18,1,17
lccn/sn84026749/1918-06-21,2,4,3,1
lccn/sn83030214/1922-10-01,2,4,3,1
lccn/sn85042345/1922-04-23,2,6,3,3
lccn/sn83045462/1901-05-13,2,9,8,1
lccn/sn99021999/1911-09-30,1,2,3,-1
lccn/sn82016014/1903-11-07,2,11,10,1
lccn/sn84020358/1898-09-01,2,14,3,11
lccn/sn85042459/1884-07-15,2,13,3,10
lccn/sn85042460/1886-10-07,1,5,7,-2
lccn/sn99021999/1911-12-25,2,17,2,15
lccn/sn99021999/1912-01-04,2,20,2,18
lccn/sn84020274/1901-09-18,1,4,9,-5
lccn/sn84020274/1904-01-20,1,4,5,-1
lccn/sn84020274/1903-11-22,2,11,7,4
lccn/sn83045462/1873-05-28,1,3,15,-12
lccn/sn84020274/1904-10-26,1,4,10,-6
lccn/sn85042405/1886-03-11,1,8,17,-9
lccn/sn84020274/1904-05-06,2,6,1,5
lccn/sn83016107/1916-12-08,2,11,4,7
lccn/sn83016107/1922-07-07,1,0,7,-7
lccn/sn83016107/1907-12-27,1,3,3,0
lccn/sn83016107/1910-05-20,1,5,6,-1
lccn/sn83016107/1901-01-25,1,7,10,-3
lccn/sn83016107/1876-10-27,2,26,12,14
lccn/sn83016107/1898-10-21,2,19,3,16
lccn/sn83016107/1882-11-24,2,17,3,14
lccn/sn85038615/1906-03-05,2,3,0,3
lccn/sn96088281/1904-02-25,1,4,4,0
lccn/sn96088281/1905-08-11,1,6,7,-1
lccn/sn83016107/1922-12-15,1,2,2,0
lccn/sn00063676/1910-04-01,1,4,6,-2
lccn/sn83045217/1921-02-03,2,14,4,10
lccn/sn83016348/1896-12-05,2,23,2,21
lccn/sn85038615/1910-09-13,1,1,1,0
lccn/sn85038615/1910-09-14,2,7,1,6
lccn/sn85038615/1910-09-18,2,16,1,15
lccn/sn85038615/1910-06-17,2,9,1,8
lccn/sn85038615/1908-07-18,2,7,2,5
lccn/sn83030272/1905-11-04,2,7,6,1
lccn/sn88064537/1889-08-10,2,4,3,1
lccn/sn83045389/1922-12-02,1,7,20,-13
lccn/sn83045389/1922-10-29,2,2,1,1
lccn/sn83045433/1911-10-12,2,8,3,5
lccn/sn83045389/1922-06-06,2,10,1,9
lccn/sn84031081/1910-12-05,1,8,12,-4
lccn/sn84031081/1909-03-02,2,5,4,1
lccn/sn87055779/1918-04-14,1,2,5,-3
lccn/sn87055779/1918-05-11,2,8,1,7
lccn/sn87055779/1918-05-10,2,13,3,10
lccn/sn86092536/1922-05-30,2,2,0,2
lccn/sn86092536/1922-05-18,1,6,14,-8
lccn/sn87055779/1918-05-02,2,13,2,11
lccn/sn87055779/1919-02-09,1,1,2,-1
lccn/sn87055779/1919-10-02,2,9,2,7
lccn/sn82015679/1904-01-04,1,7,9,-2
lccn/sn82015679/1903-12-06,2,12,1,11
lccn/sn82015679/1903-12-07,2,7,6,1
lccn/sn84023963/1887-04-08,2,6,3,3
lccn/sn83045462/1906-06-21,2,5,2,3
lccn/sn83045462/1906-07-28,2,12,2,10
lccn/sn83045462/1905-09-16,1,4,5,-1
lccn/sn83045462/1906-08-29,2,8,7,1
lccn/sn83045462/1906-09-14,2,7,4,3
lccn/sn83045462/1905-07-12,2,5,3,2
lccn/sn83045462/1905-06-25,2,10,4,6
lccn/sn83045462/1905-06-17,2,10,3,7
lccn/sn83045462/1905-06-01,2,7,4,3
lccn/sn83045462/1906-06-13,2,7,2,5
lccn/sn84020558/1910-04-02,2,11,3,8
lccn/sn82015133/1889-05-25,1,0,0,0
lccn/sn83045462/1928-12-25,2,5,1,4
lccn/sn83045462/1928-12-01,2,13,1,12
lccn/sn83045462/1926-10-10,2,4,3,1
lccn/sn83045462/1926-08-01,2,21,14,7
lccn/sn83045462/1928-08-12,2,4,1,3
lccn/sn83045462/1928-11-02,2,17,9,8
lccn/sn83045462/1928-09-11,2,14,6,8
lccn/sn83045462/1926-10-01,2,22,2,20
lccn/sn83045462/1926-10-27,2,5,1,4
lccn/sn83045462/1925-12-28,1,0,0,0
lccn/sn83045462/1926-01-06,1,0,0,0
lccn/sn83045462/1926-02-23,2,22,17,5
lccn/sn83045462/1926-06-10,2,7,4,3
lccn/sn83045462/1926-04-07,2,4,1,3
lccn/sn83045462/1926-04-14,1,0,0,0
lccn/sn82015133/1892-03-12,2,11,9,2
lccn/sn82015133/1892-01-09,1,7,9,-2
lccn/sn82015679/1900-07-10,1,5,5,0
lccn/sn82015679/1900-06-14,2,18,5,13
lccn/sn82015679/1901-06-03,2,7,4,3
lccn/sn82015679/1901-08-15,2,12,7,5
lccn/sn82015679/1901-09-11,1,3,9,-6
lccn/sn82015679/1901-06-14,2,8,1,7
lccn/sn82015679/1902-05-19,2,11,6,5
lccn/sn82015679/1902-07-13,1,6,11,-5
lccn/sn82015679/1902-06-17,2,22,1,21
lccn/sn82015679/1903-01-11,2,15,6,9
lccn/sn82015679/1902-12-30,2,9,1,8
lccn/sn82015679/1903-01-24,2,4,2,2
lccn/sn82015679/1904-03-18,2,7,4,3
lccn/sn82015679/1903-05-01,2,10,9,1
lccn/sn82015679/1900-02-09,1,4,4,0
lccn/sn82015679/1904-06-06,2,21,16,5
lccn/sn82015679/1902-02-08,1,2,4,-2
lccn/sn82015679/1902-02-06,2,3,1,2
lccn/sn82015679/1901-12-29,2,7,2,5
lccn/sn82015679/1902-02-20,1,1,2,-1
lccn/sn82015679/1902-11-06,1,3,6,-3
lccn/sn82015679/1902-11-19,1,3,5,-2
lccn/sn82015679/1902-11-08,1,0,0,0
lccn/sn82015679/1900-10-12,1,7,7,0
lccn/sn82015679/1901-04-06,2,7,4,3
lccn/sn82015679/1901-04-27,1,3,4,-1
lccn/sn87056244/1908-08-06,1,1,7,-6
lccn/sn87056244/1908-07-09,1,7,11,-4
lccn/sn87056244/1909-03-18,1,0,0,0
lccn/sn82015679/1903-09-23,2,12,9,3
lccn/sn87056600/1893-06-21,1,0,0,0
lccn/sn82015679/1903-05-28,2,9,5,4
lccn/sn82015679/1903-10-21,1,2,9,-7
lccn/sn82015679/1903-08-05,2,13,2,11
lccn/sn87055779/1918-02-02,2,6,5,1
lccn/sn87055779/1918-02-02,2,7,4,3
lccn/sn87055779/1918-01-24,2,4,3,1
lccn/sn87055779/1918-03-03,1,0,0,0
lccn/sn86083264/1906-05-17,1,5,9,-4
lccn/sn86083264/1906-05-24,2,3,1,2
lccn/sn86083264/1904-12-01,2,7,6,1
lccn/sn86083264/1907-01-31,1,8,10,-2
lccn/sn86083264/1904-12-29,1,0,0,0
lccn/sn85066387/1900-01-13,2,13,5,8
lccn/sn85025407/1912-02-09,2,7,2,5
lccn/sn85025407/1912-07-26,1,1,6,-5
lccn/sn85025407/1916-05-12,2,19,5,14
lccn/sn85038115/1850-02-13,2,3,2,1
lccn/sn85038115/1850-02-20,2,10,5,5
lccn/sn85038115/1850-02-27,2,8,6,2
lccn/sn84020613/1898-06-03,2,16,5,11
lccn/sn84026259/1881-12-29,1,9,12,-3
lccn/sn85025759/1879-10-28,2,10,8,2
lccn/sn85025759/1879-07-02,1,0,0,0
lccn/sn85025759/1879-11-28,1,4,7,-3
lccn/sn84026497/1885-06-10,2,7,4,3
lccn/sn85033681/1883-03-21,1,14,18,-4
lccn/sn84037217/1895-06-20,1,10,11,-1
lccn/sn91066782/1921-11-23,2,9,3,6
lccn/sn84020613/1898-04-08,2,7,3,4
lccn/sn84020613/1899-02-10,1,5,5,0
lccn/sn85025759/1876-09-11,1,1,9,-8
lccn/sn84020613/1899-10-13,2,9,3,6
lccn/sn85025759/1877-03-06,1,3,11,-8
lccn/sn85025759/1879-03-18,2,11,2,9
lccn/sn97067589/1909-09-10,1,1,10,-9
lccn/sn96086441/1891-10-16,2,7,6,1
lccn/sn96086441/1896-05-15,1,10,10,0
lccn/sn96086441/1896-05-29,2,10,1,9
lccn/sn84022548/1869-08-17,2,12,6,6
lccn/sn84022548/1869-12-14,2,18,10,8
lccn/sn84026788/1879-07-08,1,9,18,-9
lccn/sn84022871/1883-07-16,1,6,13,-7
lccn/sn84026788/1899-10-24,2,7,5,2
lccn/sn91066782/1922-03-11,2,3,0,3
lccn/sn87093407/1922-01-02,2,1,0,1
lccn/sn97067589/1909-10-22,1,5,6,-1
lccn/sn84022548/1866-02-21,2,28,4,24
lccn/sn84026965/1880-12-16,1,0,0,0
lccn/sn84026497/1892-05-18,1,0,0,0
lccn/sn85038115/1874-05-12,2,10,9,1
lccn/sn85038115/1881-01-11,1,10,10,0
lccn/sn88076013/1892-06-04,1,5,6,-1
lccn/sn84026497/1888-10-24,2,6,5,1
lccn/sn85038115/1880-04-13,1,7,7,0
lccn/sn83045462/1934-06-24,2,12,7,5
lccn/sn83045462/1930-09-19,1,9,14,-5
lccn/sn83045462/1934-04-08,2,5,3,2
lccn/sn83045462/1934-04-01,2,11,4,7
lccn/sn83045462/1934-05-20,2,4,1,3
lccn/sn83045462/1932-06-26,2,7,3,4
lccn/sn83045462/1930-12-07,2,10,1,9
lccn/sn83045462/1932-09-27,2,3,2,1
lccn/sn83045462/1934-05-18,1,3,6,-3
lccn/sn83045462/1932-10-15,1,2,3,-1
lccn/sn83045462/1932-12-25,2,12,2,10
lccn/sn83045462/1934-09-15,1,0,0,0
lccn/sn83045462/1943-09-29,1,4,10,-6
lccn/sn87068097/1891-12-07,1,0,0,0
lccn/sn78000873/1917-04-05,2,5,2,3
lccn/sn78000873/1916-11-09,1,5,11,-6
lccn/sn78000873/1914-09-24,1,1,1,0
lccn/sn78000873/1916-12-14,1,2,2,0
lccn/sn78000873/1914-12-03,1,0,3,-3
lccn/sn86092518/1886-03-25,2,11,3,8
lccn/sn86092518/1886-07-16,2,6,1,5
lccn/sn86092518/1887-11-12,2,9,5,4
lccn/sn83045462/1945-04-01,1,6,7,-1
lccn/sn87068097/1892-03-24,1,11,12,-1
lccn/sn86092523/1888-04-22,2,6,3,3
lccn/sn83045462/1943-04-22,1,0,0,0
lccn/sn83045462/1943-01-15,2,17,0,17
lccn/sn83045462/1943-07-08,1,0,0,0
lccn/sn83045462/1942-11-14,1,5,11,-6
lccn/sn83016025/1883-02-13,1,10,13,-3
lccn/sn78000873/1909-02-04,2,9,5,4
lccn/sn83045462/1943-10-12,2,16,0,16
lccn/sn78000873/1913-05-15,2,13,2,11
lccn/sn78000873/1912-11-28,2,11,4,7
lccn/sn78000873/1907-04-18,1,0,0,0
lccn/sn78000873/1914-12-17,2,5,1,4
lccn/sn78002169/1944-09-07,2,23,2,21
lccn/sn78000873/1914-04-09,2,6,0,6
lccn/sn78000873/1915-05-27,2,13,4,9
lccn/sn83009653/1903-12-08,2,5,2,3
lccn/sn83009653/1902-09-02,2,2,1,1
lccn/sn83009653/1895-05-21,2,9,1,8
lccn/sn83009653/1897-09-21,1,1,6,-5
lccn/sn84022046/1877-09-14,1,0,0,0
lccn/sn83009653/1900-06-19,1,1,1,0
lccn/sn83045462/1933-10-29,2,4,1,3
lccn/sn83045462/1933-10-15,1,2,3,-1
lccn/sn83045462/1933-10-22,1,2,8,-6
lccn/sn83045462/1935-09-01,1,3,7,-4
lccn/sn83045462/1937-09-01,2,6,0,6
lccn/sn83045462/1935-09-08,2,11,3,8
lccn/sn83045462/1933-12-01,1,0,0,0
lccn/sn83045462/1937-10-02,1,0,0,0
lccn/sn83045462/1933-09-02,1,3,4,-1
lccn/sn83045462/1937-09-11,1,0,0,0
lccn/sn85035720/1916-09-30,2,6,0,6
lccn/sn85035720/1917-01-08,1,4,14,-10
lccn/sn83045462/1937-07-04,1,0,0,0
lccn/sn83045462/1937-11-10,1,0,0,0
lccn/sn83045462/1930-05-17,2,12,7,5
lccn/sn83045462/1930-05-24,1,15,20,-5
lccn/sn83045462/1931-08-20,2,18,2,16
lccn/sn83045462/1933-05-27,1,0,0,0
lccn/sn83045462/1933-01-29,1,7,20,-13
lccn/sn83045462/1933-01-29,1,0,0,0
lccn/sn83045462/1931-11-19,2,12,1,11
lccn/sn83045462/1933-04-16,1,10,21,-11
lccn/sn83045462/1933-04-23,2,13,4,9
lccn/sn83045462/1929-12-01,2,23,3,20
lccn/sn83045462/1935-02-24,2,6,0,6
lccn/sn84027186/1870-02-25,1,1,2,-1
lccn/sn83045462/1934-12-16,2,8,6,2
lccn/sn84027186/1878-06-07,2,11,3,8
lccn/sn87058318/1866-05-23,2,10,7,3
lccn/sn83045462/1935-04-07,2,3,0,3
lccn/sn83045462/1934-10-13,2,1,0,1
lccn/sn83045462/1934-11-07,2,21,0,21
lccn/sn83045462/1934-11-06,1,0,0,0
lccn/sn83045462/1934-11-08,2,6,2,4
lccn/sn87058351/1867-02-26,2,14,3,11
lccn/sn83045462/1929-04-04,1,0,0,0
lccn/sn83045462/1929-10-15,2,7,5,2
lccn/sn83045462/1929-03-02,1,0,0,0
lccn/sn83045462/1930-05-10,2,11,4,7
lccn/sn83045462/1929-02-17,2,17,4,13
lccn/sn83045462/1929-07-09,1,0,0,0
lccn/sn83045462/1929-03-03,2,9,0,9
lccn/sn85042354/1910-09-29,2,5,4,1
lccn/sn85042354/1910-09-08,2,4,3,1
lccn/sn85042354/1910-09-28,2,10,2,8
lccn/sn85042354/1910-07-20,2,6,4,2
lccn/sn85042354/1910-08-31,2,13,1,12
lccn/sn85040451/1902-08-27,2,9,4,5
lccn/sn83016025/1889-11-15,1,4,11,-7
lccn/sn85040451/1899-07-12,1,7,10,-3
lccn/sn85040451/1908-04-29,2,11,8,3
lccn/sn85040451/1906-10-17,2,12,8,4
lccn/sn85040451/1906-10-10,1,3,5,-2
lccn/sn85040451/1905-12-27,2,9,4,5
lccn/sn85040451/1905-12-13,2,6,2,4
lccn/sn85040451/1907-07-03,2,7,3,4
lccn/sn85040451/1907-10-23,2,6,5,1
lccn/sn83016025/1895-04-27,1,9,9,0
lccn/sn85040451/1902-01-08,2,8,4,4
lccn/sn85040451/1902-02-19,1,8,10,-2
lccn/sn83016025/1890-09-02,1,0,2,-2
lccn/sn85042354/1910-09-26,2,8,1,7
lccn/sn85042354/1910-10-06,2,12,2,10
lccn/sn85042354/1910-04-04,2,6,4,2
lccn/sn85040451/1903-04-08,2,18,7,11
lccn/sn83009653/1905-12-05,2,2,1,1
lccn/sn83009653/1906-06-05,2,4,0,4
lccn/sn83009653/1907-08-13,2,22,4,18
lccn/sn83009653/1908-12-22,1,5,5,0
lccn/sn83009653/1908-12-22,2,7,4,3
lccn/sn83045646/1866-02-03,1,2,6,-4
lccn/sn83009653/1910-12-20,2,7,5,2
lccn/sn83009653/1909-09-14,2,9,6,3
lccn/sn83009653/1911-08-22,1,0,1,-1
lccn/sn83009653/1911-07-11,2,6,5,1
lccn/sn83009653/1911-06-20,2,5,1,4
lccn/sn84022046/1879-11-08,2,2,1,1
lccn/sn84022046/1879-12-06,2,2,1,1
lccn/sn84022046/1879-06-23,1,0,0,0
lccn/sn83009653/1910-05-24,2,18,1,17
lccn/sn83009653/1915-05-18,2,1,0,1
lccn/sn83009653/1915-06-08,1,8,9,-1
lccn/sn83009653/1915-06-22,1,4,7,-3
lccn/sn83009653/1915-06-29,1,0,0,0
lccn/sn84022046/1880-08-21,2,8,5,3
lccn/sn83009653/1917-05-08,1,2,3,-1
lccn/sn83009653/1917-04-03,1,1,4,-3
lccn/sn83009653/1918-03-26,2,2,1,1
lccn/sn83009653/1918-04-02,1,0,2,-2
lccn/sn83009653/1920-06-15,2,13,5,8
lccn/sn83009653/1921-04-19,2,6,4,2
lccn/sn83009653/1921-01-11,1,6,8,-2
lccn/sn83009653/1921-05-24,2,2,1,1
lccn/sn83009653/1921-08-09,2,5,3,2
lccn/sn83009653/1913-04-15,1,6,9,-3
lccn/sn84022046/1880-01-09,1,0,2,-2
lccn/sn84022046/1880-03-09,1,0,1,-1
lccn/sn83009653/1914-03-31,1,0,0,0
lccn/sn84022046/1880-05-22,2,5,3,2
lccn/sn83009653/1914-07-07,2,12,2,10
lccn/sn83009653/1877-12-04,2,14,10,4
lccn/sn83016689/1910-09-02,2,11,4,7
lccn/sn86074065/1906-08-04,2,9,3,6
lccn/sn83016025/1878-10-23,2,10,7,3
lccn/sn83016025/1876-04-07,2,10,1,9
lccn/sn84022960/1914-06-19,1,3,4,-1
lccn/sn84022960/1914-07-03,1,3,3,0
lccn/sn84022960/1914-06-12,2,4,3,1
lccn/sn84022960/1914-06-26,1,3,4,-1
lccn/sn83025182/1866-12-23,2,17,3,14
lccn/sn84022960/1914-06-05,1,3,3,0
lccn/sn83045462/1938-12-17,2,7,4,3
lccn/sn86053968/1882-06-29,1,0,0,0
lccn/sn86074063/1903-01-03,1,3,3,0
lccn/sn83045462/1946-10-20,2,4,1,3
lccn/sn86074063/1904-01-02,1,3,5,-2
lccn/sn86074063/1905-03-11,2,20,10,10
lccn/sn85042354/1891-08-11,1,5,8,-3
lccn/sn85042354/1889-02-05,1,3,3,0
lccn/sn85042354/1889-06-24,1,5,5,0
lccn/sn85042354/1889-06-25,2,9,2,7
lccn/sn85042354/1889-06-26,1,2,4,-2
lccn/sn85042354/1889-06-20,2,8,1,7
lccn/sn85042354/1889-06-22,1,4,4,0
lccn/sn85042354/1890-02-19,2,4,1,3
lccn/sn83045462/1947-08-31,2,5,3,2
lccn/sn83045462/1948-04-17,1,0,0,0
lccn/sn83045462/1947-09-18,2,7,6,1
lccn/sn83045462/1947-01-14,2,15,4,11
lccn/sn87068097/1900-09-10,2,10,8,2
lccn/sn87068097/1900-09-26,1,6,11,-5
lccn/sn87068097/1902-01-15,2,4,3,1
lccn/sn87068097/1900-02-20,2,9,5,4
lccn/sn87068097/1903-04-28,2,26,11,15
lccn/sn86074065/1921-09-10,1,4,9,-5
lccn/sn86074065/1922-04-05,1,15,15,0
lccn/sn85042354/1917-06-28,1,2,4,-2
lccn/sn89053684/1903-02-02,1,0,0,0
lccn/sn85033019/1868-12-18,2,9,0,9
lccn/sn85042224/1914-02-02,2,10,6,4
lccn/sn85042224/1913-05-07,2,13,3,10
lccn/sn85042224/1913-04-23,2,9,7,2
lccn/sn85042224/1913-10-25,1,6,9,-3
lccn/sn82014519/1924-12-19,1,4,4,0
lccn/sn85042354/1919-02-26,2,3,0,3
lccn/sn85042354/1919-06-13,1,3,4,-1
lccn/sn85042243/1927-01-13,1,4,7,-3
lccn/sn85042243/1927-04-30,2,3,2,1
lccn/sn85042243/1928-04-20,2,6,1,5
lccn/sn82015679/1886-03-06,2,9,7,2
lccn/sn82015679/1883-01-20,1,11,18,-7
lccn/sn85047611/1921-03-26,2,8,4,4
lccn/sn85047611/1921-02-19,2,6,3,3
lccn/sn89051213/1916-11-02,1,5,11,-6
lccn/sn85042243/1929-02-28,1,1,6,-5
lccn/sn85042243/1928-12-01,2,8,7,1
lccn/sn85047611/1920-11-12,2,11,1,10
lccn/sn85047611/1922-02-03,1,3,14,-11
lccn/sn85047611/1921-09-22,2,2,0,2
lccn/sn85047611/1922-04-01,2,18,2,16
lccn/sn85047611/1922-03-31,2,14,1,13
lccn/sn85042243/1929-02-11,1,4,4,0
lccn/sn83045462/1931-07-05,1,5,7,-2
lccn/sn83045462/1931-11-08,1,0,0,0
lccn/sn84027398/1868-04-09,2,7,4,3
lccn/sn83032103/1872-11-08,2,10,4,6
lccn/sn84027718/1887-11-23,1,7,18,-11
lccn/sn83016025/1879-09-23,2,5,1,4
lccn/sn84027718/1885-05-06,2,10,5,5
lccn/sn83032103/1879-12-11,2,6,4,2
lccn/sn83016025/1887-09-29,2,7,4,3
lccn/sn84027718/1895-05-16,2,8,0,8
lccn/sn83016025/1885-05-05,2,5,3,2
lccn/sn89053684/1900-10-15,2,4,0,4
lccn/sn89053684/1900-11-25,2,5,1,4
lccn/sn89053684/1900-12-24,1,6,9,-3
lccn/sn86063034/1888-12-20,2,6,3,3
lccn/sn86063034/1889-04-05,1,0,0,0
lccn/sn89053684/1901-03-25,2,9,3,6
lccn/sn89053684/1901-02-01,1,0,0,0
lccn/sn89053684/1901-12-16,2,24,3,21
lccn/sn89053684/1902-01-24,2,9,5,4
lccn/sn86063034/1900-03-07,1,7,8,-1
lccn/sn89053684/1900-09-26,2,7,0,7
lccn/sn86063034/1897-08-15,2,9,8,1
lccn/sn86063034/1897-06-01,2,44,16,28
lccn/sn85040451/1913-04-16,2,9,6,3
lccn/sn85040451/1919-09-10,2,4,2,2
lccn/sn86063034/1895-04-21,2,13,4,9
lccn/sn86063034/1895-12-27,1,8,8,0
lccn/sn86063034/1896-03-11,2,7,2,5
lccn/sn86063034/1895-11-07,2,10,5,5
lccn/sn86063034/1896-05-03,2,18,4,14
lccn/sn86063034/1895-01-25,1,0,0,0
lccn/sn86063034/1887-07-06,1,0,0,0
lccn/sn82015137/1886-12-14,2,12,8,4
lccn/sn86063034/1887-09-13,2,15,7,8
lccn/sn86063034/1888-01-05,1,8,13,-5
lccn/sn86063034/1888-03-15,1,6,10,-4
lccn/sn86063034/1888-03-17,1,0,0,0
lccn/sn86063034/1888-06-12,2,10,7,3
lccn/sn86063034/1888-04-10,1,15,17,-2
lccn/sn82015137/1885-04-09,1,2,7,-5
lccn/sn82015137/1885-10-06,2,14,8,6
lccn/sn89060092/1897-05-14,2,10,8,2
lccn/sn89060092/1895-12-20,2,20,2,18
lccn/sn84022960/1888-04-07,1,0,2,-2
lccn/sn78000873/1897-10-14,2,5,2,3
lccn/sn78000873/1897-11-25,2,2,1,1
lccn/sn78000873/1897-11-11,2,5,4,1
lccn/sn78000873/1896-05-07,1,6,9,-3
lccn/sn78000873/1897-01-07,2,9,4,5
lccn/sn78000873/1896-11-26,2,7,3,4
lccn/sn78000873/1895-08-29,1,6,9,-3
lccn/sn78000873/1902-06-05,1,0,0,0
lccn/sn78000873/1902-06-12,2,18,3,15
lccn/sn78000873/1902-05-01,2,3,2,1
lccn/sn78000873/1900-11-01,1,0,3,-3
lccn/sn78000873/1901-01-03,2,7,2,5
lccn/sn78000873/1901-08-22,1,2,4,-2
lccn/sn78000873/1903-06-04,2,5,2,3
lccn/sn83045462/1942-09-15,2,19,1,18
lccn/sn78000873/1892-09-15,2,15,7,8
lccn/sn78000873/1894-06-14,2,3,2,1
lccn/sn83045462/1942-09-17,2,16,3,13
lccn/sn92051501/1915-02-17,1,7,7,0
lccn/sn92051501/1915-01-13,2,22,8,14
lccn/sn92051501/1893-04-20,2,8,7,1
lccn/sn83016025/1896-05-02,1,7,7,0
lccn/sn83016025/1897-11-02,1,5,5,0
lccn/sn83016025/1897-11-24,2,9,4,5
lccn/sn83016025/1898-05-28,1,3,13,-10
lccn/sn90059591/1895-03-06,2,19,7,12
lccn/sn83016025/1900-01-22,1,4,12,-8
lccn/sn83016025/1898-03-28,1,10,10,0
lccn/sn86063034/1890-08-31,1,3,4,-1
lccn/sn86063034/1891-06-09,1,2,7,-5
lccn/sn86063034/1890-05-04,1,0,0,0
lccn/sn85040451/1911-12-27,2,7,5,2
lccn/sn83045462/1950-11-11,1,2,7,-5
lccn/sn83045462/1948-12-04,2,6,0,6
lccn/sn83009653/1914-02-03,2,8,4,4
lccn/sn83016025/1875-06-12,2,10,1,9
lccn/sn83016025/1875-03-19,2,10,1,9
lccn/sn85025007/1841-05-04,1,0,0,0
lccn/sn85025007/1845-12-22,2,8,0,8
lccn/sn83016025/1875-04-08,1,6,11,-5
lccn/sn87068097/1898-05-03,2,7,2,5
lccn/sn87068097/1899-04-28,1,17,28,-11
lccn/sn87068097/1897-06-14,2,17,3,14
lccn/sn87068097/1899-06-10,2,22,5,17
lccn/sn87068097/1897-04-06,1,6,7,-1
lccn/sn87068097/1893-03-27,2,11,1,10
lccn/sn87068097/1893-03-17,1,6,6,0
lccn/sn87068097/1893-02-01,1,1,11,-10
lccn/sn87068097/1893-01-27,2,4,3,1
lccn/sn87068097/1893-01-23,2,10,4,6
lccn/sn87068097/1893-11-28,1,7,8,-1
lccn/sn87068097/1893-12-30,2,15,9,6
lccn/sn84022137/1888-05-02,1,4,12,-8
lccn/sn83016689/1914-12-15,2,4,2,2
lccn/sn88074815/1921-09-23,2,4,1,3
lccn/sn86063034/1893-06-12,1,0,0,0
lccn/sn86063034/1889-10-08,1,3,6,-3
lccn/sn86063034/1889-09-15,2,7,4,3
lccn/sn88074815/1894-10-12,1,7,8,-1
lccn/sn88074815/1897-04-02,2,16,15,1
lccn/sn86063034/1898-07-01,2,4,3,1
lccn/sn86063034/1898-08-29,2,5,4,1
lccn/sn86063034/1898-09-20,1,0,0,0
lccn/sn86063034/1897-12-22,1,9,12,-3
lccn/sn86063034/1897-11-13,1,2,6,-4
lccn/sn86063034/1898-07-12,2,15,2,13
lccn/sn86063034/1897-10-18,1,7,7,0
lccn/sn86063034/1898-12-07,1,9,13,-4
lccn/sn86063034/1899-01-20,2,7,2,5
lccn/sn86063034/1898-04-02,2,12,6,6
lccn/sn86063034/1899-06-17,2,12,7,5
lccn/sn86063034/1899-06-06,2,12,10,2
lccn/sn86063034/1899-06-14,2,20,5,15
lccn/sn87065469/1906-08-02,1,0,0,0
lccn/sn87065469/1901-10-24,2,13,2,11
lccn/sn87065469/1902-03-13,2,13,4,9
lccn/sn87065469/1911-03-23,2,4,1,3
lccn/sn83016025/1899-09-02,1,5,8,-3
lccn/sn82015679/1898-12-03,1,5,8,-3
lccn/sn82015679/1899-02-22,2,7,5,2
lccn/sn82015679/1899-01-04,1,6,6,0
lccn/sn82015679/1898-11-24,2,14,1,13
lccn/sn86063034/1893-09-17,1,7,9,-2
lccn/sn86063034/1893-11-27,2,19,7,12
lccn/sn86063034/1894-01-26,2,12,7,5
lccn/sn86063034/1893-06-15,1,1,4,-3
lccn/sn86063034/1893-05-06,2,14,2,12
lccn/sn86063034/1892-08-04,2,16,13,3
lccn/sn83016025/1899-04-26,2,4,2,2
lccn/sn83016025/1899-04-03,1,13,13,0
lccn/sn83016689/1915-02-18,2,10,6,4
lccn/sn83016689/1915-10-16,1,1,2,-1
lccn/sn83016689/1915-12-08,1,3,4,-1
lccn/sn83016689/1916-02-14,2,6,1,5
lccn/sn83016689/1916-02-23,2,8,6,2
lccn/sn85042224/1909-01-29,1,3,3,0
lccn/sn82015679/1897-10-25,2,11,3,8
lccn/sn82015679/1897-08-30,2,7,5,2
lccn/sn82015679/1898-01-16,2,6,2,4
lccn/sn82015679/1886-09-26,1,9,9,0
lccn/sn82015679/1898-07-08,2,9,6,3
lccn/sn82015679/1898-06-28,1,13,16,-3
lccn/sn91052553/1901-07-19,2,10,7,3
lccn/sn83045462/1937-06-16,1,0,0,0
lccn/sn83045462/1937-02-04,1,0,0,0
lccn/sn83045462/1936-09-19,2,4,0,4
lccn/sn83045462/1936-09-30,2,13,5,8
lccn/sn83045462/1936-09-02,2,10,1,9
lccn/sn83045462/1936-11-04,2,8,0,8
lccn/sn83045462/1936-05-10,2,27,2,25
lccn/sn83045462/1937-05-01,1,0,0,0
lccn/sn83045462/1935-06-23,1,4,8,-4
lccn/sn83045462/1933-12-31,1,0,0,0
lccn/sn83045462/1936-10-18,1,0,3,-3
lccn/sn86063206/1886-12-28,2,6,2,4
lccn/sn83045462/1936-02-09,2,9,2,7
lccn/sn83045462/1936-02-16,1,5,7,-2
lccn/sn83045462/1938-08-27,2,12,2,10
lccn/sn83045462/1938-09-03,1,0,0,0
lccn/sn83045462/1938-09-14,2,8,1,7
lccn/sn83045462/1938-09-24,2,12,3,9
lccn/sn83045462/1949-10-08,1,0,0,0
lccn/sn83045462/1950-02-20,1,13,14,-1
lccn/sn83009653/1850-05-21,1,0,0,0
lccn/sn83045462/1948-09-27,1,7,7,0
lccn/sn85040749/1906-07-31,1,2,13,-11
lccn/sn85040749/1906-05-29,1,3,16,-13
lccn/sn85040749/1901-02-12,1,4,8,-4
lccn/sn85040749/1903-12-29,2,10,5,5
lccn/sn85040749/1914-10-27,2,15,7,8
lccn/sn85040749/1918-04-23,2,16,2,14
lccn/sn83045462/1946-06-07,1,3,5,-2
lccn/sn83016689/1909-02-11,1,0,0,0
lccn/sn83016689/1909-02-12,1,0,0,0
lccn/sn83045462/1946-02-06,1,1,1,0
lccn/sn83045462/1941-05-05,1,2,12,-10
lccn/sn83016025/1882-10-28,1,9,13,-4
lccn/sn83016025/1882-11-06,1,0,3,-3
lccn/sn83016025/1882-12-22,2,15,5,10
lccn/sn78000873/1919-03-06,1,0,0,0
lccn/sn89064914/1918-02-14,2,6,4,2
lccn/sn85040749/1921-09-29,2,5,4,1
lccn/sn89051285/1912-06-08,2,10,1,9
lccn/sn89051285/1912-06-07,2,10,1,9
lccn/sn89051285/1912-06-05,2,10,0,10
lccn/sn86092518/1897-01-14,2,9,1,8
lccn/sn86092518/1890-02-15,1,0,0,0
lccn/sn86092518/1889-06-21,2,17,8,9
lccn/sn86092518/1890-11-12,2,8,2,6
lccn/sn83025167/1884-08-07,2,12,11,1
lccn/sn83025167/1891-01-01,2,8,3,5
lccn/sn82015313/1927-04-11,2,6,3,3
lccn/sn82015313/1927-03-11,2,13,0,13
lccn/sn82014519/1929-11-19,1,2,3,-1
lccn/sn82014519/1929-12-04,1,1,5,-4
lccn/sn82014519/1930-08-23,1,6,6,0
lccn/sn83016750/1856-08-30,2,9,6,3
lccn/sn86092245/1901-04-04,1,5,6,-1
lccn/sn86092245/1914-04-30,2,19,4,15
lccn/sn86092245/1914-09-24,2,14,2,12
lccn/sn86092245/1914-10-01,1,3,4,-1
lccn/sn85042243/1929-05-17,1,4,4,0
lccn/sn85042243/1930-01-16,1,0,2,-2
lccn/sn85042243/1929-10-28,2,4,3,1
lccn/sn85042243/1929-05-09,1,4,5,-1
lccn/sn85042243/1931-01-22,1,1,3,-2
lccn/sn85042243/1930-11-22,1,2,6,-4
lccn/sn85042243/1930-12-12,1,5,8,-3
lccn/sn85042243/1930-03-10,1,4,6,-2
lccn/sn85042243/1931-06-20,2,17,2,15
lccn/sn85042243/1931-06-22,2,9,3,6
lccn/sn85042243/1931-06-16,2,2,1,1
lccn/sn85042243/1931-06-17,2,6,1,5
lccn/sn85042243/1931-06-25,1,0,0,0
lccn/sn86092245/1882-07-14,2,5,1,4
lccn/sn87062237/1922-05-13,2,6,3,3
lccn/sn87062237/1922-03-30,1,0,7,-7
lccn/sn87062237/1922-04-04,1,7,10,-3
lccn/sn85042243/1931-11-21,1,3,4,-1
lccn/sn85042243/1931-11-21,2,8,4,4
lccn/sn85035720/1921-03-10,2,10,6,4
lccn/sn85042243/1931-06-15,1,2,4,-2
lccn/sn85042243/1931-11-13,2,5,0,5
lccn/sn85042243/1931-11-19,2,8,4,4
lccn/sn85042243/1931-11-20,1,1,10,-9
lccn/sn85042243/1931-11-17,2,10,1,9
lccn/sn85042243/1931-11-18,1,6,11,-5
lccn/sn85042243/1931-06-23,2,9,3,6
lccn/sn85042243/1931-06-24,2,16,2,14
lccn/sn85042243/1931-06-19,2,7,2,5
lccn/sn85042243/1931-06-18,1,2,4,-2
lccn/sn85042243/1931-11-14,1,0,0,0
lccn/sn85042243/1931-11-16,2,6,4,2
lccn/sn82015313/1925-11-02,1,7,8,-1
lccn/sn82015313/1926-03-18,2,12,4,8
lccn/sn82015313/1926-04-26,2,7,6,1
lccn/sn85042243/1933-09-07,1,3,11,-8
lccn/sn85042243/1934-06-07,1,4,10,-6
lccn/sn84023017/1893-10-19,2,17,10,7
lccn/sn84023017/1893-08-24,2,18,16,2
lccn/sn84023017/1893-04-06,1,7,7,0
lccn/sn85042243/1937-08-27,2,8,6,2
lccn/sn85042354/1920-06-24,1,1,4,-3
lccn/sn82015313/1928-02-07,1,9,9,0
lccn/sn82015313/1927-09-28,1,6,10,-4
lccn/sn85042354/1922-01-18,2,4,1,3
lccn/sn85042354/1920-11-09,2,10,3,7
lccn/sn85042354/1921-07-21,2,7,3,4
lccn/sn85042354/1921-03-03,2,5,2,3
lccn/sn85042243/1936-03-19,2,17,2,15
lccn/sn85042243/1936-06-15,1,5,6,-1
lccn/sn85042243/1936-06-12,1,0,0,0
lccn/sn85042243/1936-06-19,2,9,3,6
lccn/sn85042243/1936-06-13,1,0,0,0
lccn/sn85042243/1936-06-17,1,0,0,0
lccn/sn85042243/1936-06-16,2,7,1,6
lccn/sn85042243/1936-06-18,2,12,3,9
lccn/sn85042243/1936-07-24,2,20,2,18
lccn/sn85042243/1936-07-27,2,9,1,8
lccn/sn85042243/1936-07-25,2,15,4,11
lccn/sn85042243/1936-06-04,1,0,0,0
lccn/sn85042243/1936-07-29,1,0,0,0
lccn/sn85042243/1936-07-28,1,0,0,0
lccn/sn85042243/1932-05-27,2,10,0,10
lccn/sn86092518/1893-05-10,2,8,3,5
lccn/sn85042224/1918-11-18,1,1,3,-2
lccn/sn90050306/1914-06-05,2,3,2,1
lccn/sn90050306/1914-06-26,1,3,4,-1
lccn/sn90050306/1914-07-03,1,2,6,-4
lccn/sn90050260/1914-06-25,2,3,2,1
lccn/sn85042224/1914-09-28,1,3,8,-5
lccn/sn85042224/1915-06-19,2,11,3,8
lccn/sn85042224/1915-06-18,2,9,1,8
lccn/sn85042224/1916-11-23,2,25,16,9
lccn/sn84024718/1853-06-08,1,0,0,0
lccn/sn91059392/1887-12-15,2,26,4,22
lccn/sn91059392/1887-12-15,2,30,6,24
lccn/sn91059392/1887-12-15,2,23,4,19
lccn/sn91059392/1887-03-24,2,17,3,14
lccn/sn85040245/1911-08-04,1,4,4,0
lccn/sn84020504/1907-09-05,1,5,21,-16
lccn/sn84020504/1908-01-17,2,7,3,4
lccn/sn84020504/1907-11-09,1,3,3,0
lccn/sn84020504/1907-11-18,1,2,2,0
lccn/sn84020504/1908-01-31,2,9,6,3
lccn/sn84020504/1908-01-28,2,5,1,4
lccn/sn84020558/1922-04-06,2,11,2,9
lccn/sn84020558/1922-04-06,2,11,3,8
lccn/sn84020558/1922-04-07,1,4,11,-7
lccn/sn84020558/1922-02-27,2,14,1,13
lccn/sn84020558/1922-05-19,2,11,2,9
lccn/sn82015313/1932-04-13,2,7,5,2
lccn/sn82015313/1933-02-13,2,9,5,4
lccn/sn85025570/1937-09-23,1,1,3,-2
lccn/sn82015313/1935-04-19,2,5,3,2
lccn/sn87065528/1946-04-26,2,11,5,6
lccn/sn87065528/1949-03-18,2,4,1,3
lccn/sn96061109/1888-10-25,2,11,5,6
lccn/sn89053987/1875-02-03,1,0,0,0
lccn/sn89053987/1872-09-04,2,19,6,13
lccn/sn91064011/1910-02-05,2,10,3,7
lccn/sn91064010/1909-04-22,2,5,4,1
lccn/sn82014356/1850-05-23,2,16,5,11
lccn/sn86072040/1875-02-27,1,0,0,0
lccn/sn86072192/1899-07-30,2,13,0,13
lccn/sn91064011/1910-11-10,2,14,2,12
lccn/sn91064011/1911-05-08,1,0,0,0
lccn/sn91064011/1911-09-26,2,4,0,4
lccn/2018270203/1899-05-05,1,2,2,0
lccn/sn85038485/1906-05-21,2,7,3,4
lccn/sn85038485/1906-08-26,1,0,0,0
lccn/sn91064011/1914-04-22,1,3,11,-8
lccn/sn96077289/1943-02-27,2,6,2,4
lccn/sn96077289/1943-03-06,2,6,1,5
lccn/sn96077289/1942-12-26,2,4,1,3
lccn/sn96077289/1943-01-16,2,5,1,4
lccn/sn96077289/1943-01-30,2,5,1,4
lccn/sn96077289/1943-02-13,2,11,1,10
lccn/sn96077289/1943-01-23,2,2,0,2
lccn/sn96077289/1943-05-07,2,3,1,2
lccn/sn96077289/1943-05-14,2,1,0,1
lccn/sn96077289/1943-05-28,2,2,1,1
lccn/sn96077289/1943-03-26,2,10,2,8
lccn/sn96077289/1943-03-13,2,3,0,3
lccn/sn96077289/1943-04-09,2,10,0,10
lccn/sn96077289/1943-04-02,2,7,0,7
lccn/sn96077289/1943-01-02,2,5,1,4
lccn/sn96077289/1943-01-09,2,3,1,2
lccn/sn96077289/1943-04-16,2,12,3,9
lccn/sn96077289/1942-10-24,2,3,1,2
lccn/sn96077289/1942-12-05,2,6,0,6
lccn/sn96077289/1942-12-12,2,7,0,7
lccn/sn96077289/1942-10-03,2,3,0,3
lccn/sn96077289/1942-09-26,1,1,1,0
lccn/sn96077289/1942-11-21,2,2,0,2
lccn/sn96077289/1942-10-17,2,6,1,5
lccn/sn96077289/1942-08-08,1,2,2,0
lccn/sn96077289/1942-08-01,2,2,0,2
lccn/sn96077289/1943-08-13,2,3,2,1
lccn/sn96077289/1943-08-27,1,0,1,-1
lccn/sn96077289/1945-06-08,2,6,3,3
lccn/sn82015313/1925-02-12,1,1,4,-3
lccn/sn89077510/1870-12-03,1,0,0,0
lccn/sn91064011/1913-09-25,1,0,0,0
lccn/sn87075008/1937-12-09,1,6,6,0
lccn/sn87075008/1939-11-02,2,16,6,10
lccn/sn87075008/1937-12-02,1,6,8,-2
lccn/sn87075008/1937-10-28,2,8,4,4
lccn/sn91064011/1913-12-02,1,6,9,-3
lccn/sn84027329/1881-10-27,2,8,4,4
lccn/sn84027329/1881-10-06,2,56,20,36
lccn/sn84027329/1881-03-24,2,24,7,17
lccn/sn84027329/1877-07-19,1,4,7,-3
lccn/sn84027329/1879-11-06,1,6,9,-3
lccn/sn84027329/1879-07-10,2,16,9,7
lccn/sn84027329/1880-01-08,2,7,2,5
lccn/sn84027329/1876-01-06,2,24,5,19
lccn/sn86075141/1949-12-15,2,5,3,2
lccn/sn86075141/1950-10-05,1,2,4,-2
lccn/sn85038485/1909-06-01,2,6,3,3
lccn/sn85038485/1909-05-30,2,9,2,7
lccn/sn85038485/1909-05-24,2,13,6,7
lccn/sn82014248/1874-01-08,2,8,1,7
lccn/sn82014248/1875-11-25,2,11,7,4
lccn/sn82014248/1875-04-16,2,7,2,5
lccn/sn91064011/1915-10-09,2,5,3,2
lccn/sn91064011/1915-10-30,2,5,2,3
lccn/sn91064011/1915-06-26,1,8,8,0
lccn/sn91064011/1915-06-24,2,6,2,4
lccn/sn91064011/1915-05-01,2,8,6,2
lccn/sn91064011/1915-01-21,1,9,9,0
lccn/sn91064011/1915-01-25,1,0,0,0
lccn/sn91064011/1915-12-02,1,5,7,-2
lccn/sn87058308/1888-11-22,2,19,5,14
lccn/sn87058308/1889-07-25,2,17,10,7
lccn/sn91064011/1915-04-29,1,3,4,-1
lccn/sn82014248/1892-03-19,2,12,4,8
lccn/sn82014248/1892-11-15,2,9,1,8
lccn/sn85038485/1911-09-27,2,9,4,5
lccn/sn85038485/1912-09-05,1,2,3,-1
lccn/sn85038485/1912-09-04,2,6,3,3
lccn/sn97065763/1894-06-23,2,13,4,9
lccn/sn85038485/1911-07-09,2,18,1,17
lccn/sn86063730/1927-02-22,1,1,2,-1
lccn/sn85038485/1911-01-15,2,16,3,13
lccn/sn97065763/1913-07-05,2,10,3,7
lccn/sn97065763/1913-01-04,2,15,4,11
lccn/sn97065763/1916-09-09,2,10,5,5
lccn/sn88063294/1941-08-28,2,5,3,2
lccn/sn88063294/1943-07-25,1,0,0,0
lccn/sn85038485/1915-07-27,1,0,0,0
lccn/sn85038485/1915-08-10,2,8,1,7
lccn/sn85038485/1914-07-28,1,9,11,-2
lccn/sn85038485/1914-09-13,2,20,1,19
lccn/sn85038485/1914-05-29,1,8,16,-8
lccn/sn87068079/1901-10-24,2,8,6,2
lccn/sn87068079/1899-08-17,1,6,9,-3
lccn/sn87068079/1907-03-14,1,4,5,-1
lccn/sn82014248/1888-03-21,2,15,11,4
lccn/sn82014248/1888-10-18,2,8,5,3
lccn/sn88063294/1942-06-06,2,10,5,5
lccn/sn98062948/1887-06-02,1,4,5,-1
lccn/sn82014248/1880-03-12,2,15,4,11
lccn/sn82014248/1882-03-21,2,26,7,19
lccn/sn82014248/1877-11-14,2,12,7,5
lccn/sn82014248/1878-08-28,2,11,3,8
lccn/sn85040614/1895-04-11,1,8,11,-3
lccn/sn85035801/1915-12-07,2,7,5,2
lccn/sn85035801/1918-05-21,1,5,7,-2
lccn/sn85035801/1917-01-23,2,16,13,3
lccn/sn85040614/1910-12-02,2,4,1,3
lccn/sn91064030/1924-08-30,2,22,2,20
lccn/sn89053706/1895-09-16,2,12,0,12
lccn/sn89053706/1897-05-03,2,8,3,5
lccn/sn84022565/1885-06-24,2,7,5,2
lccn/sn84022565/1897-04-08,2,11,8,3
lccn/sn84022565/1899-02-16,1,7,11,-4
lccn/sn84022565/1905-03-09,2,19,4,15
lccn/sn84022565/1906-10-04,2,14,0,14
lccn/sn96075050/1914-10-08,2,7,6,1
lccn/sn96075050/1921-12-22,1,3,7,-4
lccn/sn96075050/1922-04-27,1,0,3,-3
lccn/sn96075050/1917-05-17,2,12,6,6
lccn/sn96075050/1921-01-13,2,17,0,17
lccn/sn90051167/1891-07-10,1,9,11,-2
lccn/sn90051167/1891-10-16,2,13,8,5
lccn/sn85035720/1924-09-10,1,6,6,0
lccn/sn85035720/1924-11-29,1,4,5,-1
lccn/sn91064029/1898-06-01,2,10,4,6
lccn/sn97063183/1944-03-25,2,4,1,3
lccn/sn87093407/1923-11-14,2,14,1,13
lccn/sn87093407/1923-03-31,2,16,2,14
lccn/sn85049838/1891-02-19,2,8,4,4
lccn/sn85049838/1893-10-12,1,0,0,0
lccn/sn91064030/1922-06-10,2,7,4,3
lccn/sn85059533/1891-09-12,1,11,14,-3
lccn/sn89053706/1900-09-03,2,15,8,7
lccn/sn86090947/1909-05-14,2,12,11,1
lccn/sn86090947/1911-02-14,2,8,2,6
lccn/sn86090947/1917-08-07,2,15,4,11
lccn/sn86090947/1917-07-31,1,5,14,-9
lccn/sn85059533/1890-08-23,1,6,10,-4
lccn/sn86090947/1918-02-12,2,13,3,10
lccn/sn84020422/1879-09-10,2,5,1,4
lccn/sn85035801/1902-12-23,2,9,2,7
lccn/sn85035801/1899-10-10,1,3,6,-3
lccn/sn85035801/1897-01-19,2,13,6,7
lccn/sn85035801/1901-06-25,2,20,17,3
lccn/sn85035801/1908-06-02,2,2,1,1
lccn/sn85035801/1910-06-21,1,3,5,-2
lccn/sn85035801/1910-08-09,2,14,13,1
lccn/sn85035524/1888-01-28,1,0,0,0
lccn/sn85035524/1885-11-21,2,10,8,2
lccn/sn85035524/1905-02-03,1,1,19,-18
lccn/sn89053713/1920-04-13,2,11,9,2
lccn/sn89053713/1920-07-13,1,0,0,0
lccn/sn89053713/1921-09-17,2,9,6,3
lccn/sn89053713/1921-07-16,2,15,4,11
lccn/sn89053713/1921-05-31,2,11,3,8
lccn/sn89053713/1921-07-05,2,12,2,10
lccn/sn89053729/1912-10-14,1,0,0,0
lccn/sn89053729/1912-10-12,1,0,0,0
lccn/sn89053729/1912-10-14,1,0,0,0
lccn/sn89053713/1922-02-04,2,19,6,13
lccn/sn89053713/1921-10-15,2,9,0,9
lccn/sn89053713/1921-04-16,1,6,6,0
lccn/sn89053713/1923-03-22,2,27,1,26
lccn/sn89053713/1923-07-05,2,19,3,16
lccn/sn89053713/1923-06-19,2,10,3,7
lccn/sn89053713/1924-02-12,2,8,6,2
lccn/sn89053713/1924-01-03,2,18,4,14
lccn/sn89053713/1923-11-15,2,19,3,16
lccn/sn89053713/1923-03-01,2,24,8,16
lccn/sn89053713/1923-09-25,2,7,5,2
lccn/sn89053713/1923-08-02,1,10,11,-1
lccn/sn87093407/1925-10-27,2,9,2,7
lccn/sn87093407/1925-10-15,2,9,0,9
lccn/sn87093407/1925-11-16,2,6,4,2
lccn/sn87093407/1924-12-09,2,9,2,7
lccn/sn87093407/1924-12-04,1,0,0,0
lccn/sn87093407/1924-11-03,2,6,4,2
lccn/sn87093407/1924-04-09,2,15,1,14
lccn/sn87093407/1924-04-10,2,8,2,6
lccn/sn86090947/1919-08-26,1,0,0,0
lccn/sn89053713/1920-10-09,2,16,6,10
lccn/sn87093407/1925-06-17,2,19,1,18
lccn/sn87093407/1925-07-08,2,8,3,5
lccn/sn89053713/1924-12-04,2,14,5,9
lccn/sn85035524/1912-11-29,2,6,2,4
lccn/sn84020422/1891-02-25,2,9,3,6
lccn/sn84020422/1899-02-01,1,7,17,-10
lccn/sn84020422/1899-02-08,1,5,5,0
lccn/sn84020422/1898-09-14,2,12,4,8
lccn/sn83045473/1913-07-04,1,0,0,0
lccn/sn87058308/1898-08-11,1,6,7,-1
lccn/sn83016209/1916-09-08,1,7,7,0
lccn/sn83016209/1918-06-14,2,7,3,4
lccn/sn85040614/1916-01-14,1,2,12,-10
lccn/sn85040613/1911-12-27,1,12,13,-1
lccn/sn83016209/1930-05-23,2,11,5,6
lccn/sn82014248/1898-01-19,2,4,3,1
lccn/sn82014248/1897-03-10,1,2,3,-1
lccn/sn82014248/1898-03-31,1,2,4,-2
lccn/sn85040305/1850-08-23,2,21,18,3
lccn/sn89053729/1913-04-15,2,11,0,11
lccn/sn89053729/1913-04-15,2,7,0,7
lccn/sn89053729/1913-04-15,2,7,1,6
lccn/sn89053729/1913-06-06,2,18,1,17
lccn/sn89053729/1913-06-06,2,16,2,14
lccn/sn89053729/1913-06-06,2,17,1,16
lccn/sn86063730/1936-05-06,1,3,4,-1
lccn/sn89053729/1913-06-06,2,18,1,17
lccn/sn89053729/1913-06-07,2,9,0,9
lccn/sn89053729/1913-10-11,1,8,8,0
lccn/sn89053729/1913-10-05,2,18,2,16
lccn/sn89053729/1913-10-01,1,5,5,0
lccn/sn89053729/1913-10-01,2,11,3,8
lccn/sn89053729/1913-10-01,2,14,0,14
lccn/sn89053729/1913-10-02,2,16,1,15
lccn/sn89053729/1913-10-02,2,3,0,3
lccn/sn89053729/1913-10-02,2,9,2,7
lccn/sn89053729/1913-10-03,2,8,0,8
lccn/sn89053729/1913-10-03,2,8,4,4
lccn/sn89053729/1913-10-03,2,3,2,1
lccn/sn89053729/1913-10-02,2,12,0,12
lccn/sn89053729/1913-09-30,2,6,0,6
lccn/sn89053729/1913-10-03,1,2,4,-2
lccn/sn89053729/1913-10-04,2,4,3,1
lccn/sn89053729/1913-10-04,2,10,2,8
lccn/sn89053729/1913-10-03,2,3,2,1
lccn/sn84024707/1876-01-27,1,5,6,-1
lccn/sn84024707/1888-01-26,2,7,6,1
lccn/sn84024707/1890-07-24,1,8,11,-3
lccn/sn84024653/1880-09-10,2,11,1,10
lccn/sn84024653/1882-12-08,2,8,2,6
lccn/sn84024653/1892-04-29,1,7,13,-6
lccn/sn82014248/1900-03-12,2,7,4,3
lccn/sn82014248/1900-07-14,1,0,0,0
lccn/sn82014248/1900-09-01,2,19,4,15
lccn/sn82014248/1901-02-02,2,9,1,8
lccn/sn91070630/1896-04-21,1,9,9,0
lccn/sn91070630/1893-07-26,1,9,23,-14
lccn/sn91070630/1897-05-08,2,10,2,8
lccn/sn91070630/1898-09-12,1,7,8,-1
lccn/sn91070630/1898-01-07,2,5,4,1
lccn/sn85038485/1916-03-12,2,20,3,17
lccn/sn85038485/1916-08-15,2,14,2,12
lccn/sn85038485/1916-08-17,2,6,4,2
lccn/sn85038485/1916-08-08,2,7,2,5
lccn/sn90052005/1911-02-22,2,4,1,3
lccn/sn85033255/1889-02-07,1,10,15,-5
lccn/sn85033255/1894-04-26,2,3,2,1
lccn/sn85038485/1919-10-12,2,19,2,17
lccn/sn85038485/1919-10-13,2,23,2,21
lccn/sn85033255/1886-04-01,1,7,9,-2
lccn/sn85033255/1886-04-08,2,10,4,6
lccn/sn85033255/1887-12-15,2,8,6,2
lccn/sn85033255/1886-07-15,1,1,6,-5
lccn/sn85033255/1880-08-05,2,8,3,5
lccn/sn85033255/1880-03-25,2,4,2,2
lccn/sn85033255/1896-06-11,2,21,14,7
lccn/sn85033255/1895-08-01,2,2,1,1
lccn/sn85033255/1896-11-19,1,4,4,0
lccn/sn85033255/1883-12-20,2,10,8,2
lccn/sn85033255/1884-08-07,2,17,3,14
lccn/sn85033255/1879-03-27,2,5,2,3
lccn/sn85033255/1879-04-03,1,4,7,-3
lccn/sn85033255/1890-06-12,2,10,4,6
lccn/sn87062224/1919-05-30,1,1,1,0
lccn/sn87062224/1928-01-13,1,12,14,-2
lccn/sn85040310/1923-04-12,1,3,4,-1
lccn/sn90052005/1919-02-25,1,0,0,0
lccn/sn90052005/1919-01-17,2,7,1,6
lccn/sn82014248/1904-11-14,2,12,6,6
lccn/sn82014248/1906-01-17,1,0,0,0
lccn/sn82014248/1902-02-17,1,5,10,-5
lccn/sn84024653/1875-02-12,1,10,19,-9
lccn/sn84024653/1878-11-15,2,11,4,7
lccn/sn87062224/1892-04-01,2,12,6,6
lccn/sn87062224/1901-08-09,1,5,5,0
lccn/sn87062224/1945-12-07,2,3,0,3
lccn/sn87062224/1933-02-10,1,4,6,-2
lccn/sn87062224/1933-04-07,2,6,2,4
lccn/sn87062224/1933-06-02,1,2,2,0
lccn/sn87062224/1935-03-01,2,7,1,6
lccn/sn87062224/1933-08-25,1,4,5,-1
lccn/sn87062224/1939-03-17,1,3,4,-1
lccn/sn91070630/1899-04-11,2,8,2,6
lccn/sn85033255/1900-01-18,2,11,1,10
lccn/sn88065202/1914-05-14,1,0,0,0
lccn/sn88065202/1914-05-14,2,12,1,11
lccn/sn88065202/1914-05-21,1,5,11,-6
lccn/sn88065202/1914-05-07,1,3,9,-6
lccn/sn90052005/1911-07-12,1,0,0,0
lccn/sn90052005/1911-09-11,2,2,0,2
lccn/sn90052005/1911-06-09,1,5,5,0
lccn/sn83016589/1881-11-25,2,5,4,1
lccn/sn83016589/1881-08-05,2,7,6,1
lccn/sn83016589/1886-07-30,1,5,13,-8
lccn/sn83016589/1886-07-23,1,0,0,0
lccn/sn83016589/1885-10-02,2,2,1,1
lccn/sn83016589/1885-05-15,2,8,3,5
lccn/sn83016589/1887-03-18,2,3,0,3
lccn/sn83016589/1880-08-27,2,11,3,8
lccn/sn83016589/1880-08-27,2,10,1,9
lccn/sn83016589/1880-08-27,2,7,1,6
lccn/sn83016589/1889-06-21,1,5,17,-12
lccn/sn83016589/1888-05-25,2,23,4,19
lccn/sn83016589/1887-09-09,1,7,10,-3
lccn/sn83016589/1887-08-05,2,9,6,3
lccn/sn83016589/1887-11-25,2,11,4,7
lccn/sn83016209/1894-04-20,1,3,11,-8
lccn/sn83016209/1897-04-23,2,8,1,7
lccn/sn83016209/1895-05-31,2,6,5,1
lccn/sn83016209/1895-06-07,1,6,6,0
lccn/sn83016209/1900-02-10,1,2,4,-2
lccn/sn83016209/1900-01-27,1,0,0,0
lccn/sn83016209/1900-02-03,1,5,8,-3
lccn/sn83016209/1913-03-28,1,2,4,-2
lccn/sn83016209/1913-05-02,1,3,7,-4
lccn/sn90052005/1911-05-17,2,4,0,4
lccn/sn85033133/1889-02-14,2,9,3,6
lccn/sn85033133/1888-01-26,2,6,4,2
lccn/sn85033133/1867-07-30,2,13,2,11
lccn/sn85059538/1893-05-01,1,0,0,0
lccn/sn85033133/1883-03-08,2,7,3,4
lccn/sn85033133/1882-11-02,1,0,2,-2
lccn/sn85033133/1881-02-10,1,3,3,0
lccn/sn85033133/1880-12-30,2,17,9,8
lccn/sn85033133/1903-11-18,1,3,14,-11
lccn/sn85033133/1884-06-12,2,14,8,6
lccn/sn85033133/1884-05-01,2,2,1,1
lccn/sn85033133/1886-05-27,2,2,1,1
lccn/sn85033133/1886-06-17,1,1,1,0
lccn/sn90052005/1916-07-29,2,16,1,15
lccn/sn90052005/1916-08-01,1,0,0,0
lccn/sn90052005/1916-07-31,2,10,1,9
lccn/sn83016589/1915-09-03,2,6,2,4
lccn/sn83016589/1907-06-21,1,4,5,-1
lccn/sn83016589/1922-08-25,2,6,1,5
lccn/sn83016589/1922-09-08,1,6,10,-4
lccn/sn83016589/1922-06-16,2,4,1,3
lccn/sn83016589/1922-04-07,1,3,4,-1
lccn/sn83016589/1922-04-28,1,2,13,-11
lccn/sn83016589/1922-06-09,2,7,0,7
lccn/sn83016589/1921-08-05,1,8,13,-5
lccn/sn83016589/1921-12-16,2,4,2,2
lccn/sn83016589/1921-12-30,1,10,10,0
lccn/sn83016589/1915-11-05,2,13,6,7
lccn/sn83016589/1923-08-24,2,14,3,11
lccn/sn83016589/1922-10-06,1,2,3,-1
lccn/sn83016589/1923-01-19,1,3,6,-3
lccn/sn83016589/1923-03-02,2,9,4,5
lccn/sn83016589/1923-12-28,2,17,1,16
lccn/sn88071311/1886-02-21,2,4,3,1
lccn/sn84026089/1877-10-03,2,6,4,2
lccn/sn84026749/1923-09-11,2,13,6,7
lccn/sn84026089/1901-10-23,1,0,6,-6
lccn/sn84026089/1902-11-12,2,13,9,4
lccn/sn84026089/1902-07-16,2,6,0,6
lccn/sn84026089/1902-06-18,2,7,3,4
lccn/sn84026089/1903-04-08,1,0,0,0
lccn/sn84026089/1905-06-14,1,5,9,-4
lccn/sn84026089/1900-12-19,2,6,5,1
lccn/sn84026089/1903-10-14,1,0,0,0
lccn/sn84026089/1901-09-11,1,8,13,-5
lccn/sn84026089/1900-03-28,1,5,5,0
lccn/sn84026089/1900-05-23,2,12,5,7
lccn/sn84026089/1906-07-11,2,9,1,8
lccn/sn84026089/1907-01-23,1,0,0,0
lccn/sn84026749/1924-07-03,1,0,0,0
lccn/sn84026749/1924-10-31,1,0,0,0
lccn/sn84026749/1924-07-30,2,13,0,13
lccn/sn84026749/1925-02-20,2,11,2,9
lccn/sn84026749/1924-09-11,2,8,0,8
lccn/sn84026749/1927-03-16,2,3,2,1
lccn/sn84026749/1927-11-29,1,0,0,0
lccn/sn84026749/1927-12-14,1,0,0,0
lccn/sn82014064/1871-01-08,2,8,5,3
lccn/sn83045433/1907-11-11,2,12,11,1
lccn/sn83045433/1908-08-26,2,13,4,9
lccn/sn85066387/1908-04-27,2,4,2,2
lccn/sn83045462/1917-06-01,2,10,2,8
lccn/sn83045462/1945-08-24,2,11,0,11
lccn/sn83045462/1945-05-19,2,3,0,3
lccn/sn83045462/1945-05-21,2,16,2,14
lccn/sn83045462/1945-05-20,2,11,0,11
lccn/sn83045462/1940-08-04,2,12,2,10
lccn/sn83045462/1934-02-25,2,11,0,11
lccn/sn83045462/1939-05-07,2,13,3,10
lccn/sn83045462/1947-06-29,2,8,0,8
lccn/sn83045462/1947-06-28,2,14,1,13
lccn/sn83045462/1947-06-26,2,16,4,12
lccn/sn83045462/1947-07-01,2,10,2,8
lccn/sn83045462/1947-06-30,2,20,3,17
lccn/sn83045462/1947-08-03,2,17,0,17
lccn/sn83045462/1946-08-06,2,11,0,11
lccn/sn83045462/1946-08-05,2,21,4,17
lccn/sn83045462/1948-09-12,2,11,1,10
lccn/sn83045462/1948-09-11,2,8,2,6
lccn/sn83045462/1942-09-23,2,11,0,11
lccn/sn83016368/1880-06-12,2,8,5,3
lccn/sn83045462/1950-06-11,2,8,0,8
lccn/sn83045462/1949-11-02,2,12,0,12
lccn/sn83045462/1950-08-20,2,9,2,7
lccn/sn83045462/1938-04-24,2,10,2,8
lccn/sn83045462/1938-01-02,2,13,1,12
lccn/sn83045462/1948-09-13,1,0,0,0
lccn/sn83045462/1949-12-28,2,9,2,7
lccn/sn83045462/1949-12-29,2,8,1,7
lccn/sn83045462/1949-03-05,2,13,2,11
lccn/sn83045462/1949-03-17,2,9,1,8
lccn/sn83045462/1947-11-20,2,7,0,7
lccn/sn83045462/1947-11-13,2,10,1,9
lccn/sn83045462/1947-02-06,2,17,1,16
lccn/sn83045462/1947-02-20,2,23,6,17
lccn/sn83045462/1949-09-04,2,13,6,7
lccn/sn83045462/1949-09-05,2,11,3,8
lccn/sn83045462/1949-09-03,2,18,1,17
lccn/sn83045462/1945-09-02,1,0,0,0
lccn/sn83045462/1945-09-30,2,13,3,10
lccn/sn83045462/1945-10-07,2,12,2,10
lccn/sn83045604/1900-12-16,2,17,0,17
lccn/sn83030272/1898-03-22,2,6,0,6
lccn/sn83030272/1898-05-05,1,0,8,-8
lccn/sn91068245/1897-07-01,1,0,5,-5
lccn/sn83045604/1900-12-09,2,12,1,11
lccn/sn85033699/1875-06-11,1,0,0,0
lccn/sn85033699/1875-05-01,2,6,0,6
lccn/sn83030272/1897-11-21,1,0,0,0
lccn/sn87093407/1920-01-28,2,11,3,8
lccn/sn83030273/1920-06-13,2,14,4,10
lccn/sn87093407/1921-02-09,1,0,0,0
lccn/sn83030272/1899-06-04,1,3,5,-2
lccn/sn87093407/1921-05-17,1,2,9,-7
lccn/sn84037930/1856-09-03,2,7,3,4
lccn/sn84027060/1860-01-21,2,15,6,9
lccn/sn85049908/1859-01-18,2,5,3,2
lccn/sn82015483/1882-05-09,1,0,0,0
lccn/sn85066387/1910-07-25,2,12,0,12
lccn/sn99021999/1890-09-14,1,21,27,-6
lccn/sn99021999/1891-03-01,1,2,5,-3
lccn/sn99021999/1891-05-03,2,25,14,11
lccn/sn99021999/1892-09-12,1,8,12,-4
lccn/sn82014681/1883-12-01,1,0,0,0
lccn/sn83045774/1921-01-02,2,11,1,10
lccn/sn83045389/1920-07-30,2,7,0,7
lccn/sn83045389/1920-07-31,2,10,0,10
lccn/sn83045389/1920-06-07,2,4,1,3
lccn/sn84026749/1905-03-22,2,5,2,3
lccn/sn84026749/1905-06-19,1,5,22,-17
lccn/sn83045774/1922-06-04,2,15,1,14
lccn/sn83045774/1922-07-23,2,3,0,3
lccn/sn83045774/1922-07-16,2,14,1,13
lccn/sn83045774/1922-07-13,2,4,2,2
lccn/sn83045774/1922-07-14,2,22,1,21
lccn/sn83030313/1876-09-03,2,12,5,7
lccn/sn83030313/1877-07-06,2,9,5,4
lccn/sn83045462/1925-04-28,2,10,1,9
lccn/sn83045462/1924-11-08,2,8,0,8
lccn/sn83045462/1924-12-28,1,0,0,0
lccn/sn83045462/1924-12-27,2,8,1,7
lccn/sn85038292/1891-07-04,1,6,6,0
lccn/sn83045462/1927-03-13,2,11,0,11
lccn/sn83045462/1927-03-27,2,12,2,10
lccn/sn83045462/1927-03-12,2,7,3,4
lccn/sn83045774/1921-08-14,2,16,1,15
lccn/sn83045774/1921-08-04,1,0,0,0
lccn/sn83045774/1921-09-25,2,9,2,7
lccn/sn83045774/1921-09-25,2,9,1,8
lccn/sn83016348/1885-07-18,2,17,8,9
lccn/sn82016187/1903-10-08,2,17,6,11
lccn/sn83016348/1873-07-26,2,3,1,2
lccn/sn83016348/1877-02-24,1,6,10,-4
lccn/sn83016348/1875-10-16,2,9,5,4
lccn/sn83016348/1870-10-15,2,24,17,7
lccn/sn84031492/1881-06-24,2,43,13,30
lccn/sn83045462/1923-12-28,1,0,0,0
lccn/sn83045462/1923-12-29,2,8,0,8
lccn/sn83045462/1924-01-01,2,11,2,9
lccn/sn83045462/1924-01-12,1,5,5,0
lccn/sn83045462/1924-01-07,2,6,2,4
lccn/sn83045462/1924-01-10,2,9,2,7
lccn/sn83045462/1923-10-16,2,12,4,8
lccn/sn83045462/1923-10-18,2,7,2,5
lccn/sn83045462/1923-10-19,2,10,1,9
lccn/sn83045462/1923-10-15,2,10,4,6
lccn/sn83045462/1923-10-03,2,11,3,8
lccn/sn83045462/1923-10-08,1,9,9,0
lccn/sn83045462/1923-10-11,2,22,6,16
lccn/sn83045462/1923-10-13,1,0,0,0
lccn/sn83045462/1923-09-30,2,13,1,12
lccn/sn83045462/1923-10-04,2,10,4,6
lccn/sn84031492/1881-06-29,1,4,14,-10
lccn/sn85052141/1888-04-06,1,8,14,-6
lccn/sn85066387/1905-06-22,2,8,0,8
lccn/sn85066387/1905-06-25,2,21,0,21
lccn/sn85066387/1905-06-27,2,10,1,9
lccn/sn85066387/1905-06-28,2,4,0,4
lccn/sn85066387/1905-06-30,2,1,0,1
lccn/sn85066387/1905-08-02,2,6,0,6
lccn/sn85066387/1905-08-09,2,12,1,11
lccn/sn85066387/1905-08-10,2,23,5,18
lccn/sn85066387/1905-08-10,2,9,0,9
lccn/sn85066387/1905-08-11,2,9,0,9
lccn/sn85066387/1905-08-13,2,24,8,16
lccn/sn85066387/1905-08-14,2,13,2,11
lccn/sn85066387/1905-06-21,2,22,1,21
lccn/sn85066387/1905-06-24,2,3,1,2
lccn/sn85066387/1905-06-26,2,7,1,6
lccn/sn85066387/1905-06-29,2,4,0,4
lccn/sn85066387/1905-08-15,2,12,1,11
lccn/sn85066387/1905-08-16,2,6,1,5
lccn/sn82014381/1885-01-01,2,9,1,8
lccn/sn85066387/1905-05-14,2,17,0,17
lccn/sn85066387/1905-06-06,2,17,1,16
lccn/sn85066387/1905-06-13,2,9,1,8
lccn/sn85066387/1905-06-14,2,8,2,6
lccn/sn85066387/1905-06-16,2,9,1,8
lccn/sn85066387/1905-05-24,2,11,3,8
lccn/sn85066387/1905-05-30,2,7,0,7
lccn/sn85066387/1905-05-31,2,20,0,20
lccn/sn85066387/1905-05-10,2,12,0,12
lccn/sn85066387/1905-05-25,1,4,6,-2
lccn/sn85066387/1905-05-27,2,7,1,6
lccn/sn85066387/1905-05-11,2,6,1,5
lccn/sn85066387/1905-05-19,2,6,0,6
lccn/sn85066387/1905-05-08,2,13,1,12
lccn/sn85066387/1905-05-05,2,11,2,9
lccn/sn85066387/1905-06-01,2,8,0,8
lccn/sn85066387/1905-06-19,2,7,0,7
lccn/sn85066387/1905-06-20,2,3,0,3
lccn/sn85066387/1905-08-22,2,13,4,9
lccn/sn85066387/1905-08-19,2,14,5,9
lccn/sn85066387/1905-06-17,2,12,2,10
lccn/sn82014381/1883-08-07,1,6,19,-13
lccn/sn82014381/1884-01-01,2,7,5,2
lccn/sn84022644/1896-08-07,2,6,2,4
lccn/sn84022644/1895-09-20,2,8,6,2
lccn/sn84026844/1886-03-05,1,0,0,0
lccn/sn84026749/1920-07-23,2,5,1,4
lccn/sn92070464/1896-03-07,2,5,4,1
lccn/sn83045462/1902-02-22,2,6,2,4
lccn/sn84027621/1905-11-11,1,3,4,-1
lccn/sn85066387/1903-10-31,2,8,1,7
lccn/sn85066387/1903-08-28,2,4,1,3
lccn/sn85066387/1903-08-29,2,13,1,12
lccn/sn85066387/1903-08-30,2,5,3,2
lccn/sn85066387/1908-06-21,2,5,1,4
lccn/sn88053126/1892-09-21,1,0,0,0
lccn/sn85066387/1907-02-06,2,16,3,13
lccn/sn85066387/1907-02-07,2,4,0,4
lccn/sn85066387/1907-02-11,1,0,0,0
lccn/sn85066387/1909-01-11,2,3,1,2
lccn/sn85029677/1886-12-11,2,10,7,3
lccn/sn85066387/1909-07-04,2,11,4,7
lccn/sn99021999/1888-02-02,1,1,1,0
lccn/sn87055779/1920-02-04,2,4,0,4
lccn/sn87055779/1920-02-08,2,7,0,7
lccn/sn85066387/1911-08-13,2,3,1,2
lccn/sn87055779/1921-04-25,2,6,3,3
lccn/sn87055779/1921-04-26,2,3,2,1
lccn/sn87055779/1921-04-28,2,8,3,5
lccn/sn87055779/1921-04-30,2,3,0,3
lccn/sn87055779/1920-12-10,2,3,2,1
lccn/sn85066387/1911-01-29,2,14,1,13
lccn/sn85066387/1911-04-11,2,10,4,6
lccn/sn85066387/1911-04-23,2,9,1,8
lccn/sn85066387/1911-04-07,2,17,1,16
lccn/sn85066387/1911-04-08,2,14,1,13
lccn/sn85066387/1911-04-10,2,13,5,8
lccn/sn85066387/1911-04-12,2,12,4,8
lccn/sn85066387/1911-04-02,2,11,1,10
lccn/sn84026749/1910-06-13,2,9,4,5
lccn/sn87055779/1921-02-01,1,1,9,-8
lccn/sn87055779/1921-02-04,2,6,1,5
lccn/sn85066387/1912-01-14,1,4,4,0
lccn/sn84026749/1910-10-26,2,10,1,9
lccn/sn83045789/1885-03-15,2,9,8,1
lccn/sn85032573/1877-07-12,2,9,1,8
lccn/sn83045462/1923-08-20,2,11,1,10
lccn/sn82015484/1874-02-05,1,9,11,-2
lccn/sn83045774/1922-10-29,2,6,2,4
lccn/sn83045774/1922-10-01,2,20,6,14
lccn/sn82015484/1873-01-02,1,7,15,-8
lccn/sn82015484/1879-01-02,1,11,16,-5
lccn/sn82015484/1879-10-16,2,11,9,2
lccn/sn85066387/1901-08-04,2,8,2,6
lccn/sn83030214/1887-07-22,2,8,7,1
lccn/sn87052128/1873-06-06,1,1,3,-2
lccn/sn83030272/1904-02-27,2,12,5,7
lccn/sn82014381/1890-06-08,1,8,13,-5
lccn/sn82014381/1887-11-19,2,15,4,11
lccn/sn85026421/1879-06-05,1,5,5,0
lccn/sn85026421/1884-07-17,2,28,10,18
lccn/sn83030214/1905-07-18,2,4,2,2
lccn/sn86053571/1870-01-01,2,4,3,1
lccn/sn85042344/1914-06-09,2,8,3,5
lccn/sn86053571/1869-12-01,2,12,6,6
lccn/sn83045433/1909-03-10,2,7,3,4
lccn/sn83045433/1909-01-07,1,14,15,-1
lccn/sn86071045/1887-12-02,1,4,9,-5
lccn/sn83025287/1878-09-10,1,3,5,-2
lccn/sn83045366/1906-12-24,1,0,0,0
lccn/sn83045462/1894-09-29,2,13,1,12
lccn/sn83045366/1906-08-25,2,7,0,7
lccn/sn83045462/1890-09-30,1,5,11,-6
lccn/sn83045462/1890-04-05,1,0,0,0
lccn/sn83045462/1890-04-25,1,4,12,-8
lccn/sn83045462/1890-03-22,2,18,6,12
lccn/sn83045462/1908-04-30,2,8,2,6
lccn/sn83045462/1908-05-02,2,11,4,7
lccn/sn83045462/1878-06-03,2,10,6,4
lccn/sn83045462/1878-07-06,2,5,0,5
lccn/sn83045462/1878-05-23,2,5,2,3
lccn/sn83045462/1878-04-25,2,4,3,1
lccn/sn83045462/1904-05-25,2,10,3,7
lccn/sn84024441/1902-08-23,2,8,1,7
lccn/sn84031492/1873-12-28,1,6,8,-2
lccn/sn84031492/1874-11-15,2,23,8,15
lccn/sn99021999/1907-06-23,2,13,0,13
lccn/sn84031492/1874-06-07,2,16,4,12
lccn/sn99021999/1907-06-24,2,9,1,8
lccn/sn83045462/1916-06-14,2,13,1,12
lccn/sn83045462/1916-09-25,2,11,1,10
lccn/sn83045462/1919-01-19,2,19,2,17
lccn/sn83045462/1919-01-04,2,17,1,16
lccn/sn85058130/1906-05-08,2,8,2,6
lccn/sn83045555/1901-11-07,2,17,8,9
lccn/sn83045555/1903-05-25,1,6,6,0
lccn/sn83030214/1886-12-26,1,0,0,0
lccn/sn83030214/1888-02-01,2,6,4,2
lccn/sn82015483/1892-08-02,2,10,1,9
lccn/sn94052989/1894-02-19,2,8,2,6
lccn/sn94052989/1894-02-21,1,8,8,0
lccn/sn94052989/1894-02-23,2,9,6,3
lccn/sn84026844/1888-08-02,2,10,2,8
lccn/sn84026844/1882-04-21,2,6,5,1
lccn/sn84022639/1890-02-06,1,0,0,0
lccn/sn83009569/1866-05-26,1,0,2,-2
lccn/sn83045462/1868-07-01,2,2,0,2
lccn/sn2001063133/1888-07-,1,2,6,-4
lccn/sn83045462/1874-09-11,1,0,0,0
lccn/sn83045462/1874-09-15,1,1,3,-2
lccn/sn83045462/1874-06-19,1,6,6,0
lccn/sn83045462/1874-07-25,1,1,2,-1
lccn/sn83045462/1912-08-09,2,18,0,18
lccn/sn83045462/1912-08-10,2,22,1,21
lccn/sn83045462/1912-08-11,2,10,0,10
lccn/sn83045462/1912-06-22,2,16,8,8
lccn/sn83045462/1911-07-03,1,6,7,-1
lccn/sn83045462/1911-07-06,2,8,1,7
lccn/sn83045462/1911-07-07,2,14,2,12
lccn/sn83045462/1912-01-24,2,7,4,3
lccn/sn83045462/1912-03-07,2,13,0,13
lccn/sn86063615/1899-11-13,2,5,3,2
lccn/sn83045462/1912-01-30,2,22,0,22
lccn/sn83045462/1912-07-14,2,10,0,10
lccn/sn83045462/1886-06-25,1,5,5,0
lccn/sn83045462/1886-02-27,2,4,3,1
lccn/sn83045462/1876-08-04,1,4,5,-1
lccn/sn83045462/1876-05-20,2,13,0,13
lccn/sn83045462/1875-12-27,1,5,5,0
lccn/sn83045462/1911-06-30,2,11,1,10
lccn/sn83030214/1897-10-11,1,2,9,-7
lccn/sn83025733/1884-06-15,2,6,5,1
lccn/sn83021327/1878-09-12,1,0,0,0
lccn/sn83021327/1875-09-16,2,6,2,4
lccn/sn83021327/1875-09-16,2,8,2,6
lccn/sn83021327/1881-06-16,1,5,7,-2
lccn/sn83030272/1896-06-22,2,17,11,6
lccn/sn86088296/1883-09-06,2,10,9,1
lccn/sn83032011/1883-03-09,1,7,23,-16
lccn/sn85066387/1900-12-20,2,3,1,2
lccn/sn85066387/1900-12-16,2,12,1,11
lccn/sn85066387/1900-12-18,2,14,7,7
lccn/sn85066387/1901-01-08,1,0,0,0
lccn/sn85066387/1901-01-06,1,0,0,0
lccn/sn85066387/1901-07-14,1,1,16,-15
lccn/sn85066387/1901-07-21,2,8,7,1
lccn/sn85038292/1873-09-06,2,11,6,5
lccn/sn83045462/1924-09-27,2,22,6,16
lccn/sn83045462/1924-07-16,1,0,0,0
lccn/sn83045462/1924-07-17,2,11,0,11
lccn/sn83045462/1924-07-18,2,16,5,11
lccn/sn85038292/1894-01-13,1,2,6,-4
lccn/sn83045462/1924-09-10,2,9,0,9
lccn/sn83045462/1924-10-08,2,21,3,18
lccn/sn83045462/1924-10-06,2,7,1,6
lccn/sn83045462/1924-09-04,2,8,4,4
lccn/sn85038292/1892-03-05,1,3,5,-2
lccn/sn85038292/1906-03-30,2,6,4,2
lccn/sn85038292/1905-10-14,1,6,9,-3
lccn/sn85038292/1905-11-18,1,2,7,-5
lccn/sn85038292/1884-08-09,2,5,1,4
lccn/sn83045462/1924-09-25,2,9,6,3
lccn/sn83045462/1924-10-02,2,9,1,8
lccn/sn83045462/1924-10-01,2,3,0,3
lccn/sn83045462/1924-10-04,1,0,1,-1
lccn/sn83045462/1924-01-15,2,10,3,7
lccn/sn83045604/1892-07-21,2,7,2,5
lccn/sn83045160/1873-04-15,2,19,4,15
lccn/sn84036033/1885-06-20,1,16,17,-1
lccn/sn87093407/1921-06-08,2,24,1,23
lccn/sn83030272/1899-10-10,1,3,4,-1
lccn/sn84026749/1906-06-10,2,10,1,9
lccn/sn86053573/1877-08-15,1,7,8,-1
lccn/sn86053573/1874-05-26,2,12,7,5
lccn/sn95047242/1903-08-04,2,5,4,1
lccn/sn95047242/1904-09-09,1,3,3,0
lccn/sn95047242/1903-05-26,2,14,6,8
lccn/sn84020594/1875-03-05,1,3,4,-1
lccn/sn95026977/1905-12-11,1,4,5,-1
lccn/sn83030272/1895-08-17,1,9,11,-2
lccn/sn83030272/1895-09-24,2,23,9,14
lccn/sn83016348/1889-08-31,1,2,10,-8
lccn/sn83030272/1895-09-10,2,23,21,2
lccn/sn97067613/1887-07-21,2,16,9,7
lccn/sn97067613/1891-11-19,1,0,0,0
lccn/sn97067613/1885-04-02,2,12,1,11
lccn/sn84023209/1882-11-15,1,4,13,-9
lccn/sn88078580/1880-02-13,2,13,4,9
lccn/sn84026844/1884-08-30,2,5,2,3
lccn/sn83035216/1872-09-07,1,3,4,-1
lccn/sn84024546/1892-07-19,2,14,8,6
lccn/sn82000189/1889-06-26,2,9,1,8
lccn/sn82000189/1889-06-27,2,3,2,1
lccn/sn82000189/1889-06-28,2,2,0,2
lccn/sn82014424/1882-10-09,2,8,6,2
lccn/sn83045555/1900-11-22,2,20,4,16
lccn/sn83045211/1917-10-25,2,9,5,4
lccn/sn83045211/1917-09-20,1,8,8,0
lccn/sn83045211/1917-09-25,1,5,6,-1
lccn/sn83045211/1917-09-26,2,3,2,1
lccn/sn82000189/1889-06-19,2,11,4,7
lccn/sn82000189/1889-06-21,1,0,0,0
lccn/sn82000189/1889-06-25,2,4,1,3
lccn/sn83045211/1918-07-12,2,21,4,17
lccn/sn83045211/1918-07-13,2,5,2,3
lccn/sn83045211/1918-07-15,1,1,3,-2
lccn/sn85058130/1900-09-09,1,2,6,-4
lccn/sn85058140/1909-09-11,2,13,0,13
lccn/sn84024546/1891-08-12,1,6,12,-6
lccn/sn82015483/1881-11-26,2,8,1,7
lccn/sn82015483/1883-01-06,2,11,6,5
lccn/sn82015483/1884-06-09,1,3,11,-8
lccn/sn82015483/1883-12-22,2,5,4,1
lccn/sn82015483/1885-01-26,2,10,2,8
lccn/sn83016925/1887-11-16,2,11,5,6
lccn/sn93059208/1904-03-12,2,10,3,7
lccn/sn93059208/1904-03-26,2,6,5,1
lccn/sn85066387/1905-04-18,2,14,1,13
lccn/sn85066387/1905-04-24,2,8,1,7
lccn/sn85066387/1905-04-25,2,14,0,14
lccn/sn85066387/1905-04-26,2,7,0,7
lccn/sn85066387/1905-04-30,2,5,1,4
lccn/sn82015133/1886-08-07,2,10,3,7
lccn/sn85066387/1905-04-17,2,12,0,12
lccn/sn83030214/1893-02-24,1,2,4,-2
lccn/sn83030214/1888-08-05,2,5,0,5
lccn/sn83030214/1888-06-03,1,8,13,-5
lccn/sn83045433/1908-04-11,2,5,4,1
lccn/sn83045433/1907-11-15,1,4,8,-4
lccn/sn83045433/1907-12-10,1,2,5,-3
lccn/sn83045433/1908-07-17,1,2,3,-1
lccn/sn85066387/1905-03-28,2,12,1,11
lccn/sn85066387/1905-03-29,2,6,0,6
lccn/sn85066387/1905-04-02,2,14,0,14
lccn/sn85066387/1905-04-04,2,10,0,10
lccn/sn85066387/1905-04-05,2,4,0,4
lccn/sn85066387/1905-04-11,2,3,0,3
lccn/sn85066387/1905-04-12,2,4,0,4
lccn/sn85066387/1905-04-16,2,4,0,4
lccn/sn85066387/1905-03-19,2,8,0,8
lccn/sn85032938/1900-10-24,1,0,0,0
lccn/sn85066387/1905-03-26,2,10,0,10
lccn/sn82015133/1884-03-15,2,5,3,2
lccn/sn83030272/1887-09-14,2,9,8,1
lccn/sn84026753/1871-12-07,1,3,6,-3
lccn/sn84031492/1874-11-10,1,0,0,0
lccn/sn88053055/1892-09-27,1,3,6,-3
lccn/sn88053055/1892-11-22,1,0,0,0
lccn/sn83030313/1873-11-13,2,5,2,3
lccn/sn83030313/1869-10-17,2,12,0,12
lccn/sn83030313/1869-10-18,1,0,0,0
lccn/sn86063624/1896-06-01,2,20,13,7
lccn/sn83045366/1902-01-04,2,16,5,11
lccn/sn83045366/1902-01-11,2,13,0,13
lccn/sn83045366/1902-01-18,2,13,1,12
lccn/sn83045462/1912-02-16,2,19,2,17
lccn/sn83045462/1912-02-17,2,12,2,10
lccn/sn83045462/1912-02-19,2,13,3,10
lccn/sn83045462/1912-02-03,2,8,2,6
lccn/sn83045462/1912-02-20,2,8,3,5
lccn/sn83045462/1911-07-21,2,4,3,1
lccn/sn83045462/1911-07-24,2,12,1,11
lccn/sn83045462/1911-07-29,2,8,1,7
lccn/sn83045462/1911-07-14,2,8,2,6
lccn/sn86063615/1897-12-29,2,17,6,11
lccn/sn83045366/1904-08-27,2,12,4,8
lccn/sn83045366/1904-09-10,2,15,1,14
lccn/sn83045366/1904-09-10,2,17,2,15
lccn/sn83045366/1904-09-14,2,22,1,21
lccn/sn83045433/1910-10-04,1,2,5,-3
lccn/sn99021999/1898-06-08,2,5,4,1
lccn/sn85066387/1904-06-11,2,1,0,1
lccn/sn85066387/1908-07-10,2,8,3,5
lccn/sn85066387/1908-07-12,2,3,0,3
lccn/sn85066387/1908-07-05,2,9,0,9
lccn/sn85066387/1908-07-06,2,7,2,5
lccn/sn85066387/1908-07-07,1,0,0,0
lccn/sn85066387/1908-07-08,1,0,0,0
lccn/sn85066387/1908-07-09,1,0,0,0
lccn/sn85066387/1908-07-11,2,8,1,7
lccn/sn83045462/1921-02-28,2,17,0,17
lccn/sn83045462/1921-03-01,2,12,0,12
lccn/sn83045462/1921-08-29,2,16,3,13
lccn/sn83045462/1921-06-17,2,3,2,1
lccn/sn83045462/1921-09-17,1,6,6,0
lccn/sn83045462/1866-09-11,2,5,4,1
lccn/sn83045462/1862-07-18,1,3,3,0
lccn/sn83045462/1862-09-02,1,0,0,0
lccn/sn83045462/1870-01-06,2,3,0,3
lccn/sn83045462/1870-02-16,1,1,1,0
lccn/sn83032058/1872-10-11,2,22,10,12
lccn/sn83032300/1889-07-03,2,2,1,1
lccn/sn86064205/1884-08-09,2,17,8,9
lccn/sn88084272/1920-07-31,2,18,2,16
lccn/sn88084272/1920-08-09,2,11,2,9
lccn/sn86053572/1872-04-13,2,12,6,6
lccn/sn83045462/1919-02-22,2,8,2,6
lccn/sn83045462/1922-12-16,2,7,1,6
lccn/sn83045462/1922-10-24,2,5,2,3
lccn/sn84026749/1906-11-23,2,14,12,2
lccn/sn86053571/1866-10-10,1,11,11,0
lccn/sn83030213/1857-12-07,2,6,1,5
lccn/sn83030213/1852-03-27,1,3,8,-5
lccn/sn82014434/1850-09-10,2,9,5,4
lccn/sn84026749/1906-09-24,1,5,5,0
lccn/sn84026749/1906-10-07,2,7,1,6
lccn/sn83045462/1917-02-10,2,3,1,2
lccn/sn83045462/1917-02-17,2,11,0,11
lccn/sn83045462/1915-10-03,2,14,3,11
lccn/sn83045462/1917-01-27,2,7,2,5
lccn/sn83045462/1917-01-31,2,4,0,4
lccn/sn83045462/1916-02-13,2,7,5,2
lccn/sn83045462/1917-02-25,2,5,0,5
lccn/sn83045462/1915-06-12,2,19,2,17
lccn/sn83045462/1918-07-02,2,6,2,4
lccn/sn83045462/1918-07-04,2,5,2,3
lccn/sn83045462/1917-03-31,2,4,3,1
lccn/sn83045462/1917-01-24,2,5,2,3
lccn/sn83045462/1917-03-23,2,13,1,12
lccn/sn83045462/1917-03-01,2,4,1,3
lccn/sn83045462/1917-03-03,2,8,0,8
lccn/sn83045462/1917-03-20,2,4,0,4
lccn/sn83045462/1917-02-27,1,1,1,0
lccn/sn83045462/1917-02-28,2,4,2,2
lccn/sn83045462/1917-03-07,1,0,2,-2
lccn/sn83045462/1918-09-22,2,9,5,4
lccn/sn83045462/1920-06-09,2,6,1,5
lccn/sn83045462/1920-06-10,2,6,2,4
lccn/sn83045462/1920-09-12,1,0,0,0
lccn/sn83045462/1917-01-11,1,1,2,-1
lccn/sn83045462/1917-01-16,2,11,3,8
lccn/sn83045462/1917-01-18,2,23,15,8
lccn/sn83045462/1917-02-24,2,15,0,15
lccn/sn84026409/1892-03-09,2,7,2,5
lccn/sn84026409/1892-10-05,1,2,3,-1
lccn/sn84026409/1895-10-30,1,5,6,-1
lccn/sn84026409/1895-12-04,1,7,8,-1
lccn/sn84026409/1895-12-18,2,9,7,2
lccn/sn82015387/1910-04-30,2,9,6,3
lccn/sn83045366/1901-04-13,2,20,1,19
lccn/sn83045462/1887-02-23,1,0,0,0
lccn/sn83045462/1889-09-28,2,2,1,1
lccn/sn83045462/1889-06-14,2,13,6,7
lccn/sn83045462/1904-02-02,1,5,10,-5
lccn/sn83045462/1904-02-03,2,11,8,3
lccn/sn84024738/1859-08-19,1,7,14,-7
lccn/sn84024738/1859-08-23,2,5,3,2
lccn/sn83030214/1920-09-13,1,1,1,0
lccn/sn83030214/1902-12-25,2,3,0,3
lccn/sn83030214/1902-10-01,2,4,3,1
lccn/sn83030214/1902-10-21,1,0,3,-3
lccn/sn83030214/1902-10-27,1,6,7,-1
lccn/sn83030214/1902-12-30,2,9,2,7
lccn/sn83045462/1919-10-28,2,11,2,9
lccn/sn83045462/1919-10-29,2,14,2,12
lccn/sn94052989/1890-07-19,1,6,7,-1
lccn/sn94052989/1891-07-22,1,0,0,0
lccn/sn99021999/1914-12-12,2,13,3,10
lccn/sn99021999/1914-12-16,2,6,4,2
lccn/sn99021999/1914-12-18,2,9,2,7
lccn/sn99021999/1915-01-16,2,9,2,7
lccn/sn99021999/1914-12-21,2,6,1,5
lccn/sn99021999/1914-12-22,2,11,1,10
lccn/sn82014381/1883-05-14,1,2,2,0
lccn/sn94052989/1890-07-18,1,3,18,-15
lccn/sn84024718/1885-11-25,2,21,5,16
lccn/sn84024718/1888-04-18,2,8,5,3
lccn/sn85066387/1895-05-04,2,11,10,1
lccn/sn83045774/1921-04-25,2,10,9,1
lccn/sn83045774/1921-05-07,1,7,9,-2
lccn/sn85066387/1905-06-09,2,9,0,9
lccn/sn85066387/1905-06-12,2,5,0,5
lccn/sn85066387/1905-06-15,2,10,1,9
lccn/sn85066387/1905-06-04,2,13,0,13
lccn/sn85066387/1905-06-07,2,10,0,10
lccn/sn85066387/1905-06-08,1,0,0,0
lccn/sn93067760/1891-08-18,1,0,0,0
lccn/sn83030313/1874-02-07,2,11,7,4
lccn/sn83030313/1865-04-04,1,0,0,0
lccn/sn83030313/1875-01-14,2,7,5,2
lccn/sn83030313/1869-06-17,2,11,6,5
lccn/sn86063624/1895-07-06,1,1,5,-4
lccn/sn83045366/1905-06-24,2,17,4,13
lccn/sn83045366/1905-09-09,1,6,6,0
lccn/sn86063615/1897-02-14,2,12,5,7
lccn/sn83025287/1882-07-23,1,5,9,-4
lccn/sn84023255/1874-07-31,2,5,3,2
lccn/sn84031492/1877-07-04,1,2,2,0
lccn/sn85042345/1922-02-28,2,13,4,9
lccn/sn84031492/1876-04-23,2,17,11,6
lccn/sn84031492/1876-09-13,2,11,5,6
lccn/sn84031492/1876-09-10,1,0,0,0
lccn/sn83032041/1885-11-13,1,5,10,-5
lccn/sn83032041/1885-12-18,1,9,10,-1
lccn/sn83032041/1876-11-17,1,11,14,-3
lccn/sn83030214/1905-01-17,1,2,2,0
lccn/sn85066387/1901-07-28,1,2,5,-3
lccn/sn85033699/1871-08-06,2,12,4,8
lccn/sn85033699/1870-11-22,2,8,3,5
lccn/sn85033699/1869-12-22,2,4,3,1
lccn/sn85033699/1873-08-17,2,8,3,5
lccn/sn85033699/1872-12-06,2,7,6,1
lccn/sn83045462/1909-07-17,1,0,0,0
lccn/sn83045462/1913-11-30,2,7,2,5
lccn/sn83045462/1913-12-01,2,8,1,7
lccn/sn83045462/1913-12-02,2,7,1,6
lccn/sn99021999/1917-01-08,1,0,0,0
lccn/sn99021999/1917-01-13,2,14,5,9
lccn/sn99021999/1917-01-15,2,14,7,7
lccn/sn85066387/1905-07-18,2,10,1,9
lccn/sn94052989/1891-05-22,2,15,10,5
lccn/sn83045462/1912-11-10,2,6,1,5
lccn/sn82014381/1882-10-07,2,10,3,7
lccn/sn83030272/1880-11-19,1,6,6,0
lccn/sn84024738/1870-06-17,1,8,8,0
lccn/sn84024738/1870-06-24,2,21,8,13
lccn/sn85066387/1912-04-14,2,20,1,19
lccn/sn85066387/1912-04-07,1,0,0,0
lccn/sn85030221/1881-09-29,2,6,3,3
lccn/sn82016419/1873-03-28,2,4,3,1
lccn/sn82016419/1872-06-21,2,11,5,6
lccn/sn82016419/1873-05-30,2,6,4,2
lccn/sn82016419/1873-06-27,1,1,2,-1
lccn/sn82016419/1874-02-06,1,3,3,0
lccn/sn87055779/1916-01-26,2,8,2,6
lccn/sn99021999/1920-09-10,1,3,5,-2
lccn/sn85030221/1883-02-22,2,8,4,4
lccn/sn85030221/1883-05-03,2,10,9,1
lccn/sn85030221/1884-01-03,2,6,3,3
lccn/sn83030313/1873-10-19,2,9,3,6
lccn/sn83030313/1873-10-21,1,0,0,0
lccn/sn83030313/1873-10-17,2,11,3,8
lccn/sn83030313/1873-10-18,2,9,1,8
lccn/sn99021999/1896-04-26,1,5,8,-3
lccn/sn99021999/1896-03-23,2,10,3,7
lccn/sn99021999/1897-05-17,1,2,9,-7
lccn/sn82014635/1891-06-07,2,4,2,2
lccn/sn82014635/1891-05-31,2,4,0,4
lccn/sn85026050/1863-03-20,1,4,4,0
lccn/sn85052141/1873-07-26,2,23,13,10
lccn/sn84024738/1874-02-23,2,7,5,2
lccn/sn84024738/1876-06-15,2,9,7,2
lccn/sn84024738/1876-01-01,1,0,0,0
lccn/sn84024738/1875-02-08,1,0,0,0
lccn/sn86092536/1916-11-18,2,4,1,3
lccn/sn84023246/1868-02-14,2,5,3,2
lccn/sn87076843/1887-05-06,2,11,3,8
lccn/sn84022473/1874-11-21,2,4,3,1
lccn/sn84028645/1861-01-11,2,8,2,6
lccn/sn87062253/1873-09-11,1,7,7,0
lccn/sn85066387/1908-05-19,2,3,2,1
lccn/sn85066387/1908-12-06,2,5,3,2
lccn/sn85066387/1908-05-14,2,3,2,1
lccn/sn86071045/1899-03-09,1,0,0,0
lccn/sn86071045/1903-01-22,2,6,1,5
lccn/sn83045433/1910-03-16,2,3,1,2
lccn/sn83045433/1910-06-08,1,7,8,-1
lccn/sn83030214/1905-10-12,2,10,2,8
lccn/sn83045433/1910-09-15,1,1,7,-6
lccn/sn83045433/1910-02-13,2,4,2,2
lccn/sn83045366/1901-05-01,2,15,1,14
lccn/sn88068010/1879-02-15,1,4,11,-7
lccn/sn83045462/1903-06-13,2,11,4,7
lccn/sn83045462/1904-10-08,2,12,2,10
lccn/sn83045366/1901-07-13,2,8,1,7
lccn/sn83045366/1901-07-16,2,12,2,10
lccn/sn83045366/1901-07-27,2,7,2,5
lccn/sn83045366/1901-08-24,2,10,0,10
lccn/sn83045366/1901-08-31,2,17,2,15
lccn/sn83045366/1901-09-02,2,12,2,10
lccn/sn83045366/1901-09-05,2,25,5,20
lccn/sn83045366/1901-09-06,2,10,3,7
lccn/sn83045366/1901-09-07,2,15,4,11
lccn/sn83045366/1901-09-10,2,13,2,11
lccn/sn83045366/1901-09-19,2,9,0,9
lccn/sn83045366/1901-09-21,2,12,0,12
lccn/sn83045366/1901-09-28,2,6,2,4
lccn/sn83045366/1901-07-10,1,3,3,0
lccn/sn90059522/1888-06-08,2,5,2,3
lccn/sn83045366/1901-12-17,2,16,2,14
lccn/sn83045366/1901-12-19,2,19,2,17
lccn/sn83045366/1901-12-21,2,15,1,14
lccn/sn83045366/1901-12-24,2,19,0,19
lccn/sn83045366/1901-12-28,2,3,2,1
lccn/sn84026749/1908-04-19,2,16,3,13
lccn/sn83045389/1917-10-28,2,2,1,1
lccn/sn83045389/1917-09-09,2,20,1,19
lccn/sn83045389/1916-05-28,2,5,0,5
lccn/sn82015753/1866-05-18,2,4,2,2
lccn/sn85058130/1894-12-05,2,24,7,17
lccn/sn85042682/1886-03-07,1,7,9,-2
lccn/sn82014424/1883-06-16,1,1,4,-3
lccn/sn83032231/1883-05-19,2,9,5,4
lccn/sn83045462/1897-08-30,2,11,1,10
lccn/sn83045462/1897-09-07,2,12,2,10
lccn/sn83045462/1917-10-24,2,5,1,4
lccn/sn83045462/1918-10-27,2,14,1,13
lccn/sn83045462/1918-10-25,2,9,1,8
lccn/sn85058130/1902-07-19,2,12,4,8
lccn/sn85058130/1903-06-04,1,2,3,-1
lccn/sn83045462/1917-11-05,2,16,0,16
lccn/sn83045462/1917-11-04,1,0,0,0
lccn/sn85058130/1903-08-22,2,8,1,7
lccn/sn85058130/1903-08-25,1,3,10,-7
lccn/sn85058130/1903-08-26,2,6,0,6
lccn/sn85058130/1903-08-29,1,2,3,-1
lccn/sn85058130/1903-08-19,2,5,3,2
lccn/sn85058130/1903-08-20,2,12,4,8
lccn/sn85058130/1903-08-06,2,8,4,4
lccn/sn85058130/1903-08-07,1,6,8,-2
lccn/sn85058130/1903-08-10,2,9,3,6
lccn/sn85058130/1903-08-14,2,8,6,2
lccn/sn83045462/1918-07-26,2,13,1,12
lccn/sn83045462/1918-02-17,2,5,4,1
lccn/sn83045462/1918-02-13,2,12,0,12
lccn/sn83045462/1918-02-14,2,9,2,7
lccn/sn83045462/1918-02-15,2,20,3,17
lccn/sn83045462/1918-02-16,2,14,5,9
lccn/sn83045462/1918-02-18,2,10,2,8
lccn/sn83045462/1918-02-20,2,5,1,4
lccn/sn83045462/1918-02-20,2,8,2,6
lccn/sn85058130/1902-07-22,1,8,11,-3
lccn/sn85058130/1903-04-23,2,12,7,5
lccn/sn85033964/1873-07-31,2,20,14,6
lccn/sn87076794/1878-07-11,2,10,6,4
lccn/sn87076794/1871-06-22,2,12,3,9
lccn/sn83045366/1903-08-08,2,23,1,22
lccn/sn83045462/1904-03-04,2,12,3,9
lccn/sn83045462/1904-03-05,2,5,0,5
lccn/sn83045366/1903-11-12,2,8,2,6
lccn/sn83045366/1903-10-12,2,17,0,17
lccn/sn83045366/1903-10-13,2,5,0,5
lccn/sn83045366/1903-08-29,2,17,3,14
lccn/sn83045366/1903-08-31,2,17,0,17
lccn/sn83045366/1903-08-28,2,15,2,13
lccn/sn83045366/1904-05-14,2,10,1,9
lccn/sn83045366/1904-06-18,2,24,4,20
lccn/sn83045366/1904-08-20,2,17,0,17
lccn/sn83045366/1902-05-31,2,16,0,16
lccn/sn83045366/1902-05-03,2,14,1,13
lccn/sn83045366/1904-06-04,2,22,2,20
lccn/sn83045366/1902-04-05,2,13,1,12
lccn/sn83045366/1902-04-05,2,18,2,16
lccn/sn83045366/1902-04-08,1,4,16,-12
lccn/sn83045366/1902-03-18,2,24,1,23
lccn/sn83045462/1911-07-18,1,0,0,0
lccn/sn90059649/1907-05-10,1,1,3,-2
lccn/sn83045462/1911-07-10,2,10,1,9
lccn/sn85033386/1873-11-28,2,9,5,4
lccn/sn85038531/1920-12-20,2,9,7,2
lccn/sn84024738/1860-09-21,1,4,4,0
lccn/sn84024738/1880-09-28,2,5,1,4
lccn/sn88061082/1885-04-11,1,0,0,0
lccn/sn83045462/1925-06-21,2,20,1,19
lccn/sn83045462/1925-07-27,2,10,2,8
lccn/sn83045462/1925-07-28,2,12,2,10
lccn/sn83045462/1925-06-19,2,8,2,6
lccn/sn83045462/1925-06-20,2,8,1,7
lccn/sn83045462/1925-09-19,2,12,1,11
lccn/sn83045462/1925-09-20,2,11,0,11
lccn/sn83045462/1925-09-23,2,24,9,15
lccn/sn83045462/1925-09-30,2,11,4,7
lccn/sn83045462/1925-10-02,2,12,4,8
lccn/sn83045462/1925-09-24,2,22,3,19
lccn/sn83045462/1925-06-09,2,8,1,7
lccn/sn83045462/1925-07-25,1,0,0,0
lccn/sn83030272/1911-05-07,2,14,2,12
lccn/sn83045462/1926-12-19,2,20,1,19
lccn/sn83045462/1927-01-31,2,11,1,10
lccn/sn83045462/1927-02-01,2,11,1,10
lccn/sn83045462/1927-04-03,2,11,4,7
lccn/sn84025841/1897-08-21,2,15,9,6
lccn/sn84026853/1881-08-10,2,16,6,10
lccn/sn84028194/1876-06-24,1,0,0,0
lccn/sn85038614/1888-05-27,1,0,0,0
lccn/sn83030272/1891-02-11,1,3,9,-6
lccn/sn84026536/1863-09-10,1,0,0,0
lccn/sn84026536/1865-01-05,1,0,0,0
lccn/sn85038614/1891-06-06,2,7,2,5
lccn/sn83045462/1927-07-03,2,11,3,8
lccn/sn83045462/1927-07-04,2,3,1,2
lccn/sn83045462/1927-07-05,1,0,0,0
lccn/sn83045462/1927-06-15,2,4,0,4
lccn/sn83045462/1927-06-04,2,10,1,9
lccn/sn83045462/1927-09-18,2,5,3,2
lccn/sn83045462/1927-09-19,2,12,0,12
lccn/sn83045462/1927-09-07,2,13,0,13
lccn/sn83045462/1927-09-25,2,10,3,7
lccn/sn83045462/1927-08-24,2,12,1,11
lccn/sn83045462/1927-08-23,2,6,2,4
lccn/sn83045462/1927-07-25,1,1,1,0
lccn/sn83045462/1927-12-03,1,0,0,0
lccn/sn83045462/1927-11-12,2,9,3,6
lccn/sn83045462/1927-11-14,2,17,1,16
lccn/sn83045462/1927-11-08,1,0,0,0
lccn/sn83045462/1927-11-07,2,8,0,8
lccn/sn83030272/1894-10-06,2,11,2,9
lccn/sn83030272/1892-07-24,1,0,0,0
lccn/sn83030272/1892-06-05,1,0,0,0
lccn/sn83030272/1892-06-17,1,0,0,0
lccn/sn86086770/1873-04-10,1,1,3,-2
lccn/sn85033386/1870-08-12,2,5,2,3
lccn/sn83045389/1919-06-29,2,15,3,12
lccn/sn83045389/1919-08-24,2,1,0,1
lccn/sn84038582/1855-01-13,2,9,5,4
lccn/sn88084272/1920-11-26,2,12,2,10
lccn/sn88084272/1918-02-07,2,9,1,8
lccn/sn88084272/1918-02-08,2,7,6,1
lccn/sn86071197/1899-05-19,2,7,4,3
lccn/sn87093407/1922-11-11,1,2,9,-7
lccn/sn87093407/1922-12-18,1,0,0,0
lccn/sn87093407/1911-06-29,1,0,0,0
lccn/sn83030214/1889-03-01,1,1,1,0
lccn/sn83030214/1889-04-05,1,0,3,-3
lccn/sn86053571/1869-02-22,2,7,1,6
lccn/sn84026749/1913-10-05,2,13,4,9
lccn/sn82000205/1887-05-28,2,9,0,9
lccn/sn83030272/1893-07-28,2,13,12,1
lccn/sn84022279/1884-05-29,1,5,9,-4
lccn/sn83045433/1910-04-21,1,2,6,-4
lccn/sn84031492/1878-12-29,2,8,7,1
lccn/sn84031492/1878-02-23,1,5,6,-1
lccn/sn84031492/1878-09-15,1,12,15,-3
lccn/sn83030272/1897-06-03,1,4,10,-6
lccn/sn83045160/1873-07-18,2,9,3,6
lccn/sn83045160/1873-08-05,2,13,5,8
lccn/sn83045160/1873-08-06,2,9,4,5
lccn/sn83045160/1875-06-10,2,18,2,16
lccn/sn83030214/1895-09-21,2,4,2,2
lccn/sn86072143/1874-11-27,2,8,0,8
lccn/sn84023246/1868-02-07,2,15,5,10
lccn/sn98060050/1879-08-29,2,5,1,4
lccn/sn98060050/1884-08-01,1,8,8,0
lccn/sn98060050/1884-11-14,1,8,13,-5
lccn/sn98060050/1880-12-03,1,9,11,-2
lccn/sn86072143/1896-01-30,2,7,5,2
lccn/sn86072143/1900-05-17,1,1,4,-3
lccn/sn86072143/1900-06-28,2,3,0,3
lccn/sn86072143/1898-10-20,2,10,7,3
lccn/sn86072143/1899-09-28,1,3,6,-3
lccn/sn86072143/1902-07-24,1,8,9,-1
lccn/sn86072143/1904-08-11,2,8,6,2
lccn/sn83045462/1878-12-07,2,8,5,3
lccn/sn83045462/1879-04-05,1,3,6,-3
lccn/sn83045462/1879-05-01,2,9,7,2
lccn/sn83045462/1880-12-04,2,8,6,2
lccn/sn83045462/1880-12-15,1,0,3,-3
lccn/sn83045462/1879-06-18,2,8,4,4
lccn/sn83045462/1884-01-12,2,6,3,3
lccn/sn83045462/1884-07-26,2,8,3,5
lccn/sn83045462/1882-06-17,1,0,0,0
lccn/sn83030214/1896-01-19,1,0,0,0
lccn/sn83045462/1883-06-13,2,7,4,3
lccn/sn83045462/1883-06-26,1,16,20,-4
lccn/sn83045462/1882-10-04,2,9,2,7
lccn/sn83045462/1882-11-11,2,9,2,7
lccn/sn83045462/1881-05-20,1,5,7,-2
lccn/sn83045462/1881-07-30,1,1,2,-1
lccn/sn83045462/1881-08-27,1,5,5,0
lccn/sn83030214/1895-02-27,1,0,0,0
lccn/sn85066387/1901-06-20,2,13,3,10
lccn/sn85066387/1901-06-18,2,11,4,7
lccn/sn85066387/1901-06-21,2,5,2,3
lccn/sn85066387/1901-06-24,2,5,1,4
lccn/sn85066387/1901-06-19,2,12,2,10
lccn/sn85066387/1901-06-23,2,6,5,1
lccn/sn83045211/1922-08-10,1,0,0,0
lccn/sn83045433/1906-11-30,1,3,4,-1
lccn/sn85058130/1900-09-16,2,19,15,4
lccn/sn83045462/1920-10-23,2,9,7,2
lccn/sn83045462/1920-08-29,2,12,2,10
lccn/sn83045462/1914-11-04,2,11,0,11
lccn/sn83045211/1922-04-19,2,12,1,11
lccn/sn83045462/1920-10-31,2,10,0,10
lccn/sn83045462/1920-11-20,2,3,1,2
lccn/sn85058130/1901-08-18,2,8,4,4
lccn/sn85058130/1901-08-20,2,5,3,2
lccn/sn85058130/1901-08-25,1,4,7,-3
lccn/sn85058130/1901-07-03,1,1,1,0
lccn/sn83045462/1890-11-20,2,8,4,4
lccn/sn90059522/1885-04-19,2,7,3,4
lccn/sn83045366/1905-12-19,2,14,1,13
lccn/sn83045366/1905-12-20,2,11,0,11
lccn/sn83045366/1906-04-03,2,16,2,14
lccn/sn83045366/1906-04-04,2,17,1,16
lccn/sn83045366/1905-12-21,2,17,2,15
lccn/sn83045366/1905-12-22,2,9,0,9
lccn/sn83045366/1906-01-18,2,24,1,23
lccn/sn83045366/1906-01-20,2,13,5,8
lccn/sn83045366/1906-01-27,2,15,2,13
lccn/sn83045366/1906-05-06,2,11,0,11
lccn/sn83045366/1905-12-23,2,10,1,9
lccn/sn83045366/1905-12-24,2,13,3,10
lccn/sn83045366/1905-12-26,2,17,0,17
lccn/sn83045366/1905-12-27,2,13,3,10
lccn/sn83045366/1905-12-28,2,12,1,11
lccn/sn85058130/1903-01-28,2,6,3,3
lccn/sn85058130/1902-08-02,2,12,2,10
lccn/sn85058130/1902-08-03,2,13,5,8
lccn/sn85058130/1902-08-05,2,9,6,3
lccn/sn85058130/1902-08-08,2,9,1,8
lccn/sn85058130/1902-08-09,2,13,1,12
lccn/sn85058130/1902-08-12,2,9,0,9
lccn/sn85058130/1902-08-14,2,8,6,2
lccn/sn85058130/1902-08-15,2,18,2,16
lccn/sn85058130/1902-08-20,2,12,5,7
lccn/sn85058130/1907-02-02,1,9,17,-8
lccn/sn85058130/1907-05-02,2,16,7,9
lccn/sn85058130/1907-04-20,1,2,9,-7
lccn/sn85058130/1906-12-30,2,13,5,8
lccn/sn85058130/1899-12-05,2,13,9,4
lccn/sn84031492/1875-06-12,2,14,12,2
lccn/sn84031492/1875-07-24,2,10,3,7
lccn/sn84031492/1875-10-01,1,1,3,-2
lccn/sn85058130/1907-08-04,2,11,5,6
lccn/sn86053571/1868-06-26,2,10,9,1
lccn/sn85058130/1906-09-13,2,17,2,15
lccn/sn87093407/1919-09-24,2,8,2,6
lccn/sn87093407/1922-06-27,2,13,2,11
lccn/sn84028385/1873-04-02,2,3,2,1
lccn/sn84028385/1870-09-14,2,4,3,1
lccn/sn84028385/1869-05-12,1,5,9,-4
lccn/sn84026749/1905-09-24,2,8,4,4
lccn/sn84026749/1905-10-07,2,5,3,2
lccn/sn84026749/1905-05-31,2,11,3,8
lccn/sn84026749/1905-06-01,2,6,1,5
lccn/sn84026749/1905-06-04,2,4,2,2
lccn/sn84026749/1905-06-05,2,9,7,2
lccn/sn84026749/1905-06-06,2,11,3,8
lccn/sn86053573/1876-08-04,1,3,3,0
lccn/sn83045555/1899-06-01,1,3,5,-2
lccn/sn84026749/1906-10-30,1,4,16,-12
lccn/sn83045555/1903-02-28,2,14,4,10
lccn/sn82000189/1889-07-01,2,11,3,8
lccn/sn82000189/1889-07-02,2,17,1,16
lccn/sn82000189/1889-07-03,2,10,2,8
lccn/sn85058130/1909-01-24,2,3,2,1
lccn/sn85058130/1909-03-16,1,4,7,-3
lccn/sn86053573/1881-05-21,1,3,3,0
lccn/sn86053573/1881-06-17,2,17,7,10
lccn/sn83045555/1902-01-25,1,4,5,-1
lccn/sn83030214/1902-11-05,1,1,8,-7
lccn/sn83030214/1902-11-06,2,14,6,8
lccn/sn83030214/1902-11-12,1,5,5,0
lccn/sn83030214/1902-11-19,2,12,3,9
lccn/sn83045211/1917-06-08,1,5,6,-1
lccn/sn83045211/1917-09-19,1,5,7,-2
lccn/sn83030214/1902-09-08,2,4,1,3
lccn/sn83045211/1917-09-18,2,25,1,24
lccn/sn83030214/1902-09-30,1,8,9,-1
lccn/sn83045211/1917-06-15,1,2,2,0
lccn/sn83045211/1917-06-22,2,12,1,11
lccn/sn83045211/1917-06-29,2,7,2,5
lccn/sn83045211/1917-07-03,2,3,2,1
lccn/sn83030214/1902-11-25,2,4,3,1
lccn/sn85058130/1909-01-30,2,21,16,5
lccn/sn83045211/1917-08-28,2,12,3,9
lccn/sn83045211/1917-08-30,2,3,2,1
lccn/sn83045211/1917-09-04,2,26,2,24
lccn/sn83045211/1917-09-06,2,7,1,6
lccn/sn83045211/1917-09-11,2,26,6,20
lccn/sn94052989/1892-01-14,1,3,12,-9
lccn/sn94052989/1894-02-15,2,8,3,5
lccn/sn84024546/1890-04-23,1,0,0,0
lccn/sn84024546/1890-09-11,2,8,1,7
lccn/sn83045462/1896-02-05,1,0,6,-6
lccn/sn83045462/1895-09-28,1,7,7,0
lccn/sn85058140/1910-10-01,2,4,1,3
lccn/sn85058140/1910-10-23,2,5,0,5
lccn/sn83045462/1897-06-28,2,3,1,2
lccn/sn83045462/1896-12-19,2,6,0,6
lccn/sn85058130/1909-04-04,2,5,1,4
lccn/sn84026844/1890-06-13,1,1,4,-3
lccn/sn83035143/1862-07-09,2,7,4,3
lccn/sn83035143/1860-10-03,2,19,6,13
lccn/sn84020274/1903-01-13,2,7,1,6
lccn/sn83045366/1906-04-05,2,17,0,17
lccn/sn83045366/1906-06-02,2,26,1,25
lccn/sn84020274/1902-07-30,2,13,2,11
lccn/sn84020274/1902-09-05,2,6,2,4
lccn/sn84020274/1902-09-11,2,18,2,16
lccn/sn84020274/1902-07-24,1,0,0,0
lccn/sn84020274/1902-07-27,2,8,1,7
lccn/sn84020274/1902-08-03,2,17,3,14
lccn/sn84020274/1902-08-05,1,2,2,0
lccn/sn84020274/1902-08-07,2,7,1,6
lccn/sn84020274/1902-08-10,2,9,3,6
lccn/sn84020274/1902-08-12,2,14,2,12
lccn/sn84031492/1880-12-29,1,6,15,-9
lccn/sn83025287/1880-07-15,2,11,2,9
lccn/sn83045366/1905-06-17,2,19,2,17
lccn/sn83045366/1902-09-17,2,16,1,15
lccn/sn83045366/1906-07-22,2,20,2,18
lccn/sn83045366/1906-06-09,2,16,1,15
lccn/sn83045366/1906-05-20,2,14,2,12
lccn/sn83045366/1906-05-29,2,21,1,20
lccn/sn83045366/1906-08-12,2,19,3,16
lccn/sn85058130/1903-09-07,2,5,3,2
lccn/sn85058130/1903-09-09,1,0,6,-6
lccn/sn85058130/1906-01-04,1,3,10,-7
lccn/sn85058130/1906-01-05,1,1,11,-10
lccn/sn85058130/1904-07-10,2,8,3,5
lccn/sn85058130/1904-07-28,1,4,10,-6
lccn/sn85058130/1905-05-18,2,10,4,6
lccn/sn85058130/1906-04-14,1,2,7,-5
lccn/sn83030214/1884-12-20,1,3,7,-4
lccn/sn85058130/1897-07-13,1,4,5,-1
lccn/sn83030313/1879-01-03,1,7,8,-1
lccn/sn83030313/1877-01-03,2,13,3,10
lccn/sn83030313/1876-01-20,2,5,1,4
lccn/sn84026749/1908-02-16,2,8,5,3
lccn/sn83025287/1879-09-02,1,6,7,-1
lccn/sn92053945/1889-11-01,1,5,7,-2
lccn/sn83025287/1879-12-05,2,25,17,8
lccn/sn84026749/1908-12-11,2,12,1,11
lccn/sn83016810/1905-04-29,2,9,0,9
lccn/sn83045462/1922-05-29,2,2,1,1
lccn/sn83045462/1922-01-17,2,10,0,10
lccn/sn83045462/1922-07-23,2,7,1,6
lccn/sn83045462/1922-05-30,1,3,3,0
lccn/sn83045462/1922-05-31,2,4,0,4
lccn/sn85026034/1876-09-01,2,8,4,4
lccn/sn85026034/1876-12-22,1,0,2,-2
lccn/sn85026034/1873-01-10,2,9,8,1
lccn/sn85026034/1872-04-05,2,15,1,14
lccn/sn84026847/1875-08-20,2,5,2,3
lccn/sn84026847/1877-06-22,2,3,2,1
lccn/sn85026241/1886-03-18,2,8,5,3
lccn/sn85026241/1888-05-10,1,1,1,0
lccn/sn85026241/1888-05-31,2,2,0,2
lccn/sn86053573/1882-10-10,2,8,2,6
lccn/sn86053573/1882-10-23,1,1,16,-15
lccn/sn86053573/1883-06-14,2,20,5,15
lccn/sn86053573/1882-09-27,2,6,4,2
lccn/sn83032199/1881-02-02,1,7,8,-1
lccn/sn83045462/1899-11-03,1,0,0,0
lccn/sn83045462/1899-11-04,2,7,2,5
lccn/sn83045462/1899-10-23,2,5,4,1
lccn/sn83045462/1900-01-01,2,12,6,6
lccn/sn83045462/1900-01-05,2,18,8,10
lccn/sn83045462/1900-01-09,2,17,10,7
lccn/sn83045462/1899-12-01,1,7,12,-5
lccn/sn83045462/1899-12-05,1,6,10,-4
lccn/sn83045462/1900-12-24,2,12,1,11
lccn/sn85066387/1913-03-16,1,0,5,-5
lccn/sn83045462/1900-12-31,2,4,2,2
lccn/sn83045462/1901-01-01,2,20,5,15
lccn/sn83045462/1901-01-02,2,17,4,13
lccn/sn83045462/1900-12-20,2,9,1,8
lccn/sn83045462/1900-12-21,2,11,1,10
lccn/sn83045462/1900-11-09,2,7,6,1
lccn/sn84026749/1910-11-14,1,4,6,-2
lccn/sn84026749/1910-11-17,1,9,9,0
lccn/sn85066387/1912-07-14,2,12,0,12
lccn/sn85066387/1912-08-25,2,9,2,7
lccn/sn83045462/1903-06-20,2,9,2,7
lccn/sn83045462/1913-10-19,2,16,1,15
lccn/sn86071719/1884-01-09,2,11,2,9
lccn/sn86072143/1920-03-04,2,3,2,1
lccn/sn98060050/1872-03-08,2,5,2,3
lccn/sn83030214/1898-08-13,1,0,0,0
lccn/sn82015679/1888-09-09,2,7,2,5
lccn/sn82015483/1886-11-11,1,4,5,-1
lccn/sn82015483/1887-09-24,2,11,0,11
lccn/sn84026749/1903-12-23,2,10,8,2
lccn/sn84026749/1904-02-22,2,12,4,8
lccn/sn84026749/1904-01-15,2,13,4,9
lccn/sn84026749/1903-09-17,2,6,0,6
lccn/sn82015378/1848-07-14,2,5,3,2
lccn/sn85058130/1904-03-13,2,9,4,5
lccn/sn85058130/1904-12-17,2,5,2,3
lccn/sn85058130/1904-09-10,2,7,5,2
lccn/sn82000205/1886-10-09,2,12,5,7
lccn/sn85058130/1904-09-07,1,4,6,-2
lccn/sn83016734/1883-01-25,2,6,2,4
lccn/sn85054468/1899-07-02,2,8,4,4
lccn/sn83045433/1920-09-13,1,4,5,-1
lccn/sn85058130/1904-08-21,2,10,5,5
lccn/sn82014296/1870-02-08,2,17,11,6
lccn/sn82014296/1869-02-11,1,9,14,-5
lccn/sn85042461/1895-07-03,2,8,3,5
lccn/sn85042461/1895-07-04,2,15,2,13
lccn/sn85042461/1895-07-05,2,7,1,6
lccn/sn85042461/1895-07-08,2,16,5,11
lccn/sn85042461/1895-07-10,2,4,0,4
lccn/sn85042461/1895-07-12,2,6,2,4
lccn/sn85042461/1895-07-15,2,15,2,13
lccn/sn85042461/1895-07-16,2,12,0,12
lccn/sn85042461/1895-07-17,2,13,1,12
lccn/sn85042461/1895-07-20,2,12,0,12
lccn/sn85042461/1895-07-20,2,9,1,8
lccn/sn85042461/1895-07-21,2,11,0,11
lccn/sn85042461/1895-07-22,2,6,0,6
lccn/sn85042461/1895-07-14,2,22,1,21
lccn/sn85042461/1895-07-23,2,9,0,9
lccn/sn83030272/1904-06-11,2,7,1,6
lccn/sn85038615/1911-04-23,2,7,4,3
lccn/sn85033435/1874-03-28,2,10,4,6
lccn/sn83045462/1920-07-23,2,12,2,10
lccn/sn83045462/1920-08-04,2,13,0,13
lccn/sn83045462/1920-08-05,2,8,3,5
lccn/sn87093407/1919-11-04,1,0,0,0
lccn/sn87093407/1919-05-02,2,5,1,4
lccn/sn87093407/1918-11-30,1,0,0,0
lccn/sn83030272/1906-09-26,1,6,7,-1
lccn/sn85038614/1901-11-22,1,0,1,-1
lccn/sn83045160/1881-02-26,2,5,2,3
lccn/sn87052143/1877-12-22,2,9,4,5
lccn/sn93060416/1895-06-22,2,2,1,1
lccn/sn93060416/1895-07-27,2,19,2,17
lccn/sn93060412/1887-04-16,2,12,2,10
lccn/sn93060412/1887-07-16,2,10,9,1
lccn/sn82015672/1858-02-16,1,8,8,0
lccn/sn85066387/1912-12-08,2,17,0,17
lccn/sn99021999/1920-09-12,2,9,0,9
lccn/sn85066387/1912-12-01,2,2,0,2
lccn/sn84027691/1875-06-17,2,20,6,14
lccn/sn84027691/1876-02-10,2,12,7,5
lccn/sn84027691/1877-12-13,1,6,10,-4
lccn/sn84027691/1878-03-14,2,6,5,1
lccn/sn84027691/1878-03-28,2,4,0,4
lccn/sn99021999/1920-01-27,2,14,4,10
lccn/sn83045462/1923-05-27,2,7,0,7
lccn/sn83045462/1923-07-04,2,19,3,16
lccn/sn83045462/1923-06-23,1,2,2,0
lccn/sn85066387/1913-06-29,2,7,0,7
lccn/sn83045462/1923-09-02,2,7,2,5
lccn/sn84026749/1904-05-08,2,18,8,10
lccn/sn84026749/1907-02-17,2,9,3,6
lccn/sn84026749/1907-02-26,1,4,4,0
lccn/sn90059522/1893-04-23,2,10,1,9
lccn/sn90059522/1889-05-19,2,27,14,13
lccn/sn85038158/1881-03-03,2,8,3,5
lccn/sn85038158/1881-03-17,2,10,5,5
lccn/sn85038158/1878-06-27,2,16,10,6
lccn/sn84026897/1871-08-03,1,5,12,-7
lccn/sn83030272/1885-06-29,1,12,15,-3
lccn/sn83030272/1889-02-08,2,19,8,11
lccn/sn99021999/1908-08-23,2,14,3,11
lccn/sn99021999/1909-11-30,1,3,9,-6
lccn/sn83045462/1907-06-26,2,12,1,11
lccn/sn83045462/1907-04-13,2,6,1,5
lccn/sn83045462/1906-11-29,2,7,1,6
lccn/sn83045462/1906-12-03,2,10,0,10
lccn/sn83045462/1906-12-04,2,7,0,7
lccn/sn83045462/1906-12-01,2,1,0,1
lccn/sn83045462/1906-12-02,1,0,0,0
lccn/sn83045462/1906-12-06,2,6,0,6
lccn/sn83045462/1906-12-09,2,17,1,16
lccn/sn83045462/1906-11-27,2,3,2,1
lccn/sn83045462/1906-11-28,1,0,0,0
lccn/sn83045462/1906-11-16,2,4,0,4
lccn/sn83045462/1906-11-21,1,0,0,0
lccn/sn83045462/1906-11-23,2,8,2,6
lccn/sn83045462/1906-11-19,2,11,0,11
lccn/sn83045462/1906-11-24,2,3,0,3
lccn/sn83045462/1906-11-25,2,5,2,3
lccn/sn83045462/1917-06-12,2,1,0,1
lccn/sn83045462/1908-05-15,1,0,0,0
lccn/sn83045462/1908-05-16,1,0,0,0
lccn/sn83045462/1908-05-17,1,0,0,0
lccn/sn83045462/1917-06-22,2,9,2,7
lccn/sn83045462/1917-06-25,2,3,0,3
lccn/sn83045462/1917-06-26,2,3,0,3
lccn/sn83045462/1917-05-29,2,10,3,7
lccn/sn83045462/1917-05-31,2,7,2,5
lccn/sn83045462/1917-06-02,2,10,3,7
lccn/sn83045462/1917-08-10,1,2,3,-1
lccn/sn2001063133/1892-03-,2,24,18,6
lccn/sn83045462/1902-05-24,1,0,0,0
lccn/sn83045462/1870-03-29,1,4,5,-1
lccn/sn83045462/1870-06-20,2,3,0,3
lccn/sn83045462/1914-09-18,2,13,6,7
lccn/sn83045462/1913-07-05,2,17,3,14
lccn/sn83045462/1913-07-20,2,7,1,6
lccn/sn85066387/1909-10-17,2,9,4,5
lccn/sn85025431/1883-09-19,1,3,3,0
lccn/sn85025431/1883-09-26,2,6,5,1
lccn/sn85025431/1883-10-03,2,7,1,6
lccn/sn85025431/1884-01-23,2,18,5,13
lccn/sn85025431/1881-03-02,2,19,1,18
lccn/sn83045462/1913-03-30,2,9,3,6
lccn/sn82014381/1890-02-16,2,14,6,8
lccn/sn95026908/1915-03-11,2,25,11,14
lccn/sn95026908/1906-01-26,1,2,4,-2
lccn/sn85042461/1895-05-22,2,4,2,2
lccn/sn85042461/1895-05-26,2,8,4,4
lccn/sn85042461/1894-07-17,2,12,7,5
lccn/sn85042461/1895-06-16,2,23,4,19
lccn/sn85042461/1895-05-24,2,6,3,3
lccn/sn85042461/1895-05-27,2,11,3,8
lccn/sn85042461/1895-05-30,2,23,2,21
lccn/sn85042461/1893-12-12,1,1,2,-1
lccn/sn85042461/1893-12-14,1,6,6,0
lccn/sn85042461/1893-12-15,2,3,2,1
lccn/sn85042461/1893-12-17,2,3,1,2
lccn/sn85042461/1893-12-19,1,4,4,0
lccn/sn85042461/1893-12-22,2,8,2,6
lccn/sn85042461/1893-12-27,1,6,9,-3
lccn/sn85042461/1893-12-06,2,8,2,6
lccn/sn85042461/1893-12-16,2,3,2,1
lccn/sn85042461/1893-12-18,2,3,1,2
lccn/sn85042461/1893-12-25,1,3,3,0
lccn/sn85042461/1893-12-09,1,2,2,0
lccn/sn85042461/1893-12-11,2,2,0,2
lccn/sn85042461/1893-12-13,1,1,1,0
lccn/sn85042461/1893-12-23,2,7,2,5
lccn/sn85042461/1893-12-26,2,7,2,5
lccn/sn85042461/1894-06-10,2,7,2,5
lccn/sn85042461/1894-08-14,1,0,0,0
lccn/sn85042461/1894-08-17,2,9,1,8
lccn/sn85042461/1894-08-18,2,11,2,9
lccn/sn85042461/1894-08-13,2,13,3,10
lccn/sn85042461/1894-08-15,2,10,2,8
lccn/sn85042461/1894-08-16,2,13,1,12
lccn/sn85042461/1894-08-10,2,17,6,11
lccn/sn85042461/1894-07-18,2,6,1,5
lccn/sn85042461/1894-06-17,2,9,3,6
lccn/sn85042461/1894-06-24,2,10,1,9
lccn/sn85042461/1894-07-09,2,9,2,7
lccn/sn85042461/1894-06-22,2,8,1,7
lccn/sn85042461/1894-06-23,2,7,3,4
lccn/sn85042461/1894-06-26,2,14,2,12
lccn/sn85042461/1894-06-28,2,14,3,11
lccn/sn85042461/1894-07-02,2,16,2,14
lccn/sn85042461/1894-07-05,2,8,0,8
lccn/sn85042461/1894-07-06,2,13,4,9
lccn/sn85042461/1894-07-08,2,8,0,8
lccn/sn85042461/1894-07-12,2,13,2,11
lccn/sn85042461/1894-07-14,2,11,3,8
lccn/sn85042461/1894-07-15,2,2,1,1
lccn/sn85042461/1894-07-01,2,7,2,5
lccn/sn85042461/1894-07-07,2,13,4,9
lccn/sn85042461/1894-07-11,2,7,1,6
lccn/sn85042461/1894-07-16,2,14,0,14
lccn/sn85042461/1894-07-21,2,15,2,13
lccn/sn85042461/1894-07-27,2,2,0,2
lccn/sn85042461/1894-07-31,2,15,2,13
lccn/sn85042461/1894-08-08,2,14,3,11
lccn/sn85042461/1894-08-09,2,16,6,10
lccn/sn85042461/1894-07-20,2,5,0,5
lccn/sn85042461/1894-07-22,2,3,0,3
lccn/sn85042461/1894-07-26,2,15,2,13
lccn/sn85042461/1894-07-30,2,15,0,15
lccn/sn85042461/1894-08-02,2,18,3,15
lccn/sn85042461/1894-08-03,2,14,2,12
lccn/sn85042461/1894-08-06,2,18,5,13
lccn/sn85042461/1894-08-07,2,20,4,16
lccn/sn85042461/1894-07-19,2,14,5,9
lccn/sn85042461/1894-07-23,2,15,3,12
lccn/sn85042461/1894-07-24,2,19,1,18
lccn/sn85042461/1894-07-25,2,12,1,11
lccn/sn85042461/1894-07-29,2,7,2,5
lccn/sn85042461/1894-08-01,1,1,1,0
lccn/sn85042461/1894-08-04,2,4,0,4
lccn/sn85042461/1894-08-05,2,8,3,5
lccn/sn85042461/1895-05-17,2,9,2,7
lccn/sn85042461/1895-05-25,2,5,2,3
lccn/sn85042461/1895-05-29,2,6,2,4
lccn/sn85042461/1895-06-05,2,6,2,4
lccn/sn83030313/1871-01-15,2,16,12,4
lccn/sn90059522/1893-07-11,2,10,8,2
lccn/sn83045462/1908-03-01,2,10,1,9
lccn/sn83045462/1912-12-01,2,10,1,9
lccn/sn83045462/1912-10-12,1,5,16,-11
lccn/sn83045462/1912-10-20,2,8,2,6
lccn/sn83045462/1912-10-26,2,14,3,11
lccn/sn83045462/1908-04-24,1,0,0,0
lccn/sn83045462/1908-04-25,2,13,2,11
lccn/sn83045462/1908-04-26,2,14,0,14
lccn/sn83045462/1908-04-27,2,13,0,13
lccn/sn83045462/1908-04-29,1,0,0,0
lccn/sn83045462/1908-05-09,1,0,0,0
lccn/sn83045462/1908-05-07,2,15,1,14
lccn/sn83045462/1908-04-12,2,23,3,20
lccn/sn83045462/1913-01-19,2,16,10,6
lccn/sn83045462/1913-01-18,2,12,0,12
lccn/sn83045462/1893-08-05,1,0,0,0
lccn/sn83045462/1893-09-12,2,3,2,1
lccn/sn83045462/1893-12-19,2,32,15,17
lccn/sn87055779/1915-08-30,1,0,0,0
lccn/sn90059522/1888-10-02,2,8,3,5
lccn/sn90059522/1888-10-03,2,17,1,16
lccn/sn90059522/1888-10-07,2,12,0,12
lccn/sn84026749/1904-05-26,2,6,1,5
lccn/sn84026749/1904-06-12,1,3,3,0
lccn/sn83045462/1893-04-24,1,8,12,-4
lccn/sn83040340/1882-12-01,2,7,6,1
lccn/sn86058242/1921-03-31,2,8,7,1
lccn/sn83045774/1922-09-28,2,18,2,16
lccn/sn83030313/1877-10-02,1,0,0,0
lccn/sn83030272/1896-12-13,2,15,2,13
lccn/sn83030431/1919-01-30,1,4,6,-2
lccn/sn83030272/1897-03-29,2,9,2,7
lccn/sn82015418/1879-06-21,2,20,4,16
lccn/sn88053055/1897-07-28,1,5,5,0
lccn/sn88053046/1892-05-12,2,6,2,4
lccn/sn88053046/1893-02-23,1,2,3,-1
lccn/sn82006863/1858-12-11,1,6,6,0
lccn/sn88053046/1887-01-20,2,16,5,11
lccn/sn94052989/1890-10-31,1,0,8,-8
lccn/sn94052989/1891-04-11,1,0,0,0
lccn/sn83030272/1889-11-01,2,5,4,1
lccn/sn85038518/1857-03-05,2,13,7,6
lccn/sn83030272/1886-05-21,2,13,6,7
lccn/sn83030272/1886-04-25,1,4,5,-1
lccn/sn85066387/1905-07-20,1,0,0,0
lccn/sn85066387/1905-07-21,1,0,0,0
lccn/sn85066387/1905-07-22,2,17,2,15
lccn/sn85066387/1905-07-24,2,8,1,7
lccn/sn85066387/1905-07-25,2,6,2,4
lccn/sn85066387/1905-07-27,2,4,0,4
lccn/sn85066387/1905-07-30,2,12,1,11
lccn/sn85066387/1905-07-31,2,1,0,1
lccn/sn85066387/1905-07-02,2,15,2,13
lccn/sn85066387/1905-07-03,2,12,0,12
lccn/sn85066387/1905-07-04,2,16,4,12
lccn/sn85066387/1905-07-05,2,9,2,7
lccn/sn85066387/1905-07-07,2,7,2,5
lccn/sn85066387/1905-07-09,2,7,1,6
lccn/sn85066387/1905-07-11,1,1,2,-1
lccn/sn85066387/1905-07-12,2,6,2,4
lccn/sn85066387/1905-07-13,2,2,1,1
lccn/sn85066387/1905-07-15,2,5,0,5
lccn/sn99021999/1918-12-18,2,13,10,3
lccn/sn85042345/1920-09-15,2,15,0,15
lccn/sn85042345/1921-02-10,2,8,2,6
lccn/sn85042345/1921-02-12,1,2,2,0
lccn/sn83030214/1899-04-07,2,1,0,1
lccn/sn84026749/1918-07-06,2,2,1,1
lccn/sn85042461/1894-06-14,2,12,3,9
lccn/sn85042461/1894-06-11,2,9,0,9
lccn/sn85042461/1894-06-16,2,16,0,16
lccn/sn85042461/1894-06-13,2,16,4,12
lccn/sn85042461/1894-06-15,2,16,1,15
lccn/sn83030214/1893-09-30,1,0,2,-2
lccn/sn83045462/1873-05-06,1,3,4,-1
lccn/sn83045462/1872-10-12,1,2,7,-5
lccn/sn83045462/1874-05-12,2,9,8,1
lccn/sn83045462/1885-11-04,2,8,4,4
lccn/sn83045462/1873-12-20,2,3,1,2
lccn/sn83016107/1916-02-18,1,1,3,-2
lccn/sn83016107/1907-08-02,2,6,2,4
lccn/sn83016107/1880-09-10,2,19,10,9
lccn/sn83016107/1895-09-06,2,11,5,6
lccn/sn83016107/1887-03-11,2,11,5,6
lccn/sn83016107/1894-08-10,1,5,5,0
lccn/sn83016107/1894-08-31,2,7,1,6
lccn/sn83016107/1894-09-21,2,23,9,14
lccn/sn83030272/1905-10-07,1,4,7,-3
lccn/sn83030272/1905-10-11,2,11,4,7
lccn/sn83030272/1905-10-14,1,4,4,0
lccn/sn83030272/1906-01-07,2,4,3,1
lccn/sn83030272/1905-10-23,1,8,8,0
lccn/sn83045389/1922-10-26,1,0,0,0
lccn/sn83045389/1922-12-03,2,7,1,6
lccn/sn83045389/1919-11-02,2,5,1,4
lccn/sn84031081/1907-04-13,1,0,0,0
lccn/sn83016926/1873-07-31,2,16,4,12
lccn/sn83016926/1873-08-21,2,8,1,7
lccn/sn83016926/1873-08-28,2,12,4,8
lccn/sn86092536/1922-05-26,1,1,5,-4
lccn/sn86092536/1922-05-06,2,8,1,7
lccn/sn86092536/1922-09-08,2,8,3,5
lccn/sn83045462/1905-07-15,2,13,1,12
lccn/sn83045462/1905-07-29,2,9,2,7
lccn/sn83045462/1905-07-26,2,11,2,9
lccn/sn83045462/1905-07-27,2,3,1,2
lccn/sn83045462/1905-07-24,2,12,4,8
lccn/sn83045462/1905-09-09,2,9,3,6
lccn/sn83045462/1905-09-13,2,6,2,4
lccn/sn83045462/1905-09-11,2,21,3,18
lccn/sn83045462/1905-09-12,2,4,1,3
lccn/sn83045462/1905-09-06,2,6,2,4
lccn/sn83045462/1905-06-21,1,0,0,0
lccn/sn83045462/1905-06-22,2,8,0,8
lccn/sn83045462/1905-07-05,2,12,0,12
lccn/sn83045462/1905-07-06,2,13,1,12
lccn/sn83045462/1905-07-13,2,18,1,17
lccn/sn83045462/1905-07-10,1,0,0,0
lccn/sn83045462/1905-07-11,2,16,1,15
lccn/sn83045462/1905-07-03,1,0,0,0
lccn/sn83045462/1905-07-12,2,15,1,14
lccn/sn83045462/1905-08-29,2,6,1,5
lccn/sn83045462/1905-08-28,2,5,0,5
lccn/sn83045462/1905-08-11,2,11,1,10
lccn/sn83045462/1905-08-14,2,18,4,14
lccn/sn83045462/1905-08-09,2,8,4,4
lccn/sn83045462/1905-08-17,2,14,4,10
lccn/sn83045462/1905-08-22,2,12,0,12
lccn/sn83045462/1905-08-23,2,12,2,10
lccn/sn83045462/1905-08-24,2,16,0,16
lccn/sn83045462/1905-08-10,2,9,3,6
lccn/sn83045462/1905-08-18,2,9,0,9
lccn/sn83045462/1905-08-25,2,13,1,12
lccn/sn83045462/1905-08-05,2,8,1,7
lccn/sn83045462/1905-07-31,2,9,4,5
lccn/sn83045462/1905-08-03,1,0,0,0
lccn/sn83045462/1905-08-04,2,6,1,5
lccn/sn83045462/1905-08-07,2,13,2,11
lccn/sn83045462/1905-07-17,2,14,4,10
lccn/sn83045462/1905-07-18,2,22,0,22
lccn/sn83045462/1905-07-21,2,2,1,1
lccn/sn83045462/1926-06-30,1,0,0,0
lccn/sn83045462/1926-07-24,1,0,0,0
lccn/sn83045462/1926-07-20,1,0,0,0
lccn/sn83045462/1926-06-21,2,16,2,14
lccn/sn83045462/1926-08-16,2,3,0,3
lccn/sn83045462/1926-07-30,1,0,0,0
lccn/sn83045462/1926-08-02,1,0,0,0
lccn/sn83045462/1905-06-26,2,8,1,7
lccn/sn83045462/1905-06-27,2,9,0,9
lccn/sn83045462/1905-06-03,2,15,2,13
lccn/sn83045462/1905-06-09,2,9,2,7
lccn/sn83045462/1905-06-12,2,10,3,7
lccn/sn83045462/1905-06-01,2,11,1,10
lccn/sn83045462/1905-06-02,2,7,0,7
lccn/sn83045462/1905-07-01,1,0,0,0
lccn/sn83045462/1926-06-20,2,15,0,15
lccn/sn83045462/1928-06-24,2,10,4,6
lccn/sn83045462/1926-07-29,1,0,0,0
lccn/sn83045462/1928-09-28,2,8,2,6
lccn/sn83045462/1926-12-10,2,11,2,9
lccn/sn83045462/1926-12-15,2,12,2,10
lccn/sn83045462/1926-10-02,1,0,0,0
lccn/sn83045462/1926-10-02,2,7,0,7
lccn/sn83045462/1925-12-12,1,5,9,-4
lccn/sn83045462/1926-09-21,2,15,4,11
lccn/sn83045462/1926-09-20,1,0,0,0
lccn/sn83045462/1926-12-18,2,15,0,15
lccn/sn83045462/1926-01-30,2,7,4,3
lccn/sn83045462/1926-04-01,1,0,0,0
lccn/sn83045462/1926-04-06,1,0,0,0
lccn/sn83045462/1926-01-07,2,11,0,11
lccn/sn83045462/1926-01-05,2,15,3,12
lccn/sn83045462/1926-04-08,1,0,0,0
lccn/sn83045462/1926-05-12,2,13,0,13
lccn/sn83045462/1926-05-11,2,17,0,17
lccn/sn83045462/1926-05-10,1,0,0,0
lccn/sn82015133/1892-07-23,2,6,2,4
lccn/sn83045462/1926-05-28,2,10,4,6
lccn/sn83045462/1926-05-14,2,11,0,11
lccn/sn82015679/1902-01-21,2,8,0,8
lccn/sn82014306/1862-10-27,2,14,1,13
lccn/sn82015679/1903-11-13,1,0,2,-2
lccn/sn82015679/1903-06-24,2,5,2,3
lccn/sn84031492/1881-10-30,1,0,0,0
lccn/sn84031492/1881-10-16,2,9,2,7
lccn/sn84031492/1881-10-23,1,0,0,0
lccn/sn84031492/1881-09-18,1,3,3,0
lccn/sn84031492/1881-08-28,2,2,1,1
lccn/sn84031492/1879-08-16,2,5,3,2
lccn/sn84031492/1881-08-09,2,8,2,6
lccn/sn84031492/1881-08-21,2,10,5,5
lccn/sn84031492/1879-08-21,2,9,6,3
lccn/sn84031492/1879-07-29,1,3,3,0
lccn/sn83045462/1928-08-02,2,8,1,7
lccn/sn83045462/1928-07-31,1,0,0,0
lccn/sn83045462/1928-07-30,2,9,0,9
lccn/sn85025759/1875-10-28,2,6,4,2
lccn/sn83045160/1871-07-02,1,4,4,0
lccn/sn87093407/1922-04-28,1,0,0,0
lccn/sn83045160/1871-09-26,1,4,10,-6
lccn/sn87093407/1922-02-07,2,8,2,6
lccn/sn84026925/1918-12-10,2,8,1,7
lccn/sn85033306/1885-03-26,2,7,2,5
lccn/sn84026965/1881-03-24,2,10,5,5
lccn/sn83045160/1882-08-15,2,13,7,6
lccn/sn83045160/1882-01-10,2,15,11,4
lccn/sn83045462/1932-09-17,2,8,7,1
lccn/sn83045462/1934-05-11,1,0,0,0
lccn/sn83045462/1934-05-10,1,0,0,0
lccn/sn83045462/1934-04-12,1,0,0,0
lccn/sn83045462/1934-05-04,2,9,2,7
lccn/sn83045462/1932-09-09,2,6,0,6
lccn/sn83045462/1932-08-30,2,12,3,9
lccn/sn83045462/1932-10-28,2,1,0,1
lccn/sn83045462/1934-06-22,2,2,0,2
lccn/sn83045462/1934-06-20,1,3,8,-5
lccn/sn83045462/1932-11-10,1,0,0,0
lccn/sn83045462/1930-08-24,2,27,2,25
lccn/sn83045462/1930-09-03,2,9,1,8
lccn/sn83045462/1930-07-20,2,18,2,16
lccn/sn83045462/1930-09-04,2,4,0,4
lccn/sn83045462/1930-11-06,2,13,2,11
lccn/sn83045462/1930-11-06,2,7,0,7
lccn/sn83045462/1930-11-04,2,22,4,18
lccn/sn83045462/1932-12-09,2,4,0,4
lccn/sn83045462/1932-12-08,1,0,0,0
lccn/sn83045462/1932-12-13,1,3,3,0
lccn/sn83045462/1934-07-31,2,11,3,8
lccn/sn83045462/1932-12-01,1,0,0,0
lccn/sn83045462/1930-09-10,2,6,0,6
lccn/sn83045462/1930-09-11,2,6,1,5
lccn/sn83045462/1932-08-26,2,7,5,2
lccn/sn83045462/1932-11-21,1,0,0,0
lccn/sn83045462/1934-09-16,2,15,1,14
lccn/sn83045462/1934-08-17,2,13,0,13
lccn/sn83045462/1934-08-23,1,0,0,0
lccn/sn83045462/1934-06-10,2,3,0,3
lccn/sn83045462/1934-06-06,1,3,3,0
lccn/sn83045462/1930-07-13,2,11,2,9
lccn/sn83045462/1930-10-22,2,22,5,17
lccn/sn83045462/1930-10-26,2,33,3,30
lccn/sn83045462/1930-11-16,1,0,1,-1
lccn/sn83045462/1930-10-19,2,13,1,12
lccn/sn83045462/1932-09-25,2,12,2,10
lccn/sn83045462/1932-09-24,1,0,0,0
lccn/sn83045462/1932-09-11,2,3,0,3
lccn/sn83045462/1932-08-25,1,6,6,0
lccn/sn83045462/1934-04-28,2,12,2,10
lccn/sn83045462/1934-04-11,2,15,3,12
lccn/sn83045462/1934-04-09,1,0,0,0
lccn/sn83045462/1932-10-19,1,1,1,0
lccn/sn83045462/1932-10-18,2,15,3,12
lccn/sn83045462/1934-06-03,2,15,0,15
lccn/sn83045462/1934-04-18,2,23,2,21
lccn/sn83045462/1934-04-20,2,20,0,20
lccn/sn83045462/1934-08-12,2,16,1,15
lccn/sn83045462/1932-12-18,2,18,0,18
lccn/sn83045462/1934-08-11,2,7,1,6
lccn/sn83045462/1934-08-14,2,20,0,20
lccn/sn83045462/1932-12-22,2,10,0,10
lccn/sn83045462/1934-08-13,2,4,3,1
lccn/sn83045462/1934-09-10,1,6,9,-3
lccn/sn83045462/1934-09-02,2,28,5,23
lccn/sn83045462/1934-08-10,2,5,0,5
lccn/sn83045462/1934-08-25,1,0,0,0
lccn/sn83045462/1934-08-21,2,15,0,15
lccn/sn83045462/1934-08-22,2,6,0,6
lccn/sn83045462/1934-08-26,2,15,2,13
lccn/sn83045462/1934-08-19,2,14,3,11
lccn/sn83045462/1934-08-19,2,12,1,11
lccn/sn83045462/1934-08-15,1,0,0,0
lccn/sn83045462/1934-08-20,2,9,0,9
lccn/sn83045462/1933-01-13,2,5,4,1
lccn/sn83045462/1934-08-28,1,0,0,0
lccn/sn83045462/1943-08-08,2,20,0,20
lccn/sn83045462/1945-01-26,2,11,5,6
lccn/sn83016025/1873-02-14,1,9,11,-2
lccn/sn83016025/1873-02-15,2,10,9,1
lccn/sn83045462/1945-08-25,2,14,0,14
lccn/sn83045462/1945-08-27,1,7,8,-1
lccn/sn83045462/1945-02-19,1,1,8,-7
lccn/sn86092518/1886-07-01,1,3,5,-2
lccn/sn86092518/1888-03-24,2,11,5,6
lccn/sn86092518/1888-08-02,1,0,0,0
lccn/sn87068097/1890-04-14,2,2,0,2
lccn/sn83045462/1940-08-28,2,7,0,7
lccn/sn83045462/1940-08-16,2,7,0,7
lccn/sn83045462/1940-09-12,2,17,1,16
lccn/sn83045462/1940-09-11,2,10,9,1
lccn/sn83045462/1940-09-15,2,7,0,7
lccn/sn83045462/1943-04-03,2,15,1,14
lccn/sn83045462/1940-06-18,2,3,1,2
lccn/sn83045462/1940-07-16,2,15,2,13
lccn/sn83045462/1943-04-22,2,7,1,6
lccn/sn83045462/1943-04-21,1,0,0,0
lccn/sn83045462/1943-04-20,2,13,0,13
lccn/sn83045462/1943-04-18,2,7,0,7
lccn/sn83045462/1941-07-08,2,5,1,4
lccn/sn83045462/1940-03-31,2,23,0,23
lccn/sn83045462/1940-04-03,1,0,0,0
lccn/sn83045462/1940-07-28,2,8,4,4
lccn/sn83045462/1940-08-07,2,13,1,12
lccn/sn83045462/1943-06-02,1,0,0,0
lccn/sn83045462/1940-05-20,2,16,2,14
lccn/sn83045462/1943-02-17,2,9,2,7
lccn/sn83045462/1943-03-21,1,0,0,0
lccn/sn83045462/1940-05-10,2,6,0,6
lccn/sn83045462/1940-05-12,2,34,6,28
lccn/sn83045462/1943-05-24,2,3,1,2
lccn/sn83045462/1943-05-27,2,9,1,8
lccn/sn83045462/1943-05-25,1,0,0,0
lccn/sn83045462/1944-06-19,2,13,0,13
lccn/sn83045462/1943-05-18,1,0,0,0
lccn/sn83045462/1943-06-07,2,9,0,9
lccn/sn83045462/1944-08-21,1,0,0,0
lccn/sn83045462/1943-08-22,2,12,4,8
lccn/sn83045462/1943-08-21,2,5,1,4
lccn/sn83045462/1943-08-26,2,15,2,13
lccn/sn83045462/1940-03-05,2,4,0,4
lccn/sn83045462/1940-03-10,2,11,3,8
lccn/sn83045462/1940-03-12,2,13,0,13
lccn/sn83045462/1940-03-26,2,14,1,13
lccn/sn83045462/1940-03-25,1,0,0,0
lccn/sn83045462/1943-01-31,2,13,2,11
lccn/sn83045462/1940-04-28,1,4,5,-1
lccn/sn83045462/1940-04-28,2,9,4,5
lccn/sn83045462/1940-04-28,2,11,4,7
lccn/sn83045462/1940-04-21,2,21,3,18
lccn/sn83045462/1936-12-24,1,0,0,0
lccn/sn83045462/1940-02-25,2,40,1,39
lccn/sn83045462/1940-02-17,1,0,0,0
lccn/sn83045462/1940-02-20,2,9,0,9
lccn/sn83045462/1942-11-22,2,16,0,16
lccn/sn83045462/1940-02-11,2,4,1,3
lccn/sn83045462/1940-03-15,2,14,3,11
lccn/sn83045462/1940-03-17,2,12,3,9
lccn/sn83045462/1940-02-13,2,3,0,3
lccn/sn83045462/1943-09-30,2,4,0,4
lccn/sn83045462/1943-10-01,2,8,2,6
lccn/sn83045462/1943-10-02,2,9,1,8
lccn/sn83045462/1940-05-16,2,15,1,14
lccn/sn83045462/1940-05-08,1,0,0,0
lccn/sn83045462/1940-07-30,1,4,4,0
lccn/sn83045462/1940-08-08,1,0,0,0
lccn/sn83045462/1940-05-26,2,14,3,11
lccn/sn83045462/1940-06-09,2,12,0,12
lccn/sn83045462/1940-07-08,2,9,1,8
lccn/sn83045462/1940-07-09,2,5,1,4
lccn/sn83045462/1940-05-05,2,7,2,5
lccn/sn83045462/1940-05-05,2,7,4,3
lccn/sn83045462/1940-05-15,1,0,0,0
lccn/sn83009653/1904-06-28,2,11,9,2
lccn/sn83009653/1895-11-19,1,8,10,-2
lccn/sn83009653/1901-06-18,1,0,0,0
lccn/sn83009653/1901-01-08,2,8,3,5
lccn/sn83009653/1899-11-14,2,1,0,1
lccn/sn83009653/1902-03-04,2,5,3,2
lccn/sn83045462/1935-08-17,2,12,1,11
lccn/sn83045462/1937-08-14,2,16,3,13
lccn/sn83045462/1937-08-08,2,13,1,12
lccn/sn83045462/1937-08-07,2,9,1,8
lccn/sn83045462/1937-08-15,2,4,2,2
lccn/sn83045462/1937-07-24,1,4,4,0
lccn/sn83045462/1937-07-25,1,0,0,0
lccn/sn83045462/1935-07-14,2,13,2,11
lccn/sn83045462/1937-07-10,2,15,2,13
lccn/sn83045462/1937-08-26,1,0,0,0
lccn/sn83045462/1933-09-28,1,0,0,0
lccn/sn83045462/1933-09-29,1,8,10,-2
lccn/sn83045462/1933-09-14,1,0,0,0
lccn/sn83045462/1933-09-23,2,9,1,8
lccn/sn83045462/1933-09-22,2,13,1,12
lccn/sn83045462/1933-10-19,1,0,0,0
lccn/sn83045462/1933-10-19,2,4,1,3
lccn/sn83045462/1933-10-07,2,4,0,4
lccn/sn83045462/1933-10-12,1,0,0,0
lccn/sn83045462/1933-10-24,2,6,2,4
lccn/sn83045462/1933-10-21,2,5,1,4
lccn/sn83045462/1933-10-20,2,8,1,7
lccn/sn83045462/1933-10-25,2,9,2,7
lccn/sn83045462/1937-09-05,1,2,4,-2
lccn/sn83045462/1937-09-10,1,0,0,0
lccn/sn83045462/1935-09-08,2,14,1,13
lccn/sn83045462/1935-09-22,2,7,1,6
lccn/sn83045462/1937-10-29,2,11,1,10
lccn/sn83045462/1937-10-16,1,0,0,0
lccn/sn83045462/1937-10-14,1,0,0,0
lccn/sn83045462/1937-10-19,1,0,0,0
lccn/sn83045462/1933-11-16,2,23,1,22
lccn/sn83045462/1933-11-09,2,10,1,9
lccn/sn83045462/1934-01-04,2,6,1,5
lccn/sn83045462/1934-01-20,2,9,0,9
lccn/sn83045462/1934-03-10,2,12,0,12
lccn/sn83045462/1934-02-09,1,0,1,-1
lccn/sn83045462/1934-02-10,2,25,1,24
lccn/sn83045462/1934-03-06,2,12,0,12
lccn/sn83045462/1934-03-07,1,0,0,0
lccn/sn83045462/1934-03-05,2,11,0,11
lccn/sn83045462/1933-09-15,2,11,1,10
lccn/sn83045462/1933-09-10,2,4,0,4
lccn/sn83045462/1933-10-27,2,15,1,14
lccn/sn83045462/1934-03-08,2,18,1,17
lccn/sn83045462/1934-03-08,2,10,1,9
lccn/sn84022046/1865-12-13,1,2,2,0
lccn/sn84022046/1865-12-14,2,3,2,1
lccn/sn84022046/1865-11-21,1,0,0,0
lccn/sn84022046/1865-12-01,1,0,0,0
lccn/sn84022046/1865-12-02,2,8,2,6
lccn/sn84022046/1865-12-04,2,6,2,4
lccn/sn83045462/1937-07-17,2,15,1,14
lccn/sn83045462/1937-06-28,2,9,1,8
lccn/sn83045462/1937-06-30,1,1,1,0
lccn/sn83045462/1935-08-05,2,6,0,6
lccn/sn83045462/1937-07-31,2,10,1,9
lccn/sn83045462/1937-07-07,2,15,8,7
lccn/sn83045462/1937-07-07,2,4,1,3
lccn/sn83045462/1937-08-31,2,9,2,7
lccn/sn83045462/1937-10-09,1,4,4,0
lccn/sn83045462/1935-10-10,1,0,0,0
lccn/sn83045462/1935-10-09,2,12,0,12
lccn/sn83045462/1935-10-02,2,16,2,14
lccn/sn83045462/1933-08-29,1,0,0,0
lccn/sn83045462/1937-09-14,2,13,2,11
lccn/sn83045462/1935-09-27,2,28,3,25
lccn/sn83045462/1935-09-02,2,22,0,22
lccn/sn84022046/1865-11-24,1,0,0,0
lccn/sn84022046/1865-11-25,1,0,2,-2
lccn/sn84022046/1865-12-06,1,3,3,0
lccn/sn84022046/1865-12-08,2,11,1,10
lccn/sn84022046/1865-12-09,1,0,0,0
lccn/sn83045462/1935-11-08,2,8,2,6
lccn/sn83045462/1935-07-01,2,5,1,4
lccn/sn83045462/1937-06-27,2,11,0,11
lccn/sn83045462/1937-07-08,2,7,3,4
lccn/sn83045462/1935-11-19,2,23,3,20
lccn/sn83045462/1937-10-31,2,14,0,14
lccn/sn83045462/1929-06-08,1,0,0,0
lccn/sn83045462/1931-08-09,2,7,0,7
lccn/sn83045462/1931-03-15,2,12,1,11
lccn/sn83045462/1931-03-06,1,0,0,0
lccn/sn83045462/1933-05-28,1,0,0,0
lccn/sn83045462/1931-10-24,2,3,1,2
lccn/sn83045462/1933-03-24,1,1,2,-1
lccn/sn83045462/1933-03-27,2,7,0,7
lccn/sn83045462/1933-03-03,2,3,0,3
lccn/sn83045462/1931-11-27,2,7,1,6
lccn/sn83045462/1933-03-02,2,6,0,6
lccn/sn83045462/1933-03-02,2,11,0,11
lccn/sn83045462/1933-03-07,2,2,0,2
lccn/sn83045462/1933-03-09,2,13,2,11
lccn/sn83045462/1933-04-01,2,7,0,7
lccn/sn83045462/1931-10-23,2,13,1,12
lccn/sn83045462/1931-05-15,2,10,0,10
lccn/sn83045462/1931-10-19,1,0,0,0
lccn/sn83045462/1933-02-16,1,0,0,0
lccn/sn83045462/1929-12-15,2,15,5,10
lccn/sn83045462/1933-04-13,2,9,2,7
lccn/sn83045462/1933-05-08,2,8,7,1
lccn/sn83045462/1930-05-29,2,13,4,9
lccn/sn83045462/1929-06-21,2,16,4,12
lccn/sn83045462/1931-10-21,2,15,1,14
lccn/sn83045462/1931-11-11,2,4,2,2
lccn/sn83045462/1933-02-28,2,6,2,4
lccn/sn83045462/1931-11-15,2,11,1,10
lccn/sn83045462/1936-04-19,2,14,1,13
lccn/sn83045462/1936-02-26,2,10,2,8
lccn/sn83045462/1936-05-30,2,16,4,12
lccn/sn83045462/1936-04-27,2,14,0,14
lccn/sn83045462/1936-03-09,2,14,4,10
lccn/sn83045462/1937-06-04,2,7,1,6
lccn/sn83045462/1935-11-22,2,9,0,9
lccn/sn83045462/1939-12-17,1,0,0,0
lccn/sn83045462/1932-05-01,2,8,3,5
lccn/sn83045462/1935-04-23,2,24,4,20
lccn/sn83045462/1932-03-06,1,0,0,0
lccn/sn83045462/1934-12-06,2,9,0,9
lccn/sn83045462/1934-12-03,1,0,0,0
lccn/sn83045462/1932-01-05,2,15,3,12
lccn/sn83045462/1932-01-10,1,11,14,-3
lccn/sn83045462/1932-02-04,2,11,3,8
lccn/sn83045462/1935-01-26,2,8,3,5
lccn/sn83045462/1932-04-10,2,9,0,9
lccn/sn83045462/1932-01-04,1,0,0,0
lccn/sn83045462/1932-04-24,2,14,0,14
lccn/sn83045462/1929-01-27,2,13,2,11
lccn/sn83045462/1930-01-11,2,11,5,6
lccn/sn83045462/1929-01-31,2,12,4,8
lccn/sn83045462/1929-02-02,2,16,3,13
lccn/sn83045462/1929-09-22,2,12,0,12
lccn/sn83045462/1929-04-24,2,14,2,12
lccn/sn83045462/1929-09-25,1,0,0,0
lccn/sn83045462/1929-10-01,2,18,0,18
lccn/sn83045462/1929-10-02,2,16,0,16
lccn/sn83045462/1929-10-02,1,0,0,0
lccn/sn83045462/1929-02-24,2,16,0,16
lccn/sn83045462/1929-03-06,2,14,0,14
lccn/sn83045462/1929-03-01,2,19,2,17
lccn/sn83045462/1929-08-26,2,27,3,24
lccn/sn83045462/1929-03-13,2,16,3,13
lccn/sn83045462/1929-09-24,2,10,1,9
lccn/sn83045462/1930-03-14,2,12,0,12
lccn/sn83045462/1929-11-09,2,8,1,7
lccn/sn83045462/1929-11-10,2,7,3,4
lccn/sn83045462/1929-11-07,2,15,3,12
lccn/sn83045462/1929-11-08,2,15,6,9
lccn/sn83045462/1929-08-02,2,23,2,21
lccn/sn83045462/1929-08-01,2,14,2,12
lccn/sn83045462/1929-12-22,2,13,0,13
lccn/sn83045462/1929-01-29,1,0,0,0
lccn/sn83045462/1929-01-29,2,11,1,10
lccn/sn83045462/1930-01-03,2,9,1,8
lccn/sn83045462/1929-02-01,2,7,0,7
lccn/sn83045462/1929-07-31,2,10,1,9
lccn/sn83045462/1929-01-26,2,9,3,6
lccn/sn83045462/1930-01-30,2,8,2,6
lccn/sn83045462/1929-02-14,2,22,1,21
lccn/sn83045462/1930-02-02,1,0,0,0
lccn/sn83045462/1930-02-01,2,10,2,8
lccn/sn83045462/1929-08-14,2,8,2,6
lccn/sn83045462/1929-02-21,2,16,2,14
lccn/sn83045462/1929-02-23,1,0,0,0
lccn/sn83045462/1929-08-17,1,0,0,0
lccn/sn83045462/1930-04-30,2,13,1,12
lccn/sn83045462/1930-05-01,2,13,1,12
lccn/sn83045462/1929-04-26,2,11,4,7
lccn/sn83045462/1929-03-07,2,11,3,8
lccn/sn83045462/1930-02-22,2,3,0,3
lccn/sn83025161/1871-01-06,2,12,6,6
lccn/sn85040451/1900-02-14,2,17,12,5
lccn/sn83009653/1908-06-16,2,13,4,9
lccn/sn83045646/1867-10-19,2,4,1,3
lccn/sn83045646/1867-10-21,1,5,6,-1
lccn/sn83045462/1939-06-18,2,15,3,12
lccn/sn83045462/1939-06-15,2,5,0,5
lccn/sn83045462/1939-07-02,2,5,4,1
lccn/sn83045462/1939-07-02,2,12,2,10
lccn/sn83045462/1939-01-23,2,16,4,12
lccn/sn83045462/1939-01-18,2,17,1,16
lccn/sn83045462/1939-01-17,2,16,0,16
lccn/sn83045462/1939-03-06,2,12,1,11
lccn/sn83045462/1939-03-09,2,13,0,13
lccn/sn83045462/1939-02-08,2,13,2,11
lccn/sn83045462/1939-03-13,2,17,3,14
lccn/sn83045646/1866-04-12,1,0,0,0
lccn/sn83045462/1939-06-22,2,8,2,6
lccn/sn83045462/1939-07-25,2,9,1,8
lccn/sn83045462/1939-06-23,2,8,0,8
lccn/sn83045462/1939-07-12,2,13,0,13
lccn/sn83045462/1939-07-09,1,7,7,0
lccn/sn83045462/1939-07-21,2,15,1,14
lccn/sn83009653/1905-08-22,2,3,1,2
lccn/sn83016689/1910-06-11,1,7,8,-1
lccn/sn83045462/1939-05-06,2,9,8,1
lccn/sn83045462/1939-04-20,2,11,0,11
lccn/sn83045462/1939-05-19,1,4,6,-2
lccn/sn83045462/1939-05-14,2,14,1,13
lccn/sn83045462/1939-05-16,2,21,2,19
lccn/sn83045462/1939-04-18,1,0,0,0
lccn/sn83045462/1939-04-02,2,15,2,13
lccn/sn83045462/1939-04-29,1,0,0,0
lccn/sn83045462/1939-06-04,2,11,5,6
lccn/sn83045462/1939-05-22,1,0,0,0
lccn/sn83045462/1939-06-11,2,21,6,15
lccn/sn83045462/1939-06-02,2,12,1,11
lccn/sn83045462/1939-05-28,2,17,3,14
lccn/sn83045462/1939-04-11,2,6,2,4
lccn/sn83045462/1939-04-09,1,0,0,0
lccn/sn83045462/1939-03-26,2,9,1,8
lccn/sn83045462/1939-04-01,1,0,0,0
lccn/sn83045462/1939-03-24,2,9,3,6
lccn/sn83045462/1939-03-22,2,11,1,10
lccn/sn83045462/1941-07-31,2,6,1,5
lccn/sn83045462/1941-08-16,2,12,1,11
lccn/sn83045462/1941-08-10,1,0,0,0
lccn/sn83045462/1941-08-02,2,13,0,13
lccn/sn83045462/1941-07-30,2,14,1,13
lccn/sn83045462/1944-03-10,2,16,1,15
lccn/sn92056106/1875-06-09,2,15,7,8
lccn/sn92056106/1872-12-05,2,17,3,14
lccn/sn83045462/1943-10-16,2,13,1,12
lccn/sn83045462/1943-11-15,2,13,3,10
lccn/sn83045462/1943-11-19,2,21,0,21
lccn/sn83045462/1943-11-20,2,1,0,1
lccn/sn84027352/1871-02-09,2,10,3,7
lccn/sn83016025/1877-03-05,2,8,1,7
lccn/sn83016025/1884-10-28,1,2,2,0
lccn/sn83016025/1879-03-07,2,5,1,4
lccn/sn83016025/1877-12-28,2,10,7,3
lccn/sn83016025/1877-01-22,2,13,1,12
lccn/sn83016025/1875-07-16,2,10,1,9
lccn/sn83045462/1943-11-07,2,9,0,9
lccn/sn83045462/1947-06-22,2,5,4,1
lccn/sn83045462/1947-07-03,1,5,5,0
lccn/sn83045462/1942-05-31,1,0,0,0
lccn/sn83045462/1938-10-06,2,12,1,11
lccn/sn83045462/1938-12-15,2,12,0,12
lccn/sn83045462/1938-12-22,1,0,0,0
lccn/sn83045462/1938-12-09,2,9,1,8
lccn/sn83045462/1938-11-20,2,6,0,6
lccn/sn83045462/1938-11-03,2,11,2,9
lccn/sn83045462/1938-10-27,1,0,0,0
lccn/sn83045462/1939-01-05,2,8,0,8
lccn/sn83045462/1939-01-09,1,0,0,0
lccn/sn83045462/1939-01-03,2,13,3,10
lccn/sn83045462/1939-01-08,2,9,1,8
lccn/sn83045462/1946-12-11,2,18,2,16
lccn/sn83045462/1938-08-04,2,16,1,15
lccn/sn83045462/1938-07-24,1,1,7,-6
lccn/sn83045462/1938-07-10,2,14,2,12
lccn/sn83045462/1938-07-10,2,9,1,8
lccn/sn83045462/1938-07-10,2,12,3,9
lccn/sn83045462/1946-08-13,2,14,1,13
lccn/sn83016025/1891-07-28,2,17,4,13
lccn/sn85047611/1921-07-28,1,6,6,0
lccn/sn83045462/1931-04-21,2,16,0,16
lccn/sn83045462/1931-10-12,1,0,0,0
lccn/sn83045462/1931-10-14,2,10,1,9
lccn/sn83045462/1931-10-16,2,4,1,3
lccn/sn83045462/1931-10-14,1,0,0,0
lccn/sn83045462/1929-12-17,1,0,0,0
lccn/sn83045462/1930-06-21,2,16,1,15
lccn/sn83045462/1929-12-20,2,16,1,15
lccn/sn83045462/1931-02-13,2,16,3,13
lccn/sn83045462/1931-02-12,2,21,4,17
lccn/sn83045462/1931-02-06,2,5,3,2
lccn/sn83045462/1931-01-30,1,2,12,-10
lccn/sn83045462/1931-01-27,1,0,0,0
lccn/sn83045462/1931-02-27,2,6,0,6
lccn/sn83045462/1931-10-01,2,11,1,10
lccn/sn83045462/1931-01-09,1,0,0,0
lccn/sn83045462/1931-01-10,1,0,0,0
lccn/sn83045462/1931-01-16,2,34,1,33
lccn/sn83045462/1931-01-08,1,0,0,0
lccn/sn83045462/1931-01-14,1,0,0,0
lccn/sn83045462/1931-02-04,2,2,0,2
lccn/sn83045462/1931-02-05,2,3,1,2
lccn/sn83045462/1931-03-03,2,17,5,12
lccn/sn83045462/1933-08-03,2,7,0,7
lccn/sn83045462/1931-05-17,2,18,6,12
lccn/sn83045462/1931-11-06,2,10,2,8
lccn/sn83045462/1933-07-02,2,8,3,5
lccn/sn83045462/1933-06-30,1,0,0,0
lccn/sn83045462/1933-07-11,2,28,0,28
lccn/sn83045462/1933-06-25,1,0,0,0
lccn/sn83016025/1885-11-28,2,12,2,10
lccn/sn83016025/1886-10-18,2,9,5,4
lccn/sn83016025/1886-09-13,2,7,3,4
lccn/sn83032103/1871-11-10,2,19,5,14
lccn/sn83016025/1883-11-03,2,17,9,8
lccn/sn83016025/1885-05-27,1,3,6,-3
lccn/sn83016025/1885-06-10,2,9,4,5
lccn/sn82015137/1883-04-21,1,3,3,0
lccn/sn82015137/1881-07-28,1,5,8,-3
lccn/sn82015137/1881-04-18,2,4,0,4
lccn/sn82015137/1885-02-04,1,11,11,0
lccn/sn83016368/1904-10-29,1,8,8,0
lccn/sn83016368/1908-04-25,2,12,7,5
lccn/sn83016368/1907-01-19,2,11,6,5
lccn/sn83045462/1941-08-24,2,9,2,7
lccn/sn83045462/1941-09-03,2,10,1,9
lccn/sn83045462/1941-08-31,2,11,2,9
lccn/sn83045462/1942-09-16,2,8,1,7
lccn/sn83045462/1942-09-18,1,0,0,0
lccn/sn83045462/1942-09-23,2,17,4,13
lccn/sn83045462/1942-09-24,2,13,1,12
lccn/sn83045462/1942-09-14,2,15,0,15
lccn/sn83045462/1942-09-20,1,0,0,0
lccn/sn83045462/1942-09-21,2,14,3,11
lccn/sn83045462/1942-10-26,2,11,0,11
lccn/sn83045462/1942-10-05,2,5,0,5
lccn/sn83045462/1942-08-03,2,14,0,14
lccn/sn83045462/1942-08-18,2,12,2,10
lccn/sn83045462/1942-08-17,2,10,2,8
lccn/sn83045462/1942-08-10,1,0,0,0
lccn/sn83045462/1942-08-07,1,0,0,0
lccn/sn83045462/1936-01-31,2,26,1,25
lccn/sn83045462/1936-02-01,2,4,3,1
lccn/sn83016368/1906-01-06,1,0,0,0
lccn/sn83045462/1942-09-08,2,7,1,6
lccn/sn83045462/1942-09-09,2,8,1,7
lccn/sn83045462/1942-09-22,1,0,0,0
lccn/sn83045462/1942-10-01,1,0,0,0
lccn/sn83045462/1942-10-04,1,0,0,0
lccn/sn83045462/1942-09-13,2,5,2,3
lccn/sn83045462/1942-09-17,2,9,5,4
lccn/sn83045462/1942-09-10,2,10,0,10
lccn/sn83045462/1942-09-29,2,7,0,7
lccn/sn83045462/1942-01-08,2,3,0,3
lccn/sn83045462/1941-09-22,1,0,0,0
lccn/sn83045462/1941-08-27,1,0,0,0
lccn/sn83045462/1941-12-19,2,8,1,7
lccn/sn83045462/1941-11-09,2,6,2,4
lccn/sn83045462/1941-10-26,1,0,0,0
lccn/sn83045462/1942-07-15,1,0,0,0
lccn/sn83045462/1942-07-10,2,9,1,8
lccn/sn83045462/1942-07-20,2,10,0,10
lccn/sn83045462/1942-07-18,2,10,3,7
lccn/sn83045462/1942-07-17,2,8,3,5
lccn/sn83045462/1942-08-05,1,0,0,0
lccn/sn83045462/1942-08-12,2,10,3,7
lccn/sn83045462/1942-08-13,2,6,4,2
lccn/sn83045462/1942-08-14,2,7,0,7
lccn/sn83045462/1942-08-19,1,0,0,0
lccn/sn83045462/1942-08-01,1,0,0,0
lccn/sn83045462/1942-08-06,2,15,1,14
lccn/sn83045462/1942-07-31,1,0,0,0
lccn/sn83045462/1942-09-03,2,11,0,11
lccn/sn83045462/1942-09-04,2,13,2,11
lccn/sn83045462/1942-08-24,2,10,2,8
lccn/sn83045462/1942-08-23,2,8,0,8
lccn/sn83045462/1942-08-30,2,21,3,18
lccn/sn83045462/1942-08-30,2,12,3,9
lccn/sn83045462/1942-08-31,2,11,4,7
lccn/sn83045462/1942-09-02,2,16,1,15
lccn/sn83045462/1942-07-02,1,0,0,0
lccn/sn83045462/1942-07-03,1,0,0,0
lccn/sn83045462/1942-07-27,2,11,2,9
lccn/sn83045462/1942-07-29,1,0,0,0
lccn/sn83045462/1942-07-01,1,0,0,0
lccn/sn83045462/1942-07-08,2,15,1,14
lccn/sn83016025/1897-11-02,1,0,0,0
lccn/sn83016025/1898-09-24,2,19,5,14
lccn/sn83045462/1950-06-18,2,17,5,12
lccn/sn83045462/1949-11-15,2,5,4,1
lccn/sn83045462/1950-07-18,2,16,4,12
lccn/sn83045462/1950-11-16,2,8,2,6
lccn/sn83045462/1950-11-17,2,22,0,22
lccn/sn83045462/1950-11-15,2,13,2,11
lccn/sn83045462/1950-11-12,2,4,2,2
lccn/sn83045462/1950-12-28,2,12,1,11
lccn/sn83045462/1950-12-06,2,8,1,7
lccn/sn83045462/1948-12-03,1,5,7,-2
lccn/sn83016025/1869-10-27,2,8,3,5
lccn/sn83016025/1870-03-15,2,12,5,7
lccn/sn83016025/1875-06-14,2,13,0,13
lccn/sn83016025/1875-06-10,1,0,0,0
lccn/sn83016025/1875-06-11,1,0,0,0
lccn/sn83016025/1871-02-04,2,10,3,7
lccn/sn83021380/1856-01-11,1,5,8,-3
lccn/sn83016025/1875-06-03,2,6,3,3
lccn/sn83016025/1875-06-04,2,20,0,20
lccn/sn83016025/1875-06-07,2,13,6,7
lccn/sn87068097/1896-11-04,1,1,11,-10
lccn/sn87068097/1896-10-30,1,2,9,-7
lccn/sn87068097/1896-05-26,2,8,1,7
lccn/sn87068097/1899-07-01,1,0,0,0
lccn/sn87068097/1892-12-14,2,5,4,1
lccn/sn87068097/1894-08-11,2,5,0,5
lccn/sn86063034/1899-06-16,2,9,4,5
lccn/sn82015679/1897-10-03,2,12,11,1
lccn/sn82015679/1897-10-28,2,3,1,2
lccn/sn82015679/1897-10-29,1,0,0,0
lccn/sn82015679/1897-10-30,1,1,1,0
lccn/sn82015679/1897-11-08,1,0,0,0
lccn/sn82015679/1897-11-01,1,0,0,0
lccn/sn82015679/1897-11-04,1,1,1,0
lccn/sn82015679/1897-11-06,1,1,2,-1
lccn/sn82015679/1897-11-02,2,3,1,2
lccn/sn82015679/1897-11-09,1,1,1,0
lccn/sn82015679/1897-11-03,1,0,0,0
lccn/sn82015679/1897-11-05,1,1,2,-1
lccn/sn82015679/1897-09-20,2,7,5,2
lccn/sn82015679/1897-09-18,1,6,6,0
lccn/sn82015679/1897-09-17,2,9,4,5
lccn/sn82015679/1897-09-07,2,11,1,10
lccn/sn82015679/1897-09-13,2,12,7,5
lccn/sn82015679/1897-09-11,2,7,2,5
lccn/sn82015679/1897-09-16,2,3,1,2
lccn/sn82015679/1897-11-29,1,0,0,0
lccn/sn82015679/1897-11-18,2,8,6,2
lccn/sn82015679/1897-11-20,2,6,4,2
lccn/sn82015679/1897-11-15,1,0,0,0
lccn/sn82015679/1897-11-27,1,0,0,0
lccn/sn82015679/1897-11-30,2,4,1,3
lccn/sn82015679/1897-11-25,1,0,0,0
lccn/sn82015679/1897-12-04,1,0,0,0
lccn/sn82015679/1897-12-02,1,0,0,0
lccn/sn82015679/1897-12-01,1,0,0,0
lccn/sn82015679/1897-12-03,1,0,0,0
lccn/sn82015679/1897-11-22,1,0,0,0
lccn/sn82015679/1897-11-16,2,3,1,2
lccn/sn82015679/1897-11-10,1,8,10,-2
lccn/sn82015679/1897-11-24,1,0,0,0
lccn/sn82015679/1897-11-12,1,0,0,0
lccn/sn82015679/1897-11-11,1,1,2,-1
lccn/sn82015679/1897-11-23,1,0,0,0
lccn/sn82015679/1897-11-17,1,0,0,0
lccn/sn82015679/1897-11-26,1,0,0,0
lccn/sn82015679/1897-11-19,1,0,0,0
lccn/sn83045462/1939-12-23,2,4,1,3
lccn/sn83045462/1939-12-24,2,1,0,1
lccn/sn83045462/1939-12-11,2,11,0,11
lccn/sn83045462/1939-12-09,2,7,1,6
lccn/sn83045462/1940-01-14,2,20,4,16
lccn/sn83045462/1937-05-27,2,13,0,13
lccn/sn83045462/1937-06-06,2,11,2,9
lccn/sn83045462/1937-06-06,2,17,0,17
lccn/sn83045462/1940-02-08,2,9,0,9
lccn/sn83045462/1940-02-06,1,0,0,0
lccn/sn83045462/1937-06-13,2,17,5,12
lccn/sn83045462/1937-06-15,2,14,2,12
lccn/sn83045462/1935-12-15,2,11,1,10
lccn/sn83045462/1935-12-15,1,0,0,0
lccn/sn83045462/1935-12-08,2,9,0,9
lccn/sn83045462/1935-12-16,2,9,3,6
lccn/sn83045462/1935-12-22,2,18,2,16
lccn/sn83045462/1936-01-06,2,13,0,13
lccn/sn83045462/1935-12-04,1,0,0,0
lccn/sn83045462/1935-11-27,2,18,2,16
lccn/sn83045462/1935-12-20,1,0,0,0
lccn/sn83045462/1935-12-28,2,12,1,11
lccn/sn83045462/1935-12-24,2,14,1,13
lccn/sn83045462/1936-06-14,2,10,2,8
lccn/sn83045462/1936-06-14,2,7,0,7
lccn/sn83045462/1936-06-21,2,13,1,12
lccn/sn83045462/1936-07-22,2,5,1,4
lccn/sn83045462/1936-07-17,2,17,2,15
lccn/sn83045462/1936-08-10,1,0,0,0
lccn/sn83045462/1936-08-03,2,12,1,11
lccn/sn83045462/1936-07-27,2,10,1,9
lccn/sn83045462/1936-07-13,1,0,0,0
lccn/sn83045462/1936-07-20,2,8,1,7
lccn/sn83045462/1937-02-01,1,0,0,0
lccn/sn83045462/1939-08-27,2,10,2,8
lccn/sn83045462/1939-10-20,1,0,0,0
lccn/sn83045462/1936-11-21,1,0,0,0
lccn/sn83045462/1936-09-26,2,8,0,8
lccn/sn83045462/1936-08-15,1,0,0,0
lccn/sn83045462/1936-09-25,2,20,0,20
lccn/sn83045462/1936-09-18,2,12,1,11
lccn/sn83045462/1936-09-28,1,0,0,0
lccn/sn83045462/1936-09-29,2,19,0,19
lccn/sn83045462/1936-10-28,2,7,0,7
lccn/sn83045462/1936-08-21,2,9,2,7
lccn/sn83045462/1939-11-06,1,0,0,0
lccn/sn83045462/1939-11-05,2,14,2,12
lccn/sn83045462/1939-11-03,2,18,1,17
lccn/sn83045462/1936-04-18,2,14,2,12
lccn/sn83045462/1936-01-09,2,28,3,25
lccn/sn83045462/1936-02-06,1,0,0,0
lccn/sn83045462/1936-03-26,2,10,1,9
lccn/sn83045462/1936-03-20,2,18,1,17
lccn/sn83045462/1936-04-13,2,16,1,15
lccn/sn83045462/1936-01-07,2,19,4,15
lccn/sn83045462/1936-01-08,2,10,1,9
lccn/sn83045462/1936-02-08,2,10,3,7
lccn/sn83045462/1936-02-11,2,14,1,13
lccn/sn83045462/1936-02-04,2,7,1,6
lccn/sn83045462/1939-08-08,1,0,0,0
lccn/sn83045462/1937-02-09,2,9,0,9
lccn/sn83045462/1937-02-08,1,0,0,0
lccn/sn83045462/1940-01-04,1,0,0,0
lccn/sn83045462/1939-12-12,2,4,0,4
lccn/sn83045462/1939-12-16,2,9,3,6
lccn/sn83045462/1937-05-02,2,8,3,5
lccn/sn83045462/1935-05-03,2,13,1,12
lccn/sn83045462/1935-05-02,2,11,0,11
lccn/sn83045462/1935-05-01,2,9,3,6
lccn/sn83045462/1935-05-04,2,10,0,10
lccn/sn83045462/1937-06-24,2,17,2,15
lccn/sn83045462/1935-06-02,2,15,1,14
lccn/sn83045462/1935-06-06,1,1,1,0
lccn/sn83045462/1935-05-29,1,0,0,0
lccn/sn83045462/1937-06-25,2,8,1,7
lccn/sn83045462/1934-01-07,1,4,4,0
lccn/sn83045462/1934-01-14,2,7,1,6
lccn/sn83045462/1934-02-14,2,19,1,18
lccn/sn83045462/1936-10-04,1,0,0,0
lccn/sn83045462/1936-07-26,2,2,1,1
lccn/sn83045462/1936-07-12,2,7,2,5
lccn/sn83045462/1936-09-06,2,12,1,11
lccn/sn83045462/1939-08-06,2,5,1,4
lccn/sn83045462/1936-12-12,2,1,0,1
lccn/sn83045462/1937-03-27,1,0,0,0
lccn/sn83045462/1939-10-29,2,4,0,4
lccn/sn83045462/1939-10-15,2,8,0,8
lccn/sn83045462/1939-11-17,1,0,0,0
lccn/sn83045462/1936-03-22,2,14,0,14
lccn/sn83045462/1936-02-09,2,5,1,4
lccn/sn83045462/1938-04-10,2,8,2,6
lccn/sn83045462/1942-02-13,2,6,4,2
lccn/sn83045462/1938-04-21,2,13,3,10
lccn/sn83045462/1938-04-20,2,14,5,9
lccn/sn83045462/1938-02-11,1,0,0,0
lccn/sn83045462/1938-02-24,2,6,0,6
lccn/sn83045462/1938-03-20,2,9,0,9
lccn/sn83045462/1938-03-20,2,11,0,11
lccn/sn83045462/1938-03-25,2,9,1,8
lccn/sn83045462/1938-03-27,2,19,4,15
lccn/sn83045462/1942-02-26,1,8,8,0
lccn/sn83045462/1942-02-18,1,0,0,0
lccn/sn83045462/1941-01-06,2,12,1,11
lccn/sn83045462/1940-09-29,2,25,1,24
lccn/sn83045462/1941-01-10,2,17,2,15
lccn/sn83045462/1938-06-08,2,11,0,11
lccn/sn83045462/1942-03-06,2,11,1,10
lccn/sn83045462/1938-06-12,2,18,0,18
lccn/sn83045462/1942-04-05,1,1,2,-1
lccn/sn83045462/1938-02-18,1,0,0,0
lccn/sn83045462/1942-06-18,2,15,1,14
lccn/sn83045462/1942-06-18,1,0,0,0
lccn/sn83045462/1942-06-17,2,5,3,2
lccn/sn83045462/1942-06-20,2,16,1,15
lccn/sn83045462/1938-07-09,2,14,3,11
lccn/sn83045462/1938-07-03,2,17,2,15
lccn/sn83045462/1938-07-03,1,0,0,0
lccn/sn83045462/1938-07-05,1,0,0,0
lccn/sn83045462/1938-07-12,2,13,0,13
lccn/sn83045462/1938-03-09,1,0,0,0
lccn/sn83045462/1942-01-20,2,4,0,4
lccn/sn83045462/1938-04-03,2,9,4,5
lccn/sn83045462/1942-06-29,2,5,0,5
lccn/sn83045462/1938-08-07,2,19,2,17
lccn/sn83045462/1938-08-14,2,19,1,18
lccn/sn83045462/1937-12-17,2,11,2,9
lccn/sn86092518/1881-10-03,2,12,7,5
lccn/sn86092518/1882-02-11,2,8,7,1
lccn/sn86092518/1882-02-22,2,14,1,13
lccn/sn86092518/1882-02-23,2,22,12,10
lccn/sn83045462/1940-10-04,2,7,0,7
lccn/sn83045462/1940-10-17,1,0,0,0
lccn/sn83045462/1940-12-19,1,0,0,0
lccn/sn83045462/1940-12-14,2,4,1,3
lccn/sn83045462/1940-12-26,1,0,0,0
lccn/sn83045462/1940-12-30,2,5,0,5
lccn/sn83045462/1941-01-23,2,9,1,8
lccn/sn83045462/1941-01-25,2,14,3,11
lccn/sn83045462/1940-12-23,2,9,0,9
lccn/sn83045462/1941-01-20,2,18,0,18
lccn/sn83045462/1941-01-27,1,0,0,0
lccn/sn83045462/1940-12-05,1,0,0,0
lccn/sn83045462/1940-12-04,2,9,1,8
lccn/sn83045462/1942-04-12,2,7,1,6
lccn/sn83045462/1938-04-30,2,11,3,8
lccn/sn83045462/1938-05-10,2,11,3,8
lccn/sn83045462/1938-05-22,2,14,3,11
lccn/sn83045462/1938-06-25,2,6,0,6
lccn/sn83045462/1942-04-18,2,12,3,9
lccn/sn83045462/1942-04-11,1,0,0,0
lccn/sn83045462/1938-09-22,2,5,2,3
lccn/sn83045462/1938-09-20,2,7,1,6
lccn/sn83045462/1938-09-28,2,7,1,6
lccn/sn83045462/1938-10-02,2,15,2,13
lccn/sn83045462/1938-10-05,1,0,0,0
lccn/sn83045462/1938-10-05,1,0,0,0
lccn/sn83045462/1942-06-28,2,13,2,11
lccn/sn83045462/1950-06-16,2,13,3,10
lccn/sn83045462/1950-06-13,2,10,1,9
lccn/sn83045462/1950-06-15,2,19,7,12
lccn/sn83045462/1950-09-17,2,8,6,2
lccn/sn83045462/1948-09-13,2,18,14,4
lccn/sn83045462/1950-02-11,2,18,0,18
lccn/sn83045462/1950-08-29,1,2,2,0
lccn/sn83045462/1950-03-27,2,12,3,9
lccn/sn83045462/1949-05-09,2,16,0,16
lccn/sn83045462/1949-06-18,1,0,0,0
lccn/sn83045462/1949-07-12,2,19,3,16
lccn/sn83045462/1949-08-31,2,12,1,11
lccn/sn83045462/1950-05-24,2,16,2,14
lccn/sn83045462/1950-05-15,2,26,4,22
lccn/sn83045462/1946-04-07,1,3,6,-3
lccn/sn83045462/1950-09-08,2,6,2,4
lccn/sn83045462/1941-02-15,2,6,0,6
lccn/sn83045462/1941-02-05,2,21,1,20
lccn/sn83045462/1941-02-03,1,0,0,0
lccn/sn83045462/1941-02-19,1,0,0,0
lccn/sn83045462/1942-11-01,2,7,1,6
lccn/sn83045462/1942-11-08,2,12,0,12
lccn/sn83045462/1942-10-30,2,16,2,14
lccn/sn83045462/1942-10-31,2,10,1,9
lccn/sn83045462/1941-02-02,2,30,1,29
lccn/sn83045462/1941-03-05,1,0,0,0
lccn/sn83045462/1941-02-27,2,13,1,12
lccn/sn83045462/1941-03-09,2,20,0,20
lccn/sn83045462/1941-03-31,2,13,2,11
lccn/sn83045462/1941-03-17,2,5,0,5
lccn/sn83045462/1941-07-10,2,14,0,14
lccn/sn83045462/1941-06-05,2,11,2,9
lccn/sn83045462/1941-06-07,1,0,0,0
lccn/sn83045462/1941-06-12,2,23,6,17
lccn/sn83045462/1941-04-23,2,5,1,4
lccn/sn83045462/1941-06-01,1,0,0,0
lccn/sn83016025/1873-07-18,2,6,3,3
lccn/sn83016025/1873-11-17,2,10,1,9
lccn/sn83016025/1868-05-25,1,0,0,0
lccn/sn83045462/1941-07-15,2,10,2,8
lccn/sn83045462/1941-03-25,2,8,1,7
lccn/sn83045462/1941-04-09,2,9,3,6
lccn/sn83045462/1941-04-08,1,0,0,0
lccn/sn83045462/1941-04-14,2,10,4,6
lccn/sn83045462/1941-04-19,2,10,1,9
lccn/sn83045462/1941-05-04,2,12,0,12
lccn/sn83045462/1941-05-06,2,18,4,14
lccn/sn83045462/1946-03-10,1,0,0,0
lccn/sn83045462/1941-04-17,2,14,1,13
lccn/sn83045462/1941-06-08,2,10,3,7
lccn/sn83045462/1941-05-24,1,0,0,0
lccn/sn83045462/1941-07-04,2,20,3,17
lccn/sn83045462/1941-06-19,2,13,1,12
lccn/sn83016025/1882-10-27,2,7,1,6
lccn/sn83016025/1882-05-01,2,8,3,5
lccn/sn89064914/1915-04-29,2,2,1,1
lccn/sn89064914/1915-04-29,2,9,1,8
lccn/sn86092518/1890-07-19,1,10,10,0
lccn/sn82015313/1930-03-01,2,10,3,7
lccn/sn82015313/1930-02-28,2,10,1,9
lccn/sn82015313/1930-02-27,2,17,3,14
lccn/sn82015313/1929-12-12,1,10,11,-1
lccn/sn82015313/1930-06-17,2,2,0,2
lccn/sn82015313/1929-01-05,1,9,14,-5
lccn/sn82015313/1929-06-11,1,1,3,-2
lccn/sn82015313/1930-09-11,1,8,10,-2
lccn/sn87062237/1922-01-20,2,7,5,2
lccn/sn87062237/1922-01-23,2,8,1,7
lccn/sn87062237/1922-01-19,2,10,4,6
lccn/sn87062237/1922-01-26,1,2,2,0
lccn/sn91059394/1885-04-15,2,20,8,12
lccn/sn82015313/1926-08-17,2,6,5,1
lccn/sn91059394/1881-03-10,2,13,9,4
lccn/sn85042243/1937-08-25,1,3,5,-2
lccn/sn85042354/1920-06-19,2,16,1,15
lccn/sn85042354/1920-06-21,2,14,4,10
lccn/sn85042354/1920-06-16,2,13,3,10
lccn/sn85042354/1920-06-10,2,11,2,9
lccn/sn82015313/1928-05-19,1,0,0,0
lccn/sn82015313/1928-04-06,1,0,0,0
lccn/sn82015313/1928-04-07,2,11,0,11
lccn/sn82015313/1928-05-03,2,7,0,7
lccn/sn82015313/1928-04-03,1,0,0,0
lccn/sn82015313/1928-04-04,1,0,0,0
lccn/sn82015313/1928-04-05,2,2,0,2
lccn/sn82015313/1928-04-02,1,0,0,0
lccn/sn84038585/1841-10-21,2,10,4,6
lccn/sn84022374/1890-05-08,2,10,7,3
lccn/sn84022374/1877-09-20,1,4,12,-8
lccn/sn84022374/1894-01-04,1,13,17,-4
lccn/sn91059392/1884-10-09,1,8,13,-5
lccn/sn85040245/1907-08-08,2,19,3,16
lccn/sn84020504/1908-01-16,2,6,3,3
lccn/sn84020504/1908-01-11,2,8,2,6
lccn/sn84020504/1908-01-18,2,12,4,8
lccn/sn84020504/1908-01-09,2,9,3,6
lccn/sn84020504/1908-01-23,2,15,4,11
lccn/sn84020504/1908-01-27,2,10,5,5
lccn/sn82015313/1932-09-20,2,15,3,12
lccn/sn82015313/1932-09-17,2,17,0,17
lccn/sn85042379/1943-01-07,1,1,5,-4
lccn/sn84022374/1891-01-29,2,22,18,4
lccn/sn84022374/1891-04-30,2,22,2,20
lccn/sn84022374/1892-06-02,1,0,0,0
lccn/sn91064011/1912-09-27,2,9,0,9
lccn/sn82015313/1924-08-20,2,20,5,15
lccn/sn82015313/1922-09-15,2,5,4,1
lccn/sn82015313/1922-10-20,1,4,6,-2
lccn/sn84027329/1881-03-17,2,9,6,3
lccn/sn84027329/1881-03-10,2,7,2,5
lccn/sn84027329/1882-12-07,2,8,4,4
lccn/sn84027329/1877-08-30,1,7,7,0
lccn/sn84027329/1878-12-26,1,1,2,-1
lccn/sn84027329/1879-05-22,2,4,3,1
lccn/sn84027329/1879-06-05,2,18,5,13
lccn/sn84027329/1879-05-29,1,5,9,-4
lccn/sn85038485/1909-05-22,2,8,4,4
lccn/sn82014248/1875-05-22,1,11,12,-1
lccn/sn91064011/1915-09-04,2,16,3,13
lccn/sn91064011/1915-09-03,2,18,2,16
lccn/sn91064011/1915-09-06,2,18,1,17
lccn/sn91064011/1915-06-18,2,11,3,8
lccn/sn87068079/1893-02-02,2,6,5,1
lccn/sn87058308/1885-12-31,2,12,4,8
lccn/sn87058308/1890-06-26,2,7,1,6
lccn/sn87058308/1890-08-28,2,3,2,1
lccn/sn87058308/1890-07-17,2,19,2,17
lccn/sn87058308/1889-10-24,1,5,6,-1
lccn/sn87058308/1889-09-12,2,11,4,7
lccn/sn87058308/1889-05-02,1,6,9,-3
lccn/sn87058308/1893-04-20,1,0,0,0
lccn/sn88063294/1941-09-17,2,4,1,3
lccn/sn88063294/1941-09-13,2,13,6,7
lccn/sn88063294/1941-09-20,2,11,5,6
lccn/sn88063294/1941-11-28,2,3,1,2
lccn/sn88063294/1941-09-12,2,9,1,8
lccn/sn88063294/1941-09-10,2,10,1,9
lccn/sn88063294/1941-09-15,2,10,3,7
lccn/sn88063294/1943-11-07,2,4,0,4
lccn/sn88063294/1943-10-29,2,7,0,7
lccn/sn88063294/1943-05-09,2,10,1,9
lccn/sn88063294/1943-04-04,1,0,0,0
lccn/sn87068079/1902-07-17,2,8,4,4
lccn/sn87068079/1902-09-18,1,4,7,-3
lccn/sn87068079/1902-09-25,1,1,9,-8
lccn/sn87068079/1902-04-17,2,8,6,2
lccn/sn87068079/1902-04-24,2,11,7,4
lccn/sn87068079/1900-09-20,1,3,3,0
lccn/sn87068079/1900-09-27,1,6,7,-1
lccn/sn87068079/1901-04-18,1,2,2,0
lccn/sn87068079/1901-04-25,2,11,7,4
lccn/sn87068079/1901-05-02,2,7,4,3
lccn/sn87068079/1901-04-11,1,2,2,0
lccn/sn87068079/1902-03-06,2,7,2,5
lccn/sn87068079/1901-10-03,1,4,4,0
lccn/sn87068079/1901-09-12,1,7,11,-4
lccn/sn87068079/1901-09-26,2,12,6,6
lccn/sn87068079/1903-02-05,1,3,6,-3
lccn/sn87068079/1903-01-22,2,6,0,6
lccn/sn87068079/1903-01-29,1,5,7,-2
lccn/sn87068079/1902-10-02,1,4,8,-4
lccn/sn87068079/1903-01-01,1,6,6,0
lccn/sn87068079/1901-09-05,2,5,3,2
lccn/sn87068079/1903-04-09,2,7,4,3
lccn/sn87068079/1903-04-23,2,11,10,1
lccn/sn87068079/1903-07-23,2,8,7,1
lccn/sn87068079/1903-04-30,2,7,2,5
lccn/sn87068079/1903-05-14,2,7,5,2
lccn/sn87068079/1900-10-04,2,8,6,2
lccn/sn87068079/1901-01-10,2,5,2,3
lccn/sn87068079/1901-01-24,2,10,8,2
lccn/sn87068079/1901-01-31,2,6,1,5
lccn/sn87068079/1897-09-30,2,6,3,3
lccn/sn88063294/1942-02-01,2,8,0,8
lccn/sn82014248/1888-11-28,1,8,11,-3
lccn/sn82014248/1889-09-04,2,13,4,9
lccn/sn82014248/1890-03-01,1,8,12,-4
lccn/sn82014248/1889-12-10,2,6,2,4
lccn/sn82014248/1893-02-11,1,9,14,-5
lccn/sn84024326/1924-08-16,1,3,12,-9
lccn/sn84024326/1925-01-11,2,4,0,4
lccn/sn84022565/1909-04-08,2,3,1,2
lccn/sn84022565/1888-08-09,2,4,1,3
lccn/sn84022565/1889-12-19,1,10,12,-2
lccn/sn84022565/1893-01-12,2,8,2,6
lccn/sn84022565/1892-02-25,2,16,6,10
lccn/sn88063294/1945-05-06,2,17,2,15
lccn/sn88063294/1944-02-04,2,13,1,12
lccn/sn90051167/1892-10-21,2,12,6,6
lccn/sn85035801/1898-07-12,2,8,4,4
lccn/sn85040614/1896-10-08,2,17,5,12
lccn/sn85035801/1894-07-03,2,8,4,4
lccn/sn85035801/1897-03-23,2,5,3,2
lccn/sn85035801/1906-04-24,1,7,7,0
lccn/sn87093407/1925-10-24,2,11,4,7
lccn/sn84020422/1893-03-15,1,2,4,-2
lccn/sn84020422/1898-09-21,1,5,5,0
lccn/sn87058308/1897-11-11,2,15,14,1
lccn/sn87058308/1896-08-06,1,2,2,0
lccn/sn87058308/1896-08-06,2,9,7,2
lccn/sn85040614/1923-09-13,1,0,0,0
lccn/sn82014248/1898-03-19,1,3,5,-2
lccn/sn82014248/1895-03-29,2,6,1,5
lccn/sn84020071/1872-09-26,2,8,1,7
lccn/sn84024707/1881-10-20,2,13,9,4
lccn/sn85033255/1883-06-14,1,0,0,0
lccn/sn85033255/1892-03-31,2,7,5,2
lccn/sn85033255/1885-04-16,1,4,10,-6
lccn/sn85040614/1913-08-29,2,1,0,1
lccn/sn85040614/1913-08-29,1,3,4,-1
lccn/sn85040614/1913-08-29,1,5,5,0
lccn/sn85026214/1874-11-15,2,20,7,13
lccn/sn85026214/1885-02-15,1,0,0,0
lccn/sn83016589/1886-09-10,2,3,0,3
lccn/sn85033133/1873-05-06,1,0,0,0
lccn/sn85033133/1883-06-14,2,16,2,14
lccn/sn85033133/1886-01-28,2,8,7,1
lccn/sn85033133/1884-04-10,1,3,5,-2
lccn/sn84026749/1928-02-02,2,8,3,5
lccn/sn84026749/1928-03-13,2,7,5,2
lccn/sn84026749/1928-10-06,2,10,7,3
lccn/sn84026749/1928-10-13,1,0,1,-1
lccn/sn83045604/1900-05-27,2,8,1,7
lccn/sn91068245/1900-09-27,2,5,3,2
lccn/sn91068402/1898-07-21,2,15,7,8
lccn/sn84036012/1890-11-02,2,6,3,3
lccn/sn85033078/1886-03-11,2,15,12,3
lccn/sn85033078/1880-10-07,2,32,2,30
lccn/sn85033078/1880-10-14,2,18,8,10
lccn/sn84036143/1888-01-26,2,29,7,22
lccn/sn84036143/1887-09-15,2,9,5,4
lccn/sn85033078/1876-02-10,2,7,3,4
lccn/sn85033078/1875-02-25,1,7,14,-7
lccn/sn84036012/1892-07-04,1,1,6,-5
lccn/sn83045604/1900-09-14,1,10,21,-11
lccn/sn83045604/1900-10-14,1,3,4,-1
lccn/sn83045604/1900-10-28,2,12,5,7
lccn/sn85033078/1877-11-01,2,8,5,3
lccn/sn85033078/1889-09-05,2,5,4,1
lccn/sn85033078/1887-11-10,1,0,0,0
lccn/sn85033078/1887-11-24,1,0,0,0
lccn/sn84024518/1852-12-22,1,6,7,-1
lccn/sn84024518/1852-12-29,1,6,6,0
lccn/sn84024518/1853-01-05,2,7,0,7
lccn/sn84024518/1853-01-12,2,8,4,4
lccn/sn84024518/1852-12-11,1,6,6,0
lccn/sn84024518/1852-12-18,1,6,8,-2
lccn/sn84024518/1853-01-01,1,6,7,-1
lccn/sn84024517/1850-12-04,1,2,2,0
lccn/sn84024517/1850-12-07,2,12,3,9
lccn/sn85033078/1914-04-02,2,11,7,4
lccn/sn84024517/1850-11-20,2,7,3,4
lccn/sn85033295/1874-09-30,2,15,2,13
lccn/sn85033295/1877-11-14,2,11,3,8
lccn/sn85033078/1913-05-22,2,3,0,3
lccn/sn85033078/1912-09-12,2,22,3,19
lccn/sn85033078/1912-09-26,1,7,7,0
lccn/sn83030193/1905-08-09,1,6,11,-5
lccn/sn90052434/1867-01-17,2,7,3,4
lccn/sn90052434/1867-01-31,2,17,2,15
lccn/sn85033295/1876-02-09,2,11,2,9
lccn/sn85053057/1900-09-04,1,19,27,-8
lccn/sn83030273/1920-04-25,1,4,4,0
lccn/sn85040720/1918-05-20,1,9,9,0
lccn/sn84036034/1887-06-04,1,1,4,-3
lccn/sn83045604/1893-07-22,1,0,0,0
lccn/sn84036228/1902-04-02,1,3,15,-12
lccn/sn85033437/1882-05-19,2,8,2,6
lccn/sn85033437/1882-05-28,2,15,8,7
lccn/sn85033437/1881-07-22,2,7,3,4
lccn/sn85033437/1881-05-26,2,11,9,2
lccn/sn82014327/1849-02-08,1,5,11,-6
lccn/sn84020558/1890-10-13,2,11,5,6
lccn/sn85066387/1901-09-13,1,8,12,-4
lccn/sn83040340/1895-08-30,2,12,7,5
lccn/sn84027060/1865-02-11,2,15,4,11
lccn/sn85038709/1917-05-24,2,10,3,7
lccn/sn86083352/1849-02-20,1,3,3,0
lccn/sn86083363/1849-09-12,2,9,3,6
lccn/sn83040340/1894-02-09,2,10,4,6
lccn/sn96076998/1892-07-21,2,4,1,3
lccn/sn94053256/1893-04-07,2,12,5,7
lccn/sn96076998/1897-04-08,1,0,0,0
lccn/sn94053256/1891-04-14,2,34,9,25
lccn/sn94053256/1891-09-15,2,10,0,10
lccn/sn94053256/1892-01-21,2,13,11,2
lccn/sn96076998/1899-10-26,1,4,11,-7
lccn/sn85066387/1910-06-30,2,4,3,1
lccn/sn99021999/1891-05-09,2,3,2,1
lccn/sn99021999/1890-05-04,2,17,2,15
lccn/sn99021999/1898-10-21,1,1,6,-5
lccn/sn85066387/1902-07-24,1,0,0,0
lccn/sn83040340/1897-11-05,2,5,4,1
lccn/sn85066387/1902-01-20,1,0,0,0
lccn/sn85066387/1897-02-21,1,3,17,-14
lccn/sn85066387/1897-03-11,2,11,4,7
lccn/sn85066387/1897-04-27,2,11,3,8
lccn/sn85066387/1897-02-25,1,6,12,-6
lccn/sn85066387/1897-12-04,2,24,10,14
lccn/sn85066387/1897-06-04,1,0,0,0
lccn/sn85066387/1897-05-30,1,3,10,-7
lccn/sn86061214/1902-09-18,1,5,6,-1
lccn/sn86061214/1901-09-05,2,10,7,3
lccn/sn86061214/1901-09-05,2,9,7,2
lccn/sn85042462/1906-12-08,2,4,2,2
lccn/sn85042462/1906-09-18,1,9,12,-3
lccn/sn85042462/1907-06-27,1,8,14,-6
lccn/sn84020358/1902-04-11,2,7,3,4
lccn/sn85042462/1907-09-01,1,2,4,-2
lccn/sn85042462/1907-02-08,2,13,7,6
lccn/sn86061214/1900-03-22,2,8,2,6
lccn/sn86061214/1900-07-24,1,4,6,-2
lccn/sn86061214/1900-09-06,1,4,9,-5
lccn/sn85042462/1906-11-04,2,23,11,12
lccn/sn85042462/1907-12-28,2,16,8,8
lccn/sn85042462/1906-06-22,2,8,4,4
lccn/sn84020358/1901-06-25,2,13,4,9
lccn/sn83045389/1915-06-13,2,8,2,6
lccn/sn83045389/1915-06-20,2,2,1,1
lccn/sn83045389/1915-05-15,2,14,9,5
lccn/sn83045389/1915-01-28,2,8,4,4
lccn/sn83045389/1915-07-18,1,0,0,0
lccn/sn83045389/1915-11-12,1,0,0,0
lccn/sn83045389/1915-11-24,1,6,6,0
lccn/sn83045389/1915-09-26,2,3,2,1
lccn/sn83045389/1915-09-08,2,6,3,3
lccn/sn83045389/1915-08-17,1,0,0,0
lccn/sn84024271/1906-10-18,1,3,6,-3
lccn/sn85052023/1916-08-11,2,13,10,3
lccn/sn89065008/1918-08-28,2,5,4,1
lccn/sn83045389/1916-02-11,2,4,2,2
lccn/sn86091060/1901-01-24,1,2,4,-2
lccn/sn86091060/1894-07-14,2,10,1,9
lccn/sn90051703/1883-11-02,2,9,3,6
lccn/sn90051703/1883-11-08,2,8,7,1
lccn/sn87060004/1909-05-13,1,4,13,-9
lccn/sn86091197/1916-08-11,2,4,1,3
lccn/sn83045389/1920-04-25,2,5,4,1
lccn/sn84024271/1909-11-19,1,5,12,-7
lccn/sn89065008/1921-11-23,1,2,2,0
lccn/sn89065008/1921-12-07,2,8,2,6
lccn/sn89065008/1921-12-21,1,0,10,-10
lccn/sn84024271/1905-06-29,2,14,4,10
lccn/sn86058242/1922-06-01,2,13,10,3
lccn/sn83045774/1921-06-10,1,0,0,0
lccn/sn84022835/1882-06-01,2,9,6,3
lccn/sn84029386/1896-01-09,2,4,0,4
lccn/sn86058242/1922-12-14,2,6,4,2
lccn/sn85033781/1873-07-25,1,0,0,0
lccn/sn92053933/1921-03-10,1,4,6,-2
lccn/sn92053933/1921-03-21,2,14,2,12
lccn/sn92053933/1921-04-04,2,3,2,1
lccn/sn92053933/1921-05-19,1,7,7,0
lccn/sn92053933/1921-09-21,2,9,6,3
lccn/sn92053933/1921-09-23,2,7,3,4
lccn/sn85042461/1897-01-03,2,11,2,9
lccn/sn92053933/1922-01-14,1,9,14,-5
lccn/sn92053933/1922-01-25,1,3,6,-3
lccn/sn92053933/1921-12-05,2,8,2,6
lccn/sn83045774/1922-05-14,2,15,4,11
lccn/sn85042461/1894-09-26,1,3,3,0
lccn/sn84031081/1915-01-16,2,8,3,5
lccn/sn85038615/1903-02-11,1,0,0,0
lccn/sn83045462/1925-04-30,2,5,1,4
lccn/sn87060004/1895-08-29,2,14,12,2
lccn/sn83030272/1912-09-22,2,7,2,5
lccn/sn85026941/1907-03-29,2,14,7,7
lccn/sn83045462/1925-01-18,1,2,4,-2
lccn/sn83030272/1912-08-31,2,15,6,9
lccn/sn85026941/1906-01-26,1,3,4,-1
lccn/sn83045462/1925-01-25,2,7,3,4
lccn/sn85026941/1909-03-12,2,8,3,5
lccn/sn83030272/1912-10-09,1,1,5,-4
lccn/sn84031081/1914-09-03,2,14,13,1
lccn/sn84031081/1914-10-27,1,8,8,0
lccn/sn86069309/1894-09-05,1,9,9,0
lccn/sn88064469/1911-09-24,1,3,5,-2
lccn/sn85052141/1887-01-07,2,10,5,5
lccn/sn83045462/1925-03-01,1,0,0,0
lccn/sn85038615/1904-03-06,2,10,4,6
lccn/sn85038615/1904-06-09,2,24,11,13
lccn/sn83045462/1927-01-03,1,0,0,0
lccn/sn90059959/1903-07-04,2,21,15,6
lccn/sn86086633/1912-04-04,2,3,1,2
lccn/sn86086633/1912-04-06,1,6,9,-3
lccn/sn90059959/1904-03-19,1,0,0,0
lccn/sn90059959/1904-03-19,1,0,0,0
lccn/sn90059959/1908-02-08,2,5,3,2
lccn/sn83040340/1882-01-13,2,7,5,2
lccn/sn90059959/1893-06-24,2,8,1,7
lccn/sn85042462/1910-02-19,2,4,3,1
lccn/sn94055463/1905-12-07,2,5,4,1
lccn/sn82014635/1891-09-08,2,26,5,21
lccn/sn85042462/1909-11-19,2,10,5,5
lccn/sn94055463/1902-07-24,2,14,3,11
lccn/sn93055779/1909-06-18,1,6,7,-1
lccn/sn85042462/1910-01-19,2,4,0,4
lccn/sn95070058/1907-10-11,2,14,6,8
lccn/sn83045774/1921-09-25,2,7,5,2
lccn/sn95070058/1910-04-01,1,3,7,-4
lccn/sn95070058/1910-05-20,1,10,13,-3
lccn/sn95070058/1910-09-16,2,11,5,6
lccn/sn85042462/1909-09-24,1,5,12,-7
lccn/sn85042462/1909-12-25,2,33,18,15
lccn/sn85042462/1909-12-26,2,9,7,2
lccn/sn85025715/1896-02-11,1,0,0,0
lccn/sn88064250/1904-03-19,1,7,8,-1
lccn/sn82006687/1916-02-03,2,7,6,1
lccn/sn82015387/1894-06-02,2,13,5,8
lccn/sn83016348/1854-12-16,2,13,4,9
lccn/sn86069162/1897-03-17,2,13,2,11
lccn/sn94060041/1898-08-06,2,13,4,9
lccn/sn94060041/1888-12-15,1,8,9,-1
lccn/sn94060041/1897-10-02,2,16,3,13
lccn/sn94060041/1898-08-27,2,11,1,10
lccn/sn87062245/1902-02-12,2,8,4,4
lccn/sn87062245/1901-12-22,2,17,14,3
lccn/sn87062245/1902-03-04,2,18,4,14
lccn/sn87062245/1901-10-06,2,8,2,6
lccn/sn83030272/1914-03-05,1,6,7,-1
lccn/sn92070582/1915-09-04,1,0,0,0
lccn/sn92070582/1915-05-01,2,6,5,1
lccn/sn85038292/1915-04-23,2,5,3,2
lccn/sn85038292/1910-08-12,2,1,0,1
lccn/sn85038292/1912-02-23,2,9,2,7
lccn/sn83030272/1914-09-06,2,7,1,6
lccn/sn85038292/1912-08-02,1,5,11,-6
lccn/sn85038292/1917-11-02,2,19,1,18
lccn/sn85038292/1922-05-12,2,12,2,10
lccn/sn84037890/1890-08-27,2,9,5,4
lccn/sn83045462/1923-11-25,2,4,1,3
lccn/sn84037890/1884-03-05,2,13,3,10
lccn/sn84037890/1884-02-27,2,31,15,16
lccn/sn84037890/1894-06-06,1,3,3,0
lccn/sn83045462/1923-10-21,1,3,3,0
lccn/sn83045462/1923-10-28,2,19,3,16
lccn/sn83045462/1923-10-16,1,0,0,0
lccn/sn89060060/1887-09-16,2,9,4,5
lccn/sn83045462/1923-10-11,1,3,22,-19
lccn/sn83045462/1923-09-26,2,6,1,5
lccn/sn92070582/1917-08-30,2,6,5,1
lccn/sn83030272/1914-05-25,1,2,4,-2
lccn/sn94060041/1899-08-05,2,12,5,7
lccn/sn94060041/1899-08-26,2,14,3,11
lccn/sn85038292/1916-05-05,1,0,2,-2
lccn/sn85038292/1915-01-22,2,7,3,4
lccn/sn85038292/1915-03-12,2,9,2,7
lccn/sn86069313/1899-03-03,2,11,10,1
lccn/sn86069395/1892-09-23,1,0,0,0
lccn/sn85066387/1905-06-23,1,10,21,-11
lccn/sn97070614/1898-04-29,2,16,9,7
lccn/sn84029838/1885-01-22,2,12,3,9
lccn/sn86058242/1909-05-06,2,12,2,10
lccn/sn86058242/1909-12-13,1,4,7,-3
lccn/sn86058242/1909-12-15,2,19,2,17
lccn/sn84029853/1891-01-07,2,10,8,2
lccn/sn97070614/1899-11-17,2,10,3,7
lccn/sn97070614/1899-12-01,1,2,2,0
lccn/sn97070614/1899-06-30,2,17,8,9
lccn/sn97070614/1899-12-08,2,5,4,1
lccn/sn90059959/1912-12-07,1,0,0,0
lccn/sn90059959/1910-12-17,1,4,6,-2
lccn/sn84021912/1889-06-29,1,0,0,0
lccn/sn85066387/1905-06-08,2,5,4,1
lccn/2004260421/1893-10-13,2,12,9,3
lccn/sn85025007/1893-02-22,2,10,4,6
lccn/sn88064118/1879-07-09,1,4,5,-1
lccn/sn88064057/1919-06-28,2,8,4,4
lccn/sn85025007/1892-10-14,2,9,6,3
lccn/sn85025007/1892-06-03,2,6,3,3
lccn/2004260421/1901-06-21,2,5,3,2
lccn/sn86069394/1886-02-23,2,7,1,6
lccn/sn86053696/1885-01-17,2,5,1,4
lccn/sn96088088/1905-04-21,1,3,10,-7
lccn/sn85025007/1888-07-10,2,11,7,4
lccn/sn88064057/1921-06-25,2,1,0,1
lccn/sn84023253/1908-07-08,2,10,6,4
lccn/sn84023253/1910-11-09,2,11,5,6
lccn/sn84023253/1912-06-05,2,9,3,6
lccn/sn84023253/1909-02-24,1,2,6,-4
lccn/sn84023253/1913-02-12,2,22,5,17
lccn/sn84026844/1892-04-02,2,15,6,9
lccn/sn98060188/1919-10-01,2,15,5,10
lccn/sn84023253/1905-01-18,1,2,10,-8
lccn/sn84023253/1905-12-13,2,14,4,10
lccn/sn84023253/1918-03-13,2,3,2,1
lccn/sn90005351/1922-10-14,2,13,6,7
lccn/sn84023253/1897-05-28,1,0,0,0
lccn/sn86071719/1890-10-01,2,14,3,11
lccn/sn85038121/1852-04-01,1,0,0,0
lccn/sn85038121/1852-04-29,2,5,3,2
lccn/sn85038121/1852-04-08,1,3,4,-1
lccn/sn92070581/1912-11-28,2,6,2,4
lccn/sn92070464/1905-12-23,2,8,1,7
lccn/sn92070464/1903-10-10,2,6,3,3
lccn/sn92070464/1903-10-17,2,18,3,15
lccn/sn84026749/1921-10-23,2,12,0,12
lccn/sn83045462/1902-03-05,2,5,2,3
lccn/sn83045462/1900-09-07,2,29,2,27
lccn/sn85034357/1919-09-12,2,15,12,3
lccn/sn84020109/1875-02-04,2,12,3,9
lccn/2010270500/1913-06-20,2,10,8,2
lccn/2010270500/1912-05-10,2,7,1,6
lccn/sn86061215/1914-08-08,2,10,9,1
lccn/sn86061215/1915-10-26,2,9,8,1
lccn/sn86061215/1915-10-30,2,17,5,12
lccn/sn86061215/1915-11-20,2,20,3,17
lccn/sn86061215/1913-02-11,1,10,13,-3
lccn/sn86061215/1913-02-15,2,15,6,9
lccn/sn86061215/1913-02-18,2,20,2,18
lccn/sn86061215/1913-04-26,1,1,1,0
lccn/sn86061215/1914-11-17,2,15,6,9
lccn/sn86061215/1914-11-28,1,1,3,-2
lccn/sn86061215/1915-02-23,1,1,6,-5
lccn/sn86061215/1913-12-09,2,15,7,8
lccn/sn84020109/1876-08-31,2,9,2,7
lccn/sn84027621/1909-07-28,2,9,4,5
lccn/2010270500/1915-10-14,2,8,1,7
lccn/sn82014086/1912-11-23,1,1,3,-2
lccn/sn82014086/1912-11-29,1,0,0,0
lccn/sn88053098/1886-05-15,2,23,14,9
lccn/sn88053098/1885-10-03,2,13,6,7
lccn/2010270500/1919-05-01,1,9,11,-2
lccn/sn84020594/1872-05-30,2,13,3,10
lccn/sn86061215/1910-06-09,1,2,5,-3
lccn/sn82014086/1910-05-26,2,8,2,6
lccn/sn82014086/1911-03-17,2,15,1,14
lccn/sn85066387/1903-05-29,2,20,12,8
lccn/sn82014086/1911-04-05,2,14,4,10
lccn/sn82014086/1912-02-22,2,4,2,2
lccn/sn82014086/1911-07-08,2,10,8,2
lccn/sn82014086/1911-07-08,2,23,8,15
lccn/sn82014086/1911-11-30,2,7,2,5
lccn/sn85066387/1904-05-20,1,0,0,0
lccn/sn82014086/1912-06-11,1,5,14,-9
lccn/sn82014086/1912-06-18,2,13,6,7
lccn/sn82014086/1912-06-22,2,11,0,11
lccn/sn82014086/1912-06-24,2,5,1,4
lccn/sn82014086/1912-10-14,1,1,6,-5
lccn/sn82014086/1910-02-12,1,4,13,-9
lccn/sn86061215/1911-11-21,2,9,3,6
lccn/sn86061215/1911-11-23,2,7,2,5
lccn/sn86061215/1911-08-17,2,13,3,10
lccn/sn82015080/1897-07-14,2,15,2,13
lccn/sn84038095/1920-07-07,2,14,8,6
lccn/sn82014086/1911-04-11,1,3,6,-3
lccn/sn82014086/1911-05-31,1,4,5,-1
lccn/sn82014086/1911-06-20,2,13,2,11
lccn/sn82014086/1911-08-31,2,32,25,7
lccn/sn84038095/1917-01-10,1,4,6,-2
lccn/sn96027172/1910-07-08,1,5,10,-5
lccn/sn85066387/1903-02-21,1,9,11,-2
lccn/sn82014086/1910-09-27,2,16,1,15
lccn/sn82014086/1910-03-25,1,3,4,-1
lccn/sn86061215/1911-10-14,2,18,4,14
lccn/sn86061215/1912-03-16,2,10,3,7
lccn/sn86061215/1912-05-11,1,4,9,-5
lccn/sn86061215/1912-06-08,1,9,13,-4
lccn/sn86061215/1912-07-20,1,4,8,-4
lccn/sn86061215/1912-05-18,2,12,1,11
lccn/sn82014086/1911-02-28,1,8,9,-1
lccn/sn86061216/1917-08-03,2,20,7,13
lccn/sn86061216/1917-08-10,2,22,6,16
lccn/sn86061216/1917-10-12,2,16,1,15
lccn/sn86061216/1917-10-19,2,14,2,12
lccn/sn86061216/1917-11-09,2,10,1,9
lccn/sn86061216/1917-12-14,2,2,1,1
lccn/sn84038105/1863-11-27,2,11,2,9
lccn/sn84038105/1863-12-18,ERROR
lccn/sn84038105/1863-10-09,2,10,3,7
lccn/sn85066387/1908-06-26,1,8,8,0
lccn/sn85029677/1886-03-20,2,7,5,2
lccn/sn85066387/1910-09-28,1,9,9,0
lccn/sn85066387/1909-08-10,1,6,14,-8
lccn/sn85029677/1885-01-24,2,12,4,8
lccn/sn85029677/1898-03-17,1,7,7,0
lccn/sn85029677/1891-04-23,2,3,1,2
lccn/sn99021999/1886-12-20,2,7,3,4
lccn/sn85032938/1894-10-10,1,2,5,-3
lccn/sn99021999/1888-01-19,1,5,5,0
lccn/sn82016413/1902-03-23,2,10,7,3
lccn/sn87057262/1916-07-15,2,17,3,14
lccn/sn82014086/1918-01-30,1,3,5,-2
lccn/sn82014086/1918-02-06,2,6,3,3
lccn/sn82014086/1917-01-19,2,9,2,7
lccn/sn83030214/1895-03-10,2,17,4,13
lccn/sn92053934/1913-05-29,2,9,2,7
lccn/sn83030214/1897-06-13,2,6,4,2
lccn/sn87055779/1920-07-14,2,8,3,5
lccn/sn85066387/1911-01-09,2,11,2,9
lccn/sn87055779/1920-03-27,1,0,0,0
lccn/sn87055779/1919-12-14,2,18,7,11
lccn/sn89081022/1904-03-09,2,8,6,2
lccn/sn92053934/1913-05-05,1,1,1,0
lccn/sn83016672/1892-09-08,2,9,2,7
lccn/sn85066387/1911-09-08,2,6,4,2
lccn/sn83045789/1885-09-27,2,30,9,21
lccn/sn83045789/1885-08-13,2,11,9,2
lccn/sn87055779/1917-12-23,2,11,1,10
lccn/sn89081022/1907-02-20,2,7,1,6
lccn/sn83045774/1921-10-09,2,8,7,1
lccn/sn86091347/1901-10-18,1,0,0,0
lccn/sn85066387/1899-07-30,1,0,0,0
lccn/sn94052989/1895-01-04,2,22,4,18
lccn/sn94052989/1895-01-16,1,6,12,-6
lccn/sn96076817/1903-05-09,1,7,7,0
lccn/sn87057934/1904-02-04,2,11,6,5
lccn/sn85066387/1899-04-29,1,7,7,0
lccn/sn93053725/1902-12-22,2,12,7,5
lccn/sn83025121/1913-08-26,2,17,2,15
lccn/sn83025121/1913-04-25,1,5,5,0
lccn/sn86063662/1880-06-24,1,12,13,-1
lccn/sn86058226/1910-11-22,2,6,5,1
lccn/sn90059523/1904-04-07,2,4,3,1
lccn/sn90059523/1901-12-21,1,4,9,-5
lccn/sn93055779/1906-02-02,2,10,2,8
lccn/sn93055779/1904-03-29,1,4,12,-8
lccn/sn84038016/1881-09-13,2,15,7,8
lccn/sn84026749/1907-11-04,2,6,5,1
lccn/sn90059522/1893-10-21,2,6,0,6
lccn/sn90059522/1894-06-03,2,7,5,2
lccn/sn90059523/1900-02-04,2,13,11,2
lccn/sn90059523/1900-01-18,2,7,4,3
lccn/sn90059523/1899-09-02,2,6,5,1
lccn/sn99063956/1901-02-05,2,9,4,5
lccn/sn99063956/1900-02-07,2,9,4,5
lccn/sn95079220/1903-01-23,2,11,9,2
lccn/sn85038614/1900-12-28,2,11,1,10
lccn/sn85038614/1900-11-13,1,0,1,-1
lccn/sn85038614/1901-05-07,2,6,3,3
lccn/sn99063956/1901-03-20,1,8,11,-3
lccn/sn99063956/1901-11-27,2,5,2,3
lccn/sn99063956/1901-04-24,1,5,5,0
lccn/sn99063956/1901-05-11,2,10,6,4
lccn/sn99063956/1901-05-29,2,9,4,5
lccn/sn99063956/1901-09-14,1,12,13,-1
lccn/sn99061556/1903-06-09,2,6,4,2
lccn/sn97071110/1900-09-14,2,8,1,7
lccn/sn83025316/1910-10-05,2,9,2,7
lccn/sn84025841/1904-03-19,1,3,13,-10
lccn/sn97071110/1906-05-31,2,3,0,3
lccn/sn85038614/1901-04-16,2,13,3,10
lccn/sn85033673/1867-08-27,2,10,7,3
lccn/sn85033673/1867-08-28,2,8,4,4
lccn/sn85033673/1867-08-31,2,15,5,10
lccn/sn85033673/1867-09-02,1,5,7,-2
lccn/sn85033673/1867-09-06,2,13,5,8
lccn/sn85033673/1867-09-07,2,8,5,3
lccn/sn85033673/1867-09-12,2,13,7,6
lccn/sn85033673/1867-09-13,2,10,5,5
lccn/sn85038615/1908-05-13,1,2,4,-2
lccn/sn84020558/1919-10-25,2,11,3,8
lccn/sn82014635/1894-09-19,1,5,5,0
lccn/sn82014635/1894-05-19,1,2,4,-2
lccn/sn82014635/1894-05-04,1,0,0,0
lccn/sn82014635/1894-05-31,1,6,6,0
lccn/sn82014381/1890-04-29,1,0,0,0
lccn/sn82014635/1895-03-12,1,11,13,-2
lccn/sn84020558/1921-01-12,2,3,1,2
lccn/sn84020558/1920-12-22,2,8,5,3
lccn/sn84020558/1920-12-08,2,15,3,12
lccn/sn84020558/1921-09-19,1,8,9,-1
lccn/2016270503/1900-05-26,1,6,10,-4
lccn/sn84020558/1921-11-01,2,6,1,5
lccn/sn84020558/1920-09-30,2,7,1,6
lccn/sn84020558/1920-06-03,2,5,0,5
lccn/sn84020558/1921-12-31,2,13,4,9
lccn/sn85026421/1883-11-15,1,0,0,0
lccn/sn85033637/1899-02-14,2,14,6,8
lccn/sn84020558/1920-05-19,2,15,4,11
lccn/sn84020558/1920-05-18,2,12,3,9
lccn/sn84020558/1920-05-24,2,4,0,4
lccn/sn84020558/1921-11-19,2,8,1,7
lccn/sn82014635/1895-04-28,2,14,8,6
lccn/sn82014635/1896-09-13,2,7,3,4
lccn/sn2001063112/1916-08-,1,8,12,-4
lccn/sn83030214/1905-06-26,1,10,12,-2
lccn/sn85038411/1915-09-11,2,12,10,2
lccn/sn85038411/1914-07-15,2,6,0,6
lccn/sn85038411/1914-09-05,1,3,10,-7
lccn/sn85038411/1914-09-12,2,7,1,6
lccn/sn85042344/1917-09-15,2,11,6,5
lccn/sn85042344/1917-03-15,2,6,2,4
lccn/sn2001063112/1915-03-,1,8,9,-1
lccn/sn85038411/1916-08-12,2,12,3,9
lccn/sn85038411/1916-05-10,1,2,10,-8
lccn/sn85038411/1916-03-04,1,7,9,-2
lccn/sn83045433/1913-07-13,1,3,4,-1
lccn/sn86081330/1915-01-29,2,3,0,3
lccn/sn86081330/1915-03-22,1,1,3,-2
lccn/sn98069055/1906-06-15,1,7,10,-3
lccn/sn83025287/1879-03-29,2,19,8,11
lccn/sn83025287/1879-03-29,2,19,8,11
lccn/sn87096040/1901-07-12,1,3,8,-5
lccn/sn84020274/1903-07-20,2,8,4,4
lccn/sn84020274/1901-07-11,2,15,8,7
lccn/sn84020274/1903-12-02,2,10,2,8
lccn/sn87096040/1889-06-21,1,6,7,-1
lccn/sn90059522/1886-06-12,1,0,0,0
lccn/sn86058226/1922-06-19,2,13,5,8
lccn/sn87096040/1885-12-23,2,15,12,3
lccn/sn87096040/1886-12-17,2,14,7,7
lccn/sn85025569/1860-12-05,1,0,0,0
lccn/sn87096040/1912-06-06,1,0,2,-2
lccn/sn87096040/1906-04-19,1,3,10,-7
lccn/sn87096040/1907-05-02,1,6,7,-1
lccn/sn85049554/1901-04-10,2,10,8,2
lccn/sn85049554/1901-11-30,2,18,15,3
lccn/sn85049554/1902-01-24,2,5,4,1
lccn/sn85049554/1902-09-03,1,0,14,-14
lccn/sn99021999/1913-05-04,1,6,7,-1
lccn/sn99021999/1913-06-04,2,9,5,4
lccn/sn84038806/1876-01-01,2,23,2,21
lccn/sn84027621/1901-01-02,2,12,3,9
lccn/sn84027621/1901-03-23,2,11,7,4
lccn/sn99021999/1908-02-16,1,7,12,-5
lccn/sn99021999/1908-02-21,1,0,6,-6
lccn/sn84038806/1876-06-15,2,7,2,5
lccn/sn84038806/1876-06-16,2,8,4,4
lccn/sn84038806/1876-06-17,2,5,2,3
lccn/sn84038806/1876-06-18,2,7,3,4
lccn/sn84038806/1876-06-20,2,12,3,9
lccn/sn84038806/1876-06-21,2,10,3,7
lccn/sn84038806/1876-06-22,2,6,1,5
lccn/sn99021999/1908-04-08,1,6,10,-4
lccn/sn99021999/1908-02-13,1,4,11,-7
lccn/sn99021999/1907-12-19,1,5,5,0
lccn/sn84038806/1876-04-14,1,0,0,0
lccn/sn99021999/1907-05-24,1,6,6,0
lccn/sn82016014/1912-05-28,2,11,10,1
lccn/sn83025121/1914-08-07,1,3,5,-2
lccn/sn83045462/1916-06-14,2,5,0,5
lccn/sn83030214/1920-04-13,2,11,10,1
lccn/sn83030214/1921-01-21,1,0,0,0
lccn/sn83045462/1916-11-05,2,8,3,5
lccn/sn83045462/1916-06-23,2,2,1,1
lccn/sn83045462/1916-08-18,2,9,1,8
lccn/sn85058397/1912-10-05,2,3,0,3
lccn/sn85058397/1911-05-18,2,7,5,2
lccn/sn83045433/1921-03-04,2,9,5,4
lccn/sn82016187/1891-09-17,2,5,3,2
lccn/sn83045555/1905-04-08,1,9,9,0
lccn/sn83030214/1920-05-29,1,8,13,-5
lccn/sn82015483/1894-04-16,2,13,3,10
lccn/sn94053256/1889-05-22,2,4,3,1
lccn/sn94053256/1888-11-01,2,21,9,12
lccn/sn94053256/1889-11-19,1,5,6,-1
lccn/sn85030219/1858-03-13,1,0,0,0
lccn/sn84038306/1918-05-15,2,17,12,5
lccn/sn84038306/1920-06-09,2,7,1,6
lccn/sn84038306/1921-06-01,1,7,7,0
lccn/sn84038306/1920-11-17,2,17,8,9
lccn/sn84038306/1915-06-30,1,2,11,-9
lccn/sn95047178/1903-04-30,1,1,4,-3
lccn/sn87057096/1918-12-05,1,1,4,-3
lccn/sn87057096/1917-10-11,2,10,3,7
lccn/sn87057096/1919-10-30,1,2,10,-8
lccn/sn84038306/1914-02-18,2,6,4,2
lccn/sn84038306/1912-03-06,2,4,2,2
lccn/sn84038306/1913-06-25,2,10,3,7
lccn/sn94052989/1894-03-06,1,9,14,-5
lccn/sn94052989/1894-03-01,1,5,5,0
lccn/sn87060004/1897-12-23,2,16,5,11
lccn/sn84036143/1881-01-13,2,13,4,9
lccn/sn89058364/1895-05-31,2,7,3,4
lccn/sn87060004/1897-12-30,1,11,14,-3
lccn/sn87060004/1898-01-06,1,9,11,-2
lccn/sn98069867/1920-12-04,2,12,11,1
lccn/sn84026824/1894-05-24,2,8,7,1
lccn/sn84026824/1897-07-08,1,4,5,-1
lccn/sn84026824/1915-08-12,2,11,9,2
lccn/sn84026824/1916-04-20,2,11,3,8
lccn/sn84026824/1902-02-27,1,0,0,0
lccn/sn85038161/1906-12-13,2,14,6,8
lccn/sn85038161/1911-03-30,1,2,3,-1
lccn/sn85038161/1911-04-06,2,15,5,10
lccn/sn84026844/1891-06-11,2,17,2,15
lccn/sn88077573/1911-03-03,2,8,7,1
lccn/sn95066012/1914-12-16,1,7,10,-3
lccn/sn85038615/1913-08-14,2,3,1,2
lccn/sn85038615/1914-08-30,1,2,2,0
lccn/sn85038615/1914-08-11,1,2,6,-4
lccn/sn85038615/1914-08-12,2,4,3,1
lccn/sn85038615/1914-08-16,2,7,5,2
lccn/sn85034235/1919-01-23,2,12,7,5
lccn/sn85034235/1917-05-17,1,0,5,-5
lccn/sn85034235/1917-09-06,1,0,0,0
lccn/sn85034235/1909-07-08,2,6,3,3
lccn/sn85034235/1914-11-05,1,9,16,-7
lccn/sn84026688/1875-12-03,2,9,8,1
lccn/sn84026688/1876-03-17,2,8,5,3
lccn/sn86069620/1907-01-24,2,5,2,3
lccn/sn83004226/1898-02-25,2,10,9,1
lccn/sn85038615/1913-12-24,2,13,6,7
lccn/sn2001063133/1903-01-,2,17,2,15
lccn/sn88076086/1921-06-09,2,19,8,11
lccn/sn82014064/1870-09-26,2,12,6,6
lccn/sn2001063133/1902-01-,2,16,2,14
lccn/sn88076679/1889-06-20,2,16,12,4
lccn/sn87080287/1897-10-04,2,17,7,10
lccn/sn87080287/1899-03-27,1,6,8,-2
lccn/sn87080287/1897-09-09,2,21,8,13
lccn/sn86064187/1919-02-18,2,14,0,14
lccn/sn83045462/1911-11-15,2,13,8,5
lccn/sn83045462/1912-06-07,2,8,2,6
lccn/sn83045462/1912-01-22,1,6,9,-3
lccn/sn83045462/1911-09-17,2,33,20,13
lccn/sn83045462/1912-02-28,2,9,2,7
lccn/sn83045462/1912-03-02,2,5,4,1
lccn/sn83045462/1911-01-08,2,1,0,1
lccn/sn85042242/1913-08-13,2,15,2,13
lccn/sn89066316/1922-08-23,1,6,10,-4
lccn/sn89066316/1922-10-21,2,14,6,8
lccn/sn85042242/1915-03-20,2,7,3,4
lccn/sn89066316/1922-12-06,2,7,4,3
lccn/sn83045462/1912-03-19,2,11,6,5
lccn/sn84024283/1914-01-22,2,9,3,6
lccn/sn84024283/1916-04-27,2,9,6,3
lccn/sn84024283/1916-10-12,2,10,6,4
lccn/sn84024283/1911-12-14,1,0,0,0
lccn/sn84024283/1912-03-21,2,3,2,1
lccn/sn84024283/1912-09-26,2,9,4,5
lccn/sn84024283/1903-01-29,1,5,11,-6
lccn/sn83030214/1899-09-25,2,14,5,9
lccn/sn85042242/1914-06-05,2,2,1,1
lccn/sn85042588/1887-09-09,1,0,0,0
lccn/sn83026389/1905-07-15,2,11,6,5
lccn/sn83026389/1905-12-30,2,12,6,6
lccn/sn83026389/1906-01-20,2,2,1,1
lccn/sn83026389/1906-11-24,2,13,9,4
lccn/sn83026389/1905-04-22,1,6,8,-2
lccn/sn83026389/1905-09-09,2,19,4,15
lccn/sn83026389/1905-09-16,2,23,3,20
lccn/sn83026389/1905-09-23,2,15,2,13
lccn/sn83026389/1905-09-30,2,20,4,16
lccn/sn83026389/1905-10-21,1,8,14,-6
lccn/sn83026389/1906-04-07,2,2,0,2
lccn/sn83026389/1905-08-05,2,8,4,4
lccn/sn83026389/1906-03-03,2,7,0,7
lccn/sn83026389/1906-09-08,2,10,2,8
lccn/sn83026389/1906-09-22,2,8,2,6
lccn/sn85034357/1914-03-13,2,19,2,17
lccn/sn85034357/1914-08-07,2,5,2,3
lccn/sn85034357/1914-12-18,2,12,1,11
lccn/sn85034357/1916-02-11,2,17,15,2
lccn/sn85034357/1916-09-08,1,12,12,0
lccn/sn85034357/1920-10-15,1,10,10,0
lccn/sn85034357/1922-02-24,2,14,6,8
lccn/sn85025715/1897-09-05,2,4,2,2
lccn/sn85025715/1897-09-15,2,7,5,2
lccn/sn85025715/1897-09-01,2,15,11,4
lccn/sn85025715/1897-09-07,2,11,3,8
lccn/sn85025715/1897-09-16,2,9,4,5
lccn/sn85025715/1897-09-21,1,1,12,-11
lccn/sn85025715/1896-09-05,1,6,9,-3
lccn/sn85025715/1896-09-08,1,2,5,-3
lccn/sn86090233/1904-06-09,2,19,8,11
lccn/sn84024720/1911-03-10,2,9,6,3
lccn/sn88064250/1911-08-26,1,0,2,-2
lccn/sn85025715/1896-08-15,1,8,10,-2
lccn/sn83025733/1881-08-07,2,9,1,8
lccn/sn83025733/1881-07-21,1,3,5,-2
lccn/sn83025779/1919-02-15,2,14,3,11
lccn/sn83025779/1922-09-23,1,1,6,-5
lccn/sn83025779/1921-03-05,2,10,8,2
lccn/sn83025779/1921-05-07,2,24,5,19
lccn/sn83025733/1885-07-14,2,1,0,1
lccn/sn86088296/1887-10-13,2,15,3,12
lccn/sn86088296/1888-08-09,2,18,2,16
lccn/sn86088296/1888-11-29,2,6,3,3
lccn/sn86088296/1889-01-03,2,14,8,6
lccn/sn86088296/1889-05-23,2,17,4,13
lccn/sn83025733/1874-04-19,1,14,16,-2
lccn/sn83025733/1880-06-24,2,10,3,7
lccn/sn83045396/1905-10-28,2,4,1,3
lccn/sn83045396/1909-01-31,2,10,9,1
lccn/sn83030214/1909-07-25,1,0,0,0
lccn/sn86063952/1908-04-22,1,0,2,-2
lccn/sn86063952/1906-01-02,1,6,12,-6
lccn/sn86063952/1899-03-14,2,5,2,3
lccn/sn86063952/1899-04-08,2,8,4,4
lccn/sn86063952/1899-03-23,2,2,1,1
lccn/sn86063952/1899-03-25,2,10,5,5
lccn/sn86063952/1899-03-28,2,8,4,4
lccn/sn86063952/1899-04-03,2,9,3,6
lccn/sn85066387/1900-05-02,1,8,8,0
lccn/sn85066387/1900-06-17,2,17,6,11
lccn/sn85066387/1900-12-21,1,2,8,-6
lccn/sn85066387/1901-02-07,2,13,4,9
lccn/sn85066387/1901-07-16,2,11,9,2
lccn/sn86071779/1899-09-17,1,0,0,0
lccn/sn86063592/1903-03-19,1,8,9,-1
lccn/sn93061674/1896-01-30,1,0,0,0
lccn/sn86071779/1899-09-05,2,14,5,9
lccn/sn86071779/1899-09-12,2,9,1,8
lccn/sn86071779/1899-05-21,2,6,1,5
lccn/sn85034248/1918-01-26,2,8,7,1
lccn/sn83045462/1924-06-07,2,11,1,10
lccn/sn86071779/1900-06-24,2,9,6,3
lccn/sn86071779/1899-08-30,2,5,3,2
lccn/sn86071779/1900-12-01,2,12,5,7
lccn/sn83045462/1924-02-02,2,6,4,2
lccn/sn83045462/1924-08-31,1,0,0,0
lccn/sn85040344/1883-04-14,2,6,1,5
lccn/sn83045604/1892-05-12,2,16,5,11
lccn/sn85040344/1876-02-03,1,7,7,0
lccn/sn85040344/1901-11-16,2,7,1,6
lccn/sn83045604/1894-11-25,2,19,6,13
lccn/sn84036228/1905-02-15,2,6,5,1
lccn/sn83030193/1892-10-19,2,5,0,5
lccn/sn83045604/1894-02-13,2,4,1,3
lccn/sn83045604/1893-03-18,2,9,5,4
lccn/sn83045604/1893-03-18,1,11,23,-12
lccn/sn83045604/1893-09-22,1,3,25,-22
lccn/sn85040344/1907-01-12,2,7,5,2
lccn/sn83045604/1894-05-19,2,4,2,2
lccn/sn92063852/1939-12-09,1,2,8,-6
lccn/sn86076366/1900-07-20,2,13,7,6
lccn/sn86076366/1909-09-17,1,20,30,-10
lccn/sn83045433/1913-12-20,1,7,8,-1
lccn/sn83045433/1911-10-06,1,5,6,-1
lccn/sn83045433/1914-06-12,1,4,11,-7
lccn/sn83045433/1912-06-05,1,3,5,-2
lccn/sn83045433/1912-06-09,1,3,10,-7
lccn/sn84027352/1858-04-15,2,19,13,6
lccn/sn84027352/1864-11-17,2,6,5,1
lccn/sn95026977/1907-06-21,1,0,0,0
lccn/sn99021999/1901-06-23,2,7,6,1
lccn/sn99021999/1900-04-11,1,2,8,-6
lccn/sn95026977/1909-10-11,2,11,2,9
lccn/sn95026977/1905-09-18,2,5,3,2
lccn/sn99021999/1900-02-20,2,11,1,10
lccn/sn95026977/1905-01-10,1,8,10,-2
lccn/sn84038095/1917-10-10,1,9,9,0
lccn/sn99021999/1901-10-25,2,7,6,1
lccn/sn99021999/1901-09-17,1,4,4,0
lccn/sn82015080/1892-01-06,2,11,5,6
lccn/sn86061215/1910-12-10,2,8,4,4
lccn/sn86061215/1910-11-26,2,17,3,14
lccn/sn84020594/1875-11-17,1,0,0,0
lccn/sn85038615/1913-01-19,2,9,1,8
lccn/sn86064259/1918-03-01,2,18,5,13
lccn/sn85038615/1912-09-30,2,15,7,8
lccn/sn85038615/1912-12-29,1,0,0,0
lccn/sn85038615/1912-11-09,1,0,0,0
lccn/sn86064259/1918-05-03,2,21,5,16
lccn/sn86064259/1918-05-31,2,23,10,13
lccn/sn84023428/1870-04-26,2,13,8,5
lccn/sn84023428/1863-08-13,2,5,3,2
lccn/sn84023428/1863-09-24,2,7,2,5
lccn/sn88077413/1859-05-13,2,2,0,2
lccn/sn84023416/1874-05-16,1,0,0,0
lccn/sn84023416/1886-02-05,1,7,9,-2
lccn/sn84023416/1889-11-08,2,15,14,1
lccn/sn84023416/1887-10-21,2,14,5,9
lccn/sn84023416/1885-02-13,2,5,3,2
lccn/sn84026844/1899-03-25,2,5,3,2
lccn/sn84023416/1895-06-21,1,2,2,0
lccn/sn84026844/1900-12-07,2,15,0,15
lccn/sn84026844/1900-09-12,2,18,6,12
lccn/sn83035216/1868-06-27,2,6,2,4
lccn/sn97067613/1900-02-21,1,6,8,-2
lccn/sn96088246/1914-12-05,2,8,1,7
lccn/sn87060165/1899-10-05,2,10,4,6
lccn/sn87060165/1910-02-19,2,16,6,10
lccn/sn87060165/1911-04-22,2,6,2,4
lccn/sn85025350/1904-09-10,2,13,9,4
lccn/sn85025350/1886-01-23,2,5,3,2
lccn/sn85025007/1904-09-19,1,0,0,0
lccn/sn84024716/1904-05-11,2,9,2,7
lccn/sn84024716/1907-08-28,2,9,5,4
lccn/sn84024716/1908-11-11,2,8,5,3
lccn/sn85034438/1901-04-07,2,15,4,11
lccn/sn84036012/1899-06-11,2,6,3,3
lccn/sn84036012/1899-06-03,2,21,5,16
lccn/sn84036012/1899-03-04,2,9,0,9
lccn/sn85025350/1910-03-26,1,2,11,-9
lccn/sn85025350/1910-09-17,2,11,10,1
lccn/sn85025350/1905-07-01,2,7,3,4
lccn/sn84036012/1899-12-10,2,10,4,6
lccn/sn86064205/1885-06-08,2,3,1,2
lccn/sn88084272/1915-05-21,1,0,5,-5
lccn/sn88084272/1915-01-16,2,7,3,4
lccn/sn86072054/1922-03-18,1,3,15,-12
lccn/sn86072054/1920-11-29,1,2,9,-7
lccn/sn88084272/1910-04-19,1,6,7,-1
lccn/sn88084272/1910-12-06,1,3,6,-3
lccn/sn88085318/1918-03-02,2,20,7,13
lccn/sn88085318/1910-09-24,2,3,2,1
lccn/sn86071593/1913-12-30,2,5,0,5
lccn/sn97067589/1907-06-28,1,3,4,-1
lccn/sn98069146/1906-11-23,1,1,4,-3
lccn/sn86072054/1920-04-29,1,1,5,-4
lccn/sn85038222/1870-06-09,2,3,1,2
lccn/sn97067589/1910-11-04,1,3,4,-1
lccn/sn98069146/1905-06-09,2,12,7,5
lccn/sn86072054/1922-05-06,2,17,4,13
lccn/sn83045555/1904-05-14,1,4,4,0
lccn/sn84024546/1892-06-28,2,9,8,1
lccn/sn84024546/1892-07-19,1,0,0,0
lccn/sn83045555/1900-12-08,2,19,7,12
lccn/sn83045555/1900-09-18,1,5,10,-5
lccn/sn83045555/1902-05-23,2,16,10,6
lccn/sn85054468/1898-09-03,2,21,9,12
lccn/sn83045555/1894-04-19,2,11,6,5
lccn/sn83045555/1894-04-17,2,8,2,6
lccn/sn83045211/1919-01-13,2,11,6,5
lccn/sn83045211/1919-03-08,2,13,6,7
lccn/sn84026749/1914-05-05,2,14,10,4
lccn/sn83045433/1915-04-25,2,8,6,2
lccn/sn83045433/1915-05-20,2,6,1,5
lccn/sn85058130/1891-01-04,1,4,17,-13
lccn/sn83045211/1919-05-23,1,2,7,-5
lccn/sn83045211/1919-05-28,2,27,6,21
lccn/sn83045555/1901-01-01,2,13,5,8
lccn/sn83045555/1901-01-19,2,16,7,9
lccn/sn88056024/1919-12-14,2,21,2,19
lccn/sn88056024/1919-12-17,1,1,1,0
lccn/sn88056024/1919-12-13,2,19,0,19
lccn/sn87007277/1897-11-05,2,6,1,5
lccn/sn85025007/1886-01-30,1,5,12,-7
lccn/sn83016555/1875-10-07,2,5,3,2
lccn/sn85025007/1911-07-07,1,11,15,-4
lccn/sn93059208/1908-08-15,2,11,3,8
lccn/sn82014086/1918-11-30,2,10,7,3
lccn/sn82014086/1919-06-11,2,6,5,1
lccn/sn82014086/1919-02-12,1,3,3,0
lccn/sn82014086/1919-02-22,1,8,10,-2
lccn/sn82014086/1918-12-19,2,18,0,18
lccn/sn82014086/1919-07-24,2,9,4,5
lccn/sn82014086/1919-05-06,1,4,4,0
lccn/sn86091346/1897-08-12,1,7,12,-5
lccn/sn82014086/1919-05-30,1,7,11,-4
lccn/sn82014086/1919-06-19,1,4,4,0
lccn/sn85066387/1897-09-02,1,28,40,-12
lccn/sn82014086/1918-02-13,1,8,13,-5
lccn/sn82014086/1918-03-14,1,7,8,-1
lccn/sn82014086/1918-06-12,1,8,8,0
lccn/sn82014086/1918-09-09,1,8,9,-1
lccn/sn82014086/1917-12-24,1,8,10,-2
lccn/sn82014086/1918-04-09,1,2,4,-2
lccn/sn82014086/1918-04-18,2,5,2,3
lccn/sn85042462/1905-03-01,2,5,0,5
lccn/sn85042462/1906-02-20,2,6,1,5
lccn/sn93063916/1910-01-29,2,13,2,11
lccn/sn82014086/1917-05-29,1,5,5,0
lccn/sn82014086/1917-06-16,1,2,6,-4
lccn/sn82014086/1917-03-28,1,2,4,-2
lccn/sn82014086/1917-04-19,2,14,2,12
lccn/sn82014086/1917-06-22,2,18,4,14
lccn/sn82014086/1917-06-30,2,6,4,2
lccn/sn82014086/1917-03-09,1,4,8,-4
lccn/sn82014086/1917-02-08,2,10,7,3
lccn/sn85042462/1905-01-18,2,16,13,3
lccn/sn85032938/1898-09-07,1,8,16,-8
lccn/sn87057262/1917-08-14,2,13,12,1
lccn/sn85042462/1905-03-25,1,3,6,-3
lccn/sn85042462/1906-03-24,2,13,0,13
lccn/sn85042462/1905-09-03,2,23,0,23
lccn/sn95047417/1905-08-18,2,10,5,5
lccn/sn86063952/1896-02-08,1,9,9,0
lccn/sn83025925/1870-12-01,2,8,2,6
lccn/sn83025925/1870-10-04,2,10,5,5
lccn/sn83025925/1870-10-05,1,8,9,-1
lccn/sn83025925/1870-10-08,2,16,5,11
lccn/sn83025925/1870-10-10,2,13,5,8
lccn/sn83025925/1870-10-26,2,12,0,12
lccn/sn83025925/1870-10-28,2,13,3,10
lccn/sn83025925/1870-11-01,2,8,0,8
lccn/sn83025925/1870-11-05,2,5,3,2
lccn/sn83025925/1870-11-08,1,6,6,0
lccn/sn83025925/1870-11-09,2,9,3,6
lccn/sn83025925/1870-11-11,2,11,0,11
lccn/sn83025925/1870-11-12,2,18,0,18
lccn/sn83025925/1870-11-14,2,12,1,11
lccn/sn83025925/1870-11-15,2,11,1,10
lccn/sn83025925/1870-11-16,2,7,0,7
lccn/sn83025925/1870-11-17,2,7,0,7
lccn/sn83025925/1871-03-25,1,7,8,-1
lccn/sn83025925/1870-09-29,2,17,5,12
lccn/sn83025925/1870-11-22,2,14,5,9
lccn/sn83025925/1870-11-23,2,4,0,4
lccn/sn83025925/1870-08-19,1,6,11,-5
lccn/sn83025925/1870-08-22,2,12,8,4
lccn/sn83025925/1870-08-23,2,6,2,4
lccn/sn83025925/1870-08-24,2,9,2,7
lccn/sn83025925/1870-08-27,2,10,2,8
lccn/sn83025925/1870-08-29,2,12,5,7
lccn/sn83025925/1870-08-30,1,5,9,-4
lccn/sn83025925/1870-09-01,2,7,3,4
lccn/sn83025925/1870-09-03,2,14,5,9
lccn/sn83025925/1870-09-07,2,11,0,11
lccn/sn83025925/1870-09-13,2,20,12,8
lccn/sn83025925/1870-09-14,2,12,0,12
lccn/sn83025925/1870-09-20,2,5,3,2
lccn/sn83025925/1870-09-21,2,8,5,3
lccn/sn83025925/1870-09-23,2,16,11,5
lccn/sn83025925/1870-09-27,2,11,1,10
lccn/sn84025891/1907-06-08,1,0,0,0
lccn/sn82014086/1920-09-22,2,5,0,5
lccn/sn82014086/1920-12-07,1,0,0,0
lccn/sn82014086/1920-12-09,1,2,5,-3
lccn/sn82014086/1920-12-17,2,7,4,3
lccn/sn82014086/1920-06-07,2,8,4,4
lccn/sn82014086/1920-06-17,2,20,7,13
lccn/sn82014086/1922-07-08,2,10,5,5
lccn/sn82014086/1922-12-08,1,2,10,-8
lccn/sn82014086/1922-12-09,2,8,1,7
lccn/sn82014086/1920-05-06,2,8,5,3
lccn/sn82014086/1921-02-14,2,8,5,3
lccn/sn82014086/1921-03-03,2,7,6,1
lccn/sn82014086/1921-03-04,2,8,7,1
lccn/sn82014086/1921-06-25,2,12,9,3
lccn/sn82014086/1921-03-24,2,11,5,6
lccn/sn87057262/1920-10-06,1,5,7,-2
lccn/sn82014086/1922-06-27,2,3,2,1
lccn/sn82014086/1922-08-23,2,9,4,5
lccn/sn82014086/1922-09-30,1,4,8,-4
lccn/sn82014086/1921-10-11,2,17,3,14
lccn/sn82014086/1921-08-27,1,4,6,-2
lccn/sn82014086/1920-10-09,2,9,5,4
lccn/sn94055463/1899-10-19,2,7,6,1
lccn/sn82014086/1922-03-11,1,2,4,-2
lccn/sn82014086/1922-01-07,2,8,7,1
lccn/sn82014086/1922-11-23,1,6,6,0
lccn/sn95026977/1909-08-26,1,5,7,-2
lccn/sn82014086/1920-01-30,1,5,6,-1
lccn/sn82014086/1920-02-25,1,3,3,0
lccn/sn82014086/1920-02-07,1,6,9,-3
lccn/sn82014086/1920-02-23,2,13,3,10
lccn/sn82014086/1920-02-14,1,9,9,0
lccn/sn84038105/1863-11-13,2,9,8,1
lccn/sn84038105/1863-11-06,2,13,4,9
lccn/sn84038105/1863-10-16,1,4,4,0
lccn/sn84020558/1912-03-26,2,6,0,6
lccn/sn82014086/1921-03-15,2,7,2,5
lccn/sn82014086/1921-01-12,2,13,6,7
lccn/sn86061215/1915-08-21,2,12,5,7
lccn/sn86061216/1917-02-23,1,3,8,-5
lccn/sn82014086/1922-03-15,2,8,5,3
lccn/sn83040198/1891-01-08,2,8,6,2
lccn/sn85032938/1902-08-13,2,9,6,3
lccn/sn85032920/1904-06-01,2,6,2,4
lccn/sn85066387/1905-03-29,1,7,12,-5
lccn/sn85066387/1908-02-06,1,2,4,-2
lccn/sn82014086/1922-08-11,1,3,8,-5
lccn/sn84026758/1895-09-21,1,12,12,0
lccn/sn84022650/1898-03-18,2,10,5,5
lccn/sn84022650/1898-05-13,2,11,4,7
lccn/sn84038125/1879-05-23,2,8,3,5
lccn/sn85025007/1900-09-28,2,15,7,8
lccn/sn84022650/1893-12-29,2,13,3,10
lccn/sn84036008/1908-06-19,1,0,0,0
lccn/sn93051660/1903-08-25,1,0,0,0
lccn/sn94060041/1905-06-10,2,6,3,3
lccn/sn94060041/1903-02-21,1,4,13,-9
lccn/sn84026758/1908-07-04,2,9,8,1
lccn/sn84026758/1906-06-02,1,2,2,0
lccn/sn84036008/1909-10-01,2,13,5,8
lccn/sn84036008/1909-03-19,1,4,7,-3
lccn/sn84026758/1922-12-09,1,6,12,-6
lccn/sn94060041/1908-12-05,2,11,0,11
lccn/sn94060041/1907-04-27,1,0,0,0
lccn/sn94060041/1907-12-07,1,8,8,0
lccn/sn94060041/1908-01-04,2,10,9,1
lccn/sn94060041/1908-09-05,1,2,9,-7
lccn/sn94060041/1906-05-12,2,4,2,2
lccn/sn85033429/1871-08-17,2,6,3,3
lccn/sn85033429/1875-09-23,2,10,5,5
lccn/sn85033429/1887-04-28,1,12,12,0
lccn/sn85033429/1897-06-02,2,10,3,7
lccn/sn93062856/1900-06-23,2,15,0,15
lccn/sn85058117/1885-11-27,1,11,21,-10
lccn/sn83045433/1919-05-31,1,4,4,0
lccn/sn83045433/1919-02-24,2,6,0,6
lccn/sn93062856/1902-10-25,2,18,8,10
lccn/sn93062856/1900-05-12,2,9,6,3
lccn/sn86091038/1895-05-25,2,8,7,1
lccn/sn83045433/1918-05-06,2,15,7,8
lccn/sn83045433/1920-02-22,1,3,9,-6
lccn/sn83045433/1919-07-29,2,9,1,8
lccn/sn83045396/1910-11-29,2,7,2,5
lccn/sn82016014/1912-12-24,2,10,7,3
lccn/sn82016014/1913-11-21,1,8,9,-1
lccn/sn82016014/1913-09-17,1,5,10,-5
lccn/2010270500/1907-11-22,2,16,3,13
lccn/sn82016014/1912-03-13,2,6,5,1
lccn/sn82016014/1912-03-29,2,17,14,3
lccn/sn83025121/1914-07-07,1,4,4,0
lccn/sn82015104/1899-02-10,2,14,5,9
lccn/sn82015104/1899-05-14,2,56,18,38
lccn/sn82015104/1899-08-01,2,6,3,3
lccn/sn82015104/1899-03-31,1,0,0,0
lccn/sn84020558/1904-04-04,2,7,5,2
lccn/sn85042459/1881-09-04,2,11,1,10
lccn/sn82015104/1899-11-30,2,6,5,1
lccn/2010270500/1900-01-20,1,0,4,-4
lccn/sn84020358/1902-12-25,2,13,3,10
lccn/sn85066387/1896-06-28,2,12,11,1
lccn/sn84020358/1904-06-28,1,7,7,0
lccn/sn84038335/1916-11-30,1,2,2,0
lccn/sn93052980/1906-12-21,2,9,1,8
lccn/sn84020358/1904-11-08,2,9,4,5
lccn/sn84020358/1904-12-05,2,19,9,10
lccn/sn84020358/1905-11-28,1,0,0,0
lccn/sn87062054/1894-04-19,1,0,0,0
lccn/sn84029696/1903-09-19,1,11,11,0
lccn/sn84029696/1905-05-27,1,5,23,-18
lccn/sn84020558/1901-06-12,1,11,11,0
lccn/sn85066387/1904-08-09,1,3,6,-3
lccn/sn85066387/1896-06-20,1,2,4,-2
lccn/sn93052980/1905-10-13,2,9,1,8
lccn/sn89066316/1922-03-20,1,3,8,-5
lccn/sn89066316/1922-05-06,2,14,10,4
lccn/sn83045366/1904-01-30,2,14,1,13
lccn/sn89074405/1916-03-25,1,2,5,-3
lccn/sn83045366/1904-04-18,1,9,11,-2
lccn/sn85042373/1913-02-12,2,18,8,10
lccn/sn85042373/1913-09-19,2,17,0,17
lccn/sn85042373/1913-09-20,2,8,0,8
lccn/sn83045366/1904-10-01,1,5,7,-2
lccn/sn83045366/1904-12-06,2,13,12,1
lccn/sn83045366/1904-09-10,2,9,5,4
lccn/sn99021999/1883-12-11,2,7,4,3
lccn/sn84020358/1906-06-21,2,5,3,2
lccn/sn99021999/1881-07-16,1,6,12,-6
lccn/sn99021999/1881-08-20,2,23,12,11
lccn/sn85066387/1903-12-10,1,0,0,0
lccn/sn84020558/1901-07-27,2,8,7,1
lccn/sn85066387/1904-06-01,1,2,6,-4
lccn/sn84020558/1892-09-13,1,8,8,0
lccn/sn84038306/1918-11-27,2,6,5,1
lccn/sn84020558/1901-05-18,1,4,6,-2
lccn/sn84020358/1906-12-08,1,5,8,-3
lccn/sn84020358/1907-08-23,1,2,13,-11
lccn/sn85066387/1908-07-25,1,8,16,-8
lccn/sn85066387/1904-04-28,2,22,2,20
lccn/sn85066387/1910-01-12,2,5,1,4
lccn/sn84020358/1907-03-06,2,7,3,4
lccn/sn88064328/1904-09-17,2,22,5,17
lccn/sn88064328/1905-02-18,2,10,5,5
lccn/sn88064328/1905-07-15,2,12,3,9
lccn/sn88064328/1911-07-15,1,5,5,0
lccn/sn83045462/1922-06-20,2,9,7,2
lccn/sn88064327/1897-05-15,2,16,6,10
lccn/sn88064327/1898-09-24,2,13,5,8
lccn/sn88064327/1900-09-08,2,12,7,5
lccn/sn86091172/1890-06-05,2,6,4,2
lccn/sn83045462/1921-04-09,2,13,3,10
lccn/sn84031081/1920-06-18,1,0,0,0
lccn/sn87065532/1899-12-22,2,19,8,11
lccn/sn83045462/1921-05-28,1,2,6,-4
lccn/sn87065532/1891-06-05,2,10,8,2
lccn/sn85042405/1921-03-10,2,19,15,4
lccn/sn88076013/1907-02-02,1,6,7,-1
lccn/sn88076013/1903-05-30,2,5,3,2
lccn/sn85042405/1919-07-31,1,4,8,-4
lccn/sn85042405/1916-03-30,2,7,4,3
lccn/sn85042405/1922-04-27,1,6,8,-2
lccn/sn88076013/1898-08-13,2,10,7,3
lccn/sn88076013/1901-06-15,1,0,0,0
lccn/sn99062010/1911-06-29,1,5,5,0
lccn/sn99062010/1912-12-05,2,14,3,11
lccn/sn99062010/1912-08-22,2,11,1,10
lccn/sn99062010/1912-08-22,2,11,1,10
lccn/sn99062010/1914-09-17,1,5,12,-7
lccn/sn88076013/1913-01-25,1,10,13,-3
lccn/sn86063952/1919-04-24,2,1,0,1
lccn/sn83045555/1904-09-03,2,7,6,1
lccn/sn83045555/1907-01-19,2,20,4,16
lccn/sn84009409/1879-10-09,2,6,3,3
lccn/sn84009409/1882-06-08,2,11,7,4
lccn/sn83045555/1908-05-07,2,5,2,3
lccn/sn83045555/1908-08-27,1,6,8,-2
lccn/sn83045555/1908-05-23,1,3,5,-2
lccn/sn83045555/1908-06-01,1,12,16,-4
lccn/sn83045433/1922-03-14,2,8,7,1
lccn/sn83045433/1922-01-10,2,25,4,21
lccn/sn83045555/1906-04-30,2,18,8,10
lccn/sn83045433/1922-09-05,2,5,2,3
lccn/sn83045433/1922-10-28,2,4,1,3
lccn/sn83045433/1922-06-22,1,1,5,-4
lccn/sn83045433/1922-07-25,2,16,3,13
lccn/sn83045555/1904-10-08,1,6,6,0
lccn/sn84025891/1887-11-12,1,5,10,-5
lccn/sn85058130/1909-04-25,2,12,2,10
lccn/sn85058130/1909-07-02,1,6,10,-4
lccn/sn84026355/1900-07-06,2,23,7,16
lccn/sn83045462/1895-06-12,2,23,13,10
lccn/sn83032300/1883-02-10,2,6,1,5
lccn/sn82005159/1865-12-01,1,12,14,-2
lccn/sn82005159/1866-04-27,1,5,5,0
lccn/sn83032300/1883-05-04,1,11,11,0
lccn/sn83045555/1906-01-18,2,15,12,3
lccn/sn83045555/1907-11-30,2,3,1,2
lccn/sn91068099/1936-09-14,1,10,19,-9
lccn/sn86064205/1884-05-21,1,11,13,-2
lccn/sn86071158/1892-02-01,2,25,11,14
lccn/sn86071158/1892-02-11,1,14,14,0
lccn/sn88083938/1898-01-29,2,10,5,5
lccn/sn86064205/1884-08-19,2,6,3,3
lccn/sn86064205/1886-10-03,1,9,13,-4
lccn/sn86064205/1886-10-20,1,3,5,-2
lccn/sn86064205/1886-09-12,1,3,6,-3
lccn/sn86064205/1890-09-02,2,22,5,17
lccn/sn86064205/1890-06-23,2,18,7,11
lccn/sn86064205/1890-06-24,2,12,3,9
lccn/sn86064205/1890-06-26,2,11,6,5
lccn/sn86071158/1891-07-20,2,21,10,11
lccn/sn86064205/1888-06-09,1,14,15,-1
lccn/sn88083938/1895-12-10,2,5,2,3
lccn/sn83045433/1911-04-03,2,37,26,11
lccn/sn83045433/1913-03-05,2,7,4,3
lccn/sn83045462/1919-05-02,1,9,14,-5
lccn/sn83045462/1919-04-02,1,7,9,-2
lccn/sn83045462/1919-04-09,1,1,9,-8
lccn/sn83030214/1919-10-07,1,9,9,0
lccn/sn83045462/1922-10-23,2,7,1,6
lccn/sn82000205/1887-01-21,2,8,5,3
lccn/sn83030214/1919-07-25,1,3,7,-4
lccn/sn83030214/1919-09-28,2,4,1,3
lccn/sn83045396/1906-01-16,1,11,14,-3
lccn/sn83045462/1915-09-12,2,4,3,1
lccn/sn83045462/1915-07-29,1,8,13,-5
lccn/sn83045462/1916-02-11,2,16,1,15
lccn/sn83045462/1915-03-29,1,5,11,-6
lccn/sn86081889/1903-03-26,1,9,14,-5
lccn/sn86081889/1903-04-16,2,10,9,1
lccn/sn83045462/1916-01-12,2,5,3,2
lccn/sn83045462/1915-05-07,2,14,2,12
lccn/sn83045462/1920-09-18,2,12,11,1
lccn/sn83032011/1896-02-27,1,0,0,0
lccn/sn83045462/1916-01-30,1,0,0,0
lccn/sn87080417/1897-03-19,2,10,8,2
lccn/sn86081889/1910-02-10,2,15,14,1
lccn/sn87080417/1897-10-01,2,10,8,2
lccn/sn86053634/1873-10-29,2,13,5,8
lccn/sn86053634/1874-06-17,2,9,7,2
lccn/sn86053634/1875-01-20,1,1,5,-4
lccn/sn88064384/1905-04-22,2,7,3,4
lccn/sn83030272/1908-09-05,2,21,8,13
lccn/sn83030193/1904-09-01,1,8,8,0
lccn/sn85025007/1890-06-30,2,14,10,4
lccn/2004260421/1906-08-24,2,8,2,6
lccn/2004260421/1906-09-21,1,7,8,-1
lccn/sn82015387/1911-10-21,2,17,5,12
lccn/sn82015387/1915-02-13,1,5,7,-2
lccn/sn82015387/1913-01-25,2,11,4,7
lccn/sn82015387/1917-08-25,2,13,4,9
lccn/sn96088088/1910-10-21,2,12,9,3
lccn/sn99063957/1917-10-26,2,11,5,6
lccn/sn90059523/1903-08-20,1,0,0,0
lccn/sn90059523/1903-07-01,1,4,8,-4
lccn/sn83045366/1901-04-02,2,4,3,1
lccn/sn90061662/1902-06-26,1,7,11,-4
lccn/sn84025828/1898-01-08,1,6,13,-7
lccn/sn82015675/1906-04-25,2,10,5,5
lccn/sn86058226/1913-09-30,1,4,6,-2
lccn/sn90059523/1903-03-28,1,9,10,-1
lccn/sn90059523/1902-11-11,2,8,4,4
lccn/sn90059523/1902-11-18,2,25,10,15
lccn/sn90059523/1902-11-26,2,27,3,24
lccn/sn90059523/1904-11-01,1,0,0,0
lccn/sn90059523/1904-11-07,1,9,20,-11
lccn/sn90059523/1904-05-13,2,80,32,48
lccn/sn90059523/1904-06-12,1,4,11,-7
lccn/sn90059523/1905-01-18,1,1,2,-1
lccn/sn90059523/1905-01-19,2,5,4,1
lccn/sn86086284/1873-04-13,2,6,1,5
lccn/sn86086284/1872-05-19,2,10,5,5
lccn/sn86086284/1870-06-05,2,13,5,8
lccn/sn97071110/1916-02-24,2,10,5,5
lccn/sn97071110/1909-08-19,2,12,4,8
lccn/sn97071110/1919-07-31,1,5,5,0
lccn/sn83045396/1909-05-16,1,5,6,-1
lccn/sn83045396/1907-04-14,1,5,5,0
lccn/sn83045396/1907-04-15,2,6,4,2
lccn/sn83045396/1907-05-30,1,4,7,-3
lccn/sn83045396/1907-06-02,2,8,4,4
lccn/sn83045396/1906-12-10,2,12,1,11
lccn/sn83045396/1910-11-30,2,8,5,3
lccn/sn83045396/1911-02-19,1,2,7,-5
lccn/sn83045462/1920-03-31,1,9,12,-3
lccn/sn83045396/1911-04-28,1,2,5,-3
lccn/sn83045396/1908-11-06,2,9,7,2
lccn/sn83045396/1908-11-15,1,12,12,0
lccn/sn83045396/1908-11-22,1,10,13,-3
lccn/sn83045462/1919-12-16,2,11,6,5
lccn/sn83045396/1910-06-30,2,5,3,2
lccn/sn83045396/1910-06-09,2,15,2,13
lccn/sn83045396/1910-06-16,2,8,3,5
lccn/sn83045396/1910-06-17,1,2,3,-1
lccn/sn83030214/1902-12-22,2,10,3,7
lccn/sn83030214/1903-03-21,2,7,3,4
lccn/sn83045396/1913-06-10,2,14,3,11
lccn/sn83045462/1919-08-30,2,5,2,3
lccn/sn83045462/1919-10-18,1,7,12,-5
lccn/sn83045462/1919-11-01,2,10,4,6
lccn/sn83045396/1914-01-24,1,6,6,0
lccn/sn83045396/1914-02-13,2,10,3,7
lccn/sn83045396/1913-10-10,2,11,6,5
lccn/sn83045396/1913-05-24,2,8,4,4
lccn/sn83045396/1912-05-21,1,1,1,0
lccn/sn83045462/1919-06-05,2,4,3,1
lccn/sn85058259/1915-04-23,1,4,4,0
lccn/sn85058217/1896-01-03,2,10,7,3
lccn/sn83040592/1900-12-08,1,0,0,0
lccn/sn82015104/1894-07-26,1,2,4,-2
lccn/sn82015104/1892-11-29,2,8,6,2
lccn/sn82015104/1894-03-05,1,4,5,-1
lccn/sn82015104/1894-05-04,2,23,1,22
lccn/sn82015104/1891-02-10,1,2,11,-9
lccn/sn82015104/1891-02-24,1,3,15,-12
lccn/sn85049554/1915-02-22,1,3,11,-8
lccn/sn82014086/1913-06-18,2,10,6,4
lccn/sn85049554/1915-03-15,2,4,2,2
lccn/sn82014086/1913-12-25,2,7,3,4
lccn/sn82014086/1913-12-13,2,8,7,1
lccn/sn84022472/1911-08-09,1,0,0,0
lccn/sn85049554/1916-01-11,1,0,0,0
lccn/sn85049554/1916-02-11,1,9,17,-8
lccn/sn85049554/1914-03-02,2,4,3,1
lccn/sn95047263/1912-07-25,2,6,2,4
lccn/sn82014086/1913-11-08,1,0,0,0
lccn/sn82014086/1913-06-21,2,17,3,14
lccn/sn88074815/1909-02-12,2,7,3,4
lccn/sn82014086/1913-05-30,2,8,1,7
lccn/sn82016014/1917-06-15,1,2,3,-1
lccn/sn85049554/1917-08-03,1,7,9,-2
lccn/sn82015104/1891-10-05,2,18,9,9
lccn/sn84026820/1916-07-01,2,12,2,10
lccn/2010270504/1899-12-01,2,10,6,4
lccn/sn84022472/1911-08-26,2,15,1,14
lccn/sn83045389/1917-09-16,1,4,4,0
lccn/sn86091100/1899-11-03,2,4,2,2
lccn/sn86069117/1912-09-07,1,4,7,-3
lccn/sn84024718/1873-03-04,2,15,7,8
lccn/sn86091100/1899-03-03,1,5,7,-2
lccn/sn86074033/1907-05-18,2,6,1,5
lccn/sn85066387/1895-09-19,1,5,12,-7
lccn/sn85066387/1895-09-21,2,3,0,3
lccn/sn85066387/1895-09-22,1,2,2,0
lccn/sn85066387/1895-09-23,2,13,7,6
lccn/sn85066387/1895-09-24,1,2,2,0
lccn/sn85066387/1895-09-25,2,3,0,3
lccn/sn85066387/1895-09-29,2,22,9,13
lccn/sn85066387/1895-12-16,1,0,0,0
lccn/sn85066387/1896-01-16,1,0,0,0
lccn/sn85066387/1896-01-23,2,19,4,15
lccn/sn85066387/1895-11-20,1,0,0,0
lccn/sn85066387/1895-10-10,2,17,6,11
lccn/sn92051487/1890-09-19,1,5,5,0
lccn/sn98066392/1886-08-29,2,8,2,6
lccn/sn98066392/1886-09-03,2,5,1,4
lccn/sn85066387/1896-04-16,1,8,8,0
lccn/sn85066387/1896-04-19,2,18,5,13
lccn/sn85066387/1895-06-19,2,15,4,11
lccn/sn85066387/1895-06-28,1,9,9,0
lccn/sn85066387/1895-04-17,2,5,1,4
lccn/sn84020109/1867-06-20,2,15,6,9
lccn/sn84020109/1868-05-07,2,5,3,2
lccn/sn99021999/1902-02-12,2,19,4,15
lccn/sn82015485/1893-12-02,2,7,4,3
lccn/sn99021999/1902-06-16,1,0,2,-2
lccn/sn82015485/1892-08-27,2,14,10,4
lccn/sn99021999/1902-04-23,1,8,8,0
lccn/sn99021999/1902-09-16,1,7,8,-1
lccn/sn99021999/1902-09-17,1,4,7,-3
lccn/sn99021999/1902-09-21,2,22,9,13
lccn/sn84020558/1916-04-17,1,12,15,-3
lccn/sn92051487/1889-07-12,2,9,6,3
lccn/sn92051487/1892-04-08,1,6,9,-3
lccn/sn92051487/1896-05-15,1,4,6,-2
lccn/sn85047165/1900-11-21,2,6,5,1
lccn/sn85047165/1900-11-21,1,5,6,-1
lccn/sn92051487/1903-02-20,2,16,6,10
lccn/sn92051487/1904-04-01,2,10,6,4
lccn/sn92051487/1898-03-11,1,4,13,-9
lccn/sn84020558/1916-07-13,1,9,11,-2
lccn/sn99021999/1902-11-20,1,0,0,0
lccn/sn99021999/1902-10-28,2,16,7,9
lccn/sn84020558/1916-10-22,2,7,2,5
lccn/sn86063760/1903-12-23,2,8,6,2
lccn/sn84028490/1893-07-06,2,10,5,5
lccn/sn86063760/1915-01-27,2,11,8,3
lccn/sn86063760/1914-03-18,1,1,9,-8
lccn/sn93067777/1884-09-25,2,18,2,16
lccn/sn84026909/1877-04-25,2,17,4,13
lccn/sn84026909/1877-08-08,2,15,9,6
lccn/sn84026909/1877-08-15,1,0,0,0
lccn/sn87076552/1913-12-05,2,36,7,29
lccn/sn93067634/1902-08-14,1,0,0,0
lccn/sn84026913/1891-11-26,2,9,5,4
lccn/sn84026913/1891-12-03,2,4,1,3
lccn/sn84026853/1903-08-19,1,0,0,0
lccn/sn86063758/1922-12-19,2,6,4,2
lccn/sn87076552/1916-05-26,2,9,6,3
lccn/sn87076552/1918-06-21,2,6,2,4
lccn/sn86063758/1914-01-13,1,5,6,-1
lccn/sn84028490/1901-04-16,1,9,9,0
lccn/sn93053726/1908-05-11,2,7,5,2
lccn/sn93053726/1908-05-15,1,5,6,-1
lccn/sn85038709/1905-01-06,2,10,1,9
lccn/sn85038709/1900-04-06,1,4,6,-2
lccn/sn85038709/1902-06-06,2,15,3,12
lccn/sn93053726/1907-07-19,2,13,5,8
lccn/sn82014635/1897-10-23,1,0,0,0
lccn/sn82014635/1898-01-01,2,18,2,16
lccn/sn95073194/1889-10-09,2,14,3,11
lccn/sn85066387/1906-12-29,1,6,8,-2
lccn/sn85066387/1906-09-11,2,6,1,5
lccn/sn85066387/1907-01-18,1,3,4,-1
lccn/sn95073194/1898-05-25,2,10,2,8
lccn/sn85038709/1891-02-27,1,2,8,-6
lccn/sn95073194/1904-05-11,1,2,4,-2
lccn/sn95073194/1900-06-13,2,18,6,12
lccn/sn95073194/1900-11-14,2,9,5,4
lccn/sn95073194/1901-02-13,2,13,2,11
lccn/sn95073194/1902-10-29,1,0,0,0
lccn/sn95073194/1901-11-13,2,6,4,2
lccn/sn88076013/1903-09-12,2,8,6,2
lccn/sn88076013/1903-09-26,2,16,8,8
lccn/sn88076013/1898-01-22,2,13,5,8
lccn/sn98062890/1914-09-17,1,5,12,-7
lccn/sn86063952/1921-02-21,1,3,4,-1
lccn/sn99068076/1904-12-02,1,5,8,-3
lccn/sn86063952/1910-08-17,2,7,1,6
lccn/sn84031081/1917-10-14,2,13,4,9
lccn/sn84031081/1917-03-03,2,7,2,5
lccn/sn88056164/1900-10-12,1,0,0,0
lccn/sn88056165/1908-06-12,2,15,7,8
lccn/sn84031081/1921-02-04,1,1,1,0
lccn/sn83045232/1880-02-05,2,8,3,5
lccn/sn83045232/1880-02-07,2,7,2,5
lccn/sn83045232/1886-03-12,1,5,6,-1
lccn/sn83016555/1874-06-28,1,6,11,-5
lccn/sn86069313/1903-03-06,1,11,15,-4
lccn/sn84031081/1918-11-17,2,15,11,4
lccn/sn83045232/1878-01-18,1,0,0,0
lccn/sn83045232/1880-01-20,2,4,2,2
lccn/sn83045232/1880-01-28,2,7,1,6
lccn/sn83045232/1880-02-01,2,8,3,5
lccn/sn83045232/1880-01-06,2,9,1,8
lccn/sn83045232/1880-01-09,2,6,0,6
lccn/sn83045232/1880-01-15,2,11,1,10
lccn/sn84031081/1921-03-06,2,6,5,1
lccn/sn84031081/1921-05-15,1,6,6,0
lccn/sn83045232/1880-02-04,2,6,3,3
lccn/sn83045232/1880-02-21,1,0,0,0
lccn/sn83045232/1880-02-22,2,12,4,8
lccn/sn83045232/1880-03-04,2,7,1,6
lccn/sn84031081/1920-06-27,2,14,12,2
lccn/sn84031081/1920-07-24,2,15,6,9
lccn/sn85042414/1919-05-07,2,8,1,7
lccn/sn89074405/1915-03-20,2,15,1,14
lccn/sn89074405/1915-09-28,2,15,2,13
lccn/sn83045366/1905-09-07,1,9,27,-18
lccn/sn83045366/1905-09-14,2,10,9,1
lccn/sn83045366/1905-09-20,2,10,6,4
lccn/sn85042414/1919-06-25,1,1,1,0
lccn/sn85042414/1918-09-12,2,13,2,11
lccn/sn85042414/1918-09-13,2,14,1,13
lccn/sn85042414/1918-09-14,2,14,1,13
lccn/sn85042414/1917-09-29,2,9,4,5
lccn/sn85042414/1918-03-27,2,18,0,18
lccn/sn85042414/1919-10-11,2,14,0,14
lccn/sn86063615/1898-06-11,2,16,11,5
lccn/sn85042414/1918-03-25,2,9,1,8
lccn/sn83025287/1883-05-13,2,8,4,4
lccn/sn84022367/1867-12-12,1,0,0,0
lccn/sn86082061/1908-03-05,2,13,2,11
lccn/sn86082061/1908-08-27,1,1,10,-9
lccn/sn84022367/1865-04-20,2,4,2,2
lccn/sn84022367/1865-04-27,1,0,0,0
lccn/sn84022367/1865-05-04,2,9,1,8
lccn/sn84022367/1867-03-07,2,3,0,3
lccn/sn84022367/1867-03-28,2,9,3,6
lccn/sn86072143/1894-02-08,2,8,2,6
lccn/sn86092536/1921-03-12,2,5,2,3
lccn/sn84026355/1894-01-13,1,5,9,-4
lccn/sn84026355/1894-02-17,2,7,6,1
lccn/sn84026355/1894-02-24,2,15,4,11
lccn/sn84026749/1919-10-11,1,4,5,-1
lccn/sn84026355/1894-10-16,2,6,2,4
lccn/sn84026355/1896-11-10,1,4,26,-22
lccn/sn84026355/1896-05-30,1,7,10,-3
lccn/sn84026355/1895-10-03,1,6,10,-4
lccn/sn85042345/1922-03-19,2,8,2,6
lccn/sn83030214/1908-01-12,2,10,7,3
lccn/sn83025010/1894-02-22,1,0,2,-2
lccn/sn84036228/1895-07-11,1,3,7,-4
lccn/sn85034438/1901-12-08,1,3,6,-3
lccn/sn92073049/1895-11-19,2,3,0,3
lccn/sn84036012/1896-06-05,1,4,4,0
lccn/sn85034438/1902-06-08,1,5,6,-1
lccn/sn84036012/1890-09-12,1,3,17,-14
lccn/sn83045604/1895-04-21,2,21,1,20
lccn/sn83045604/1895-05-19,2,9,1,8
lccn/sn86086632/1896-09-05,1,6,18,-12
lccn/sn86086633/1913-05-08,2,4,0,4
lccn/sn92053945/1888-11-07,2,23,9,14
lccn/sn92053934/1915-08-23,2,16,3,13
lccn/sn83045462/1911-06-04,2,5,4,1
lccn/sn83045462/1912-09-01,2,7,1,6
lccn/sn94052989/1893-10-21,1,9,14,-5
lccn/sn99021999/1916-11-19,1,3,3,0
lccn/sn92053934/1917-11-15,1,10,10,0
lccn/sn90059180/1914-06-19,1,5,8,-3
lccn/sn90059180/1914-10-09,2,6,3,3
lccn/sn89064525/1879-01-09,1,7,14,-7
lccn/sn90059180/1915-06-18,1,2,2,0
lccn/sn85066387/1913-08-24,1,7,7,0
lccn/sn92053934/1916-04-03,2,4,2,2
lccn/sn89064525/1886-12-03,2,15,9,6
lccn/sn86086633/1913-08-06,2,3,2,1
lccn/sn99021999/1912-06-17,1,12,13,-1
lccn/sn99021999/1912-06-20,2,9,5,4
lccn/sn85038531/1919-05-29,1,0,0,0
lccn/sn85038531/1918-10-01,2,18,4,14
lccn/sn93051669/1898-10-08,1,1,4,-3
lccn/sn90059228/1894-05-24,2,7,6,1
lccn/sn90059523/1899-02-02,2,7,4,3
lccn/sn89067274/1909-09-30,2,9,3,6
lccn/sn89067274/1910-06-30,2,9,3,6
lccn/sn89067274/1911-08-31,1,4,6,-2
lccn/sn89067274/1915-10-14,2,22,8,14
lccn/sn89067274/1916-02-10,2,14,0,14
lccn/sn84038582/1880-09-25,1,0,0,0
lccn/sn84038582/1881-06-25,1,0,0,0
lccn/sn84038582/1890-01-25,2,17,14,3
lccn/sn90059523/1898-02-03,1,6,22,-16
lccn/sn90059523/1897-11-14,1,5,7,-2
lccn/sn82016419/1878-12-13,2,10,4,6
lccn/sn82016419/1878-11-29,2,17,4,13
lccn/sn82016419/1879-01-17,1,6,6,0
lccn/sn96076641/1916-06-28,2,8,0,8
lccn/sn87055779/1917-10-21,2,10,3,7
lccn/sn87055779/1917-10-28,2,11,2,9
lccn/sn87055779/1917-06-03,2,5,0,5
lccn/sn87055779/1917-12-02,2,12,6,6
lccn/sn87055779/1917-12-09,2,5,3,2
lccn/sn87055779/1917-04-01,2,8,0,8
lccn/sn82016419/1859-08-13,2,6,3,3
lccn/sn82015486/1859-09-01,2,12,3,9
lccn/sn82015486/1859-07-21,2,2,1,1
lccn/sn87055779/1917-03-04,2,5,2,3
lccn/sn87055779/1915-12-06,1,4,12,-8
lccn/sn87055779/1916-10-25,2,6,3,3
lccn/sn87055779/1915-12-13,2,8,5,3
lccn/sn92053934/1915-01-16,1,2,2,0
lccn/sn87055779/1916-03-13,2,7,3,4
lccn/sn87055779/1922-06-18,2,10,4,6
lccn/sn83045462/1899-08-17,2,18,10,8
lccn/sn87055779/1922-01-08,1,4,6,-2
lccn/sn99021999/1920-09-13,2,8,4,4
lccn/sn82016014/1914-05-08,2,24,12,12
lccn/sn85025620/1888-12-27,2,14,1,13
lccn/sn89081022/1904-08-03,2,5,3,2
lccn/sn85030821/1905-10-06,2,12,4,8
lccn/sn85030821/1905-10-13,2,16,1,15
lccn/sn89081022/1903-12-23,1,3,5,-2
lccn/sn85030821/1905-09-22,2,18,11,7
lccn/sn85030821/1905-11-03,1,9,9,0
lccn/sn83030313/1873-10-11,2,14,3,11
lccn/sn84027670/1886-01-21,2,11,4,7
lccn/sn84027670/1886-02-18,1,6,10,-4
lccn/sn99021999/1899-06-28,2,6,1,5
lccn/sn99021999/1899-12-19,2,10,3,7
lccn/sn99021999/1899-06-28,1,10,10,0
lccn/sn99021999/1899-12-13,2,8,5,3
lccn/sn84020358/1900-06-20,2,5,4,1
lccn/sn84020358/1900-01-27,2,6,4,2
lccn/sn83025121/1904-12-09,2,15,4,11
lccn/sn84020358/1901-07-10,1,8,19,-11
lccn/sn83025121/1900-10-19,2,13,4,9
lccn/sn84020358/1899-10-18,1,2,6,-4
lccn/sn84020358/1899-10-09,2,26,12,14
lccn/sn82014635/1893-06-07,1,7,9,-2
lccn/sn99021999/1897-06-17,2,6,4,2
lccn/sn85025007/1872-11-23,1,0,0,0
lccn/sn85025007/1873-01-11,1,0,0,0
lccn/sn85034374/1888-05-19,1,4,6,-2
lccn/sn93061701/1921-06-17,2,5,2,3
lccn/sn87065532/1883-10-19,2,10,1,9
lccn/sn87065532/1914-01-30,2,9,5,4
lccn/sn86063592/1900-05-19,1,5,9,-4
lccn/sn86063592/1900-05-29,1,5,5,0
lccn/sn86063592/1900-06-21,2,10,1,9
lccn/sn86069873/1908-02-14,1,0,0,0
lccn/sn85025007/1876-06-02,1,2,4,-2
lccn/sn86090537/1880-08-28,2,9,0,9
lccn/sn86090537/1880-07-24,2,15,4,11
lccn/sn86090537/1880-07-31,2,7,2,5
lccn/sn86090537/1880-08-14,2,17,1,16
lccn/sn86090537/1880-12-04,1,9,17,-8
lccn/sn86090537/1880-12-25,2,9,1,8
lccn/sn86090537/1881-01-08,2,13,1,12
lccn/sn86090537/1881-04-16,2,27,12,15
lccn/sn86090537/1881-04-23,2,12,0,12
lccn/sn85025007/1872-01-22,1,5,9,-4
lccn/sn86069873/1907-03-29,1,0,1,-1
lccn/sn84020682/1888-07-24,2,20,5,15
lccn/sn84026547/1860-07-31,2,21,7,14
lccn/sn91068076/1891-09-02,1,0,0,0
lccn/sn91068076/1891-09-05,1,0,0,0
lccn/sn88085187/1918-04-15,2,13,1,12
lccn/sn88084272/1912-11-14,2,24,5,19
lccn/sn88084272/1912-08-23,2,11,10,1
lccn/sn86089443/1880-08-05,1,0,0,0
lccn/sn86089443/1881-09-29,1,3,3,0
lccn/sn88085187/1913-07-02,1,8,10,-2
lccn/sn88085187/1918-04-16,2,16,6,10
lccn/sn88085187/1918-04-17,2,17,2,15
lccn/sn88084272/1912-01-22,1,3,9,-6
lccn/sn88084272/1912-06-10,1,6,8,-2
lccn/sn88085523/1912-06-12,2,16,0,16
lccn/sn88085523/1912-07-17,1,1,2,-1
lccn/sn88084272/1913-04-22,2,18,12,6
lccn/sn88085523/1912-01-31,2,15,1,14
lccn/sn88085523/1911-04-26,1,8,8,0
lccn/sn88085523/1911-02-08,1,2,10,-8
lccn/sn88085523/1909-06-30,2,16,7,9
lccn/sn88085523/1896-11-19,1,7,8,-1
lccn/sn85026050/1853-10-22,2,25,9,16
lccn/sn88084272/1910-03-07,2,25,12,13
lccn/sn88084272/1910-09-26,2,5,1,4
lccn/sn85026192/1857-11-19,1,8,14,-6
lccn/sn88084272/1911-01-06,2,12,2,10
lccn/sn88084272/1914-05-30,2,9,7,2
lccn/sn88084272/1914-05-23,2,10,6,4
lccn/sn88084272/1914-07-11,2,14,2,12
lccn/sn88084272/1914-07-13,2,12,6,6
lccn/sn88084272/1914-09-14,2,10,0,10
lccn/sn88084272/1914-09-15,2,19,6,13
lccn/sn88084272/1914-09-15,2,12,2,10
lccn/sn88084272/1914-03-02,2,13,6,7
lccn/sn88084272/1913-10-22,1,2,4,-2
lccn/sn88084272/1913-09-26,2,16,12,4
lccn/sn88084272/1910-02-25,2,26,14,12
lccn/sn83035565/1911-02-16,2,6,5,1
lccn/sn86071197/1901-09-05,2,12,9,3
lccn/sn86071197/1901-09-29,2,14,3,11
lccn/sn86071197/1901-08-04,2,9,3,6
lccn/sn86069164/1915-10-06,1,9,16,-7
lccn/sn96061150/1896-03-08,1,16,18,-2
lccn/sn82003389/1889-06-26,1,0,0,0
lccn/sn98060050/1903-06-19,1,1,1,0
lccn/sn86071719/1896-02-19,2,7,0,7
lccn/sn86071719/1909-10-14,1,4,4,0
lccn/sn86071719/1909-11-25,2,14,4,10
lccn/sn87076916/1885-06-05,1,7,7,0
lccn/sn84028490/1910-03-03,2,4,2,2
lccn/sn84028490/1910-03-24,1,6,12,-6
lccn/sn86092536/1917-06-08,1,2,2,0
lccn/sn86092536/1917-04-28,1,7,9,-2
lccn/sn86092536/1917-05-11,2,1,0,1
lccn/sn86092536/1916-10-13,2,4,1,3
lccn/sn98060050/1903-10-02,1,2,3,-1
lccn/sn86092536/1918-03-28,1,0,2,-2
lccn/sn86092536/1917-10-24,1,2,9,-7
lccn/sn86092536/1918-02-22,2,3,1,2
lccn/sn86092536/1918-02-28,2,8,6,2
lccn/sn86092536/1919-01-09,1,5,11,-6
lccn/sn86092536/1919-01-20,1,4,6,-2
lccn/sn86092536/1919-03-11,1,5,5,0
lccn/sn86092536/1919-03-31,2,3,2,1
lccn/sn86092536/1919-04-05,2,8,1,7
lccn/sn84026847/1873-10-04,1,5,5,0
lccn/sn86092536/1919-08-27,1,3,5,-2
lccn/sn86092536/1919-11-27,2,9,2,7
lccn/sn86092536/1919-02-11,1,4,10,-6
lccn/sn85038161/1900-03-29,1,6,6,0
lccn/sn84026847/1870-12-20,2,9,3,6
lccn/sn87076916/1886-10-19,1,6,7,-1
lccn/sn87076916/1885-09-28,1,0,0,0
lccn/sn98060050/1916-12-22,1,4,7,-3
lccn/sn98060050/1917-09-14,1,2,2,0
lccn/sn98060050/1916-07-14,2,36,9,27
lccn/sn98060050/1916-06-30,1,3,3,0
lccn/sn98060050/1917-02-09,1,2,10,-8
lccn/sn98060050/1916-10-27,1,3,8,-5
lccn/sn86092536/1920-07-19,1,5,7,-2
lccn/sn86064205/1884-02-03,2,9,2,7
lccn/sn86064205/1887-06-29,2,21,8,13
lccn/sn86071197/1894-02-04,2,10,8,2
lccn/sn88084272/1919-03-07,1,3,19,-16
lccn/sn88084272/1918-08-10,2,7,3,4
lccn/sn88084272/1917-08-28,2,3,2,1
lccn/sn88084272/1917-09-07,2,13,5,8
lccn/sn88084272/1917-09-12,1,3,3,0
lccn/sn88084272/1917-09-25,2,9,6,3
lccn/sn88084272/1917-08-15,1,20,22,-2
lccn/sn84028271/1883-08-01,1,7,7,0
lccn/sn84028271/1883-10-24,2,10,2,8
lccn/sn84028272/1891-07-15,2,14,10,4
lccn/sn88085488/1900-10-06,1,0,0,0
lccn/sn83045396/1904-01-29,2,7,5,2
lccn/sn83045396/1908-09-24,2,9,3,6
lccn/sn83045396/1908-08-31,2,11,3,8
lccn/sn84024441/1897-09-17,2,5,2,3
lccn/sn82016187/1896-09-03,2,32,6,26
lccn/sn84024441/1898-03-16,2,17,1,16
lccn/sn83045396/1905-08-15,2,12,0,12
lccn/sn83045396/1905-08-20,2,8,0,8
lccn/sn83025925/1869-06-24,2,17,2,15
lccn/sn83045396/1904-09-18,2,8,6,2
lccn/sn83045396/1904-04-08,2,13,6,7
lccn/sn83045396/1904-11-07,1,5,6,-1
lccn/sn83045396/1908-05-29,2,7,5,2
lccn/sn83045396/1907-02-16,1,0,0,0
lccn/sn83045396/1905-07-23,2,16,5,11
lccn/sn83045396/1905-05-17,1,7,9,-2
lccn/sn83045396/1905-03-20,2,7,2,5
lccn/sn82016014/1902-12-29,1,3,3,0
lccn/sn85042461/1898-10-19,1,4,10,-6
lccn/sn85042461/1897-09-24,1,4,7,-3
lccn/sn85042461/1898-09-04,2,23,3,20
lccn/sn85042461/1898-09-23,2,11,1,10
lccn/sn85042461/1897-10-26,1,2,5,-3
lccn/sn84025968/1891-06-14,1,0,0,0
lccn/sn82014805/1876-11-28,1,2,4,-2
lccn/sn82014805/1877-09-28,2,7,5,2
lccn/sn82014805/1874-10-29,2,7,0,7
lccn/sn82014805/1874-09-29,1,15,17,-2
lccn/sn84026837/1873-06-24,1,2,2,0
lccn/sn87062268/1914-06-08,2,15,2,13
lccn/sn84026837/1874-02-17,2,7,1,6
lccn/sn82016014/1902-10-02,2,25,12,13
lccn/sn99021999/1905-07-02,1,3,3,0
lccn/sn99021999/1905-06-01,2,3,1,2
lccn/sn99021999/1905-06-20,2,18,10,8
lccn/sn82016014/1902-04-15,1,4,11,-7
lccn/sn84038095/1901-09-03,1,0,0,0
lccn/sn82014805/1875-01-12,1,7,16,-9
lccn/sn82014805/1875-06-30,1,9,18,-9
lccn/sn82014805/1875-07-01,1,3,17,-14
lccn/sn82014805/1880-08-24,2,9,2,7
lccn/sn99021999/1904-09-11,2,19,7,12
lccn/sn99021999/1905-02-14,1,9,13,-4
lccn/sn82014805/1875-02-23,2,4,1,3
lccn/sn99021999/1910-07-10,2,14,2,12
lccn/sn87062268/1912-05-31,1,4,7,-3
lccn/sn87062268/1911-08-12,2,4,2,2
lccn/sn87062268/1911-05-31,1,4,5,-1
lccn/sn84022770/1903-05-29,1,6,7,-1
lccn/sn84022770/1897-06-11,2,10,5,5
lccn/sn84022770/1898-03-11,1,4,6,-2
lccn/sn84022770/1904-12-09,2,4,1,3
lccn/sn84022770/1900-01-26,2,13,7,6
lccn/sn91066782/1918-06-12,1,0,6,-6
lccn/sn91066782/1918-03-05,2,10,5,5
lccn/sn84028490/1882-11-16,2,14,6,8
lccn/sn84028490/1882-10-05,1,3,3,0
lccn/sn84028490/1882-10-12,1,2,9,-7
lccn/sn84028490/1884-10-23,2,11,4,7
lccn/sn91066782/1912-06-21,1,5,9,-4
lccn/sn91066782/1912-06-22,1,6,14,-8
lccn/sn91066782/1912-07-24,2,9,3,6
lccn/sn91066782/1913-12-03,1,4,9,-5
lccn/sn91066782/1913-12-10,1,8,13,-5
lccn/sn91066782/1913-09-09,2,10,5,5
lccn/sn91066782/1913-06-18,1,6,10,-4
lccn/sn91066782/1915-04-28,2,19,8,11
lccn/sn91066782/1919-09-24,2,8,6,2
lccn/sn91066782/1919-06-06,2,9,6,3
lccn/sn91066782/1919-07-14,1,2,9,-7
lccn/sn91066782/1919-07-31,2,14,6,8
lccn/sn88085081/1899-11-17,2,14,5,9
lccn/sn91066782/1917-03-09,1,0,0,0
lccn/sn91066782/1916-03-28,1,4,11,-7
lccn/sn88085101/1917-09-14,2,12,5,7
lccn/sn88085101/1919-10-03,1,2,5,-3
lccn/sn85059715/1916-02-22,2,5,4,1
lccn/sn87062268/1909-02-07,2,14,0,14
lccn/sn82016014/1922-01-30,2,2,1,1
lccn/sn82016014/1921-11-05,2,8,2,6
lccn/sn82016014/1922-03-13,1,9,17,-8
lccn/sn82016014/1922-04-08,2,7,6,1
lccn/sn82016014/1922-08-26,1,10,14,-4
lccn/sn84026820/1917-02-17,1,5,14,-9
lccn/sn84038114/1887-02-08,2,14,8,6
lccn/sn84026820/1922-02-11,2,6,0,6
lccn/sn84026820/1921-10-22,1,3,9,-6
lccn/sn85049554/1912-03-28,1,7,19,-12
lccn/sn85049554/1912-02-24,1,5,7,-2
lccn/sn82016014/1921-03-05,2,9,0,9
lccn/sn82016014/1921-09-16,2,23,12,11
lccn/sn82016014/1921-01-01,1,11,16,-5
lccn/sn84022472/1915-11-19,2,7,4,3
lccn/sn82016014/1920-10-11,2,20,11,9
lccn/sn87062268/1909-02-14,2,20,1,19
lccn/sn99021999/1905-12-31,2,10,1,9
lccn/sn99021999/1906-02-10,1,8,18,-10
lccn/sn85066387/1908-08-13,1,0,5,-5
lccn/sn85066387/1908-08-23,1,6,14,-8
lccn/sn99021999/1907-04-07,1,2,8,-6
lccn/sn86053369/1907-02-15,1,6,7,-1
lccn/sn86081854/1910-05-06,2,26,18,8
lccn/sn85042303/1907-05-26,1,6,10,-4
lccn/sn85042303/1912-11-14,2,17,6,11
lccn/sn86081330/1914-12-07,2,5,2,3
lccn/sn83030214/1904-12-12,1,2,3,-1
lccn/sn85042588/1891-07-10,2,13,2,11
lccn/sn83030214/1905-09-13,2,10,4,6
lccn/sn84026925/1915-06-22,1,2,8,-6
lccn/sn84026925/1904-09-30,2,14,13,1
lccn/sn84026925/1903-09-08,2,8,2,6
lccn/sn87075048/1894-09-05,2,15,3,12
lccn/sn84026925/1896-01-08,2,11,4,7
lccn/sn87075213/1899-07-14,2,15,2,13
lccn/sn84026925/1897-04-28,2,13,10,3
lccn/sn84026925/1899-11-25,1,8,11,-3
lccn/sn84028473/1914-07-03,2,15,3,12
lccn/sn84028473/1911-01-06,1,7,9,-2
lccn/sn84026925/1922-03-03,2,8,3,5
lccn/sn84026925/1921-02-01,1,1,5,-4
lccn/sn84026925/1905-08-04,1,7,10,-3
lccn/sn84026925/1896-01-22,1,4,6,-2
lccn/sn84026925/1896-01-29,2,4,1,3
lccn/sn84022871/1890-08-25,2,5,0,5
lccn/sn84026817/1882-09-27,2,14,5,9
lccn/sn85026002/1865-08-11,1,8,11,-3
lccn/sn84026817/1893-04-25,1,2,10,-8
lccn/sn84022770/1871-08-19,2,28,3,25
lccn/sn84022871/1896-02-03,1,8,13,-5
lccn/sn87065531/1919-07-19,1,1,4,-3
lccn/sn87065532/1911-06-30,2,9,7,2
lccn/sn84020630/1900-06-15,2,14,4,10
lccn/sn83045232/1880-02-12,2,2,1,1
lccn/sn86079018/1875-11-11,2,7,5,2
lccn/sn87065532/1909-05-28,2,6,4,2
lccn/sn87065532/1910-10-14,1,0,0,0
lccn/sn86079018/1875-05-01,1,9,13,-4
lccn/sn83045366/1901-05-11,1,4,6,-2
lccn/sn83045366/1901-05-29,2,8,1,7
lccn/sn83045462/1902-09-23,2,8,2,6
lccn/sn83045462/1903-01-17,1,7,8,-1
lccn/sn88068010/1887-08-18,2,7,5,2
lccn/sn83045462/1903-02-06,1,0,0,0
lccn/sn83045462/1904-10-12,2,3,1,2
lccn/sn83045462/1904-09-28,2,14,8,6
lccn/sn83045462/1904-11-08,2,4,3,1
lccn/sn83045462/1905-01-02,2,5,1,4
lccn/sn83045366/1901-09-09,1,0,0,0
lccn/sn83045366/1901-09-19,2,7,1,6
lccn/sn83045366/1901-05-18,2,15,13,2
lccn/sn83045462/1903-03-07,2,7,2,5
lccn/sn83045462/1903-06-19,2,17,5,12
lccn/sn83045366/1901-12-21,1,8,8,0
lccn/sn88056024/1916-11-21,2,15,2,13
lccn/sn86090456/1892-12-06,2,6,2,4
lccn/sn83045389/1917-09-19,1,9,10,-1
lccn/sn84026399/1858-07-15,1,2,2,0
lccn/sn84026749/1915-11-02,2,15,10,5
lccn/sn84026749/1915-09-15,2,12,9,3
lccn/sn85058130/1893-05-28,2,24,5,19
lccn/sn84026749/1917-01-13,2,10,5,5
lccn/sn83045396/1904-01-26,2,10,7,3
lccn/sn83045462/1898-09-16,2,31,8,23
lccn/sn83045462/1895-11-15,2,24,4,20
lccn/sn83045462/1897-10-01,2,22,8,14
lccn/sn83045462/1897-12-04,1,0,0,0
lccn/sn87078000/1896-08-07,2,11,5,6
lccn/sn83030214/1921-09-25,2,9,5,4
lccn/sn85058140/1910-11-01,2,23,7,16
lccn/sn85058140/1910-02-12,2,11,3,8
lccn/sn83045555/1910-01-15,2,20,7,13
lccn/sn84026355/1902-10-25,1,8,11,-3
lccn/sn84026355/1902-12-22,2,7,3,4
lccn/sn83045462/1918-04-27,1,0,0,0
lccn/sn85058398/1909-08-27,2,10,2,8
lccn/sn85058140/1909-11-08,2,30,8,22
lccn/sn84026355/1902-04-12,1,3,12,-9
lccn/sn84026355/1902-06-25,2,11,8,3
lccn/sn83045462/1918-02-05,1,5,5,0
lccn/sn83045462/1918-01-20,1,0,0,0
lccn/sn83045462/1918-02-21,1,4,9,-5
lccn/sn83045462/1918-01-08,2,16,3,13
lccn/sn85038615/1905-01-29,2,13,11,2
lccn/sn85038615/1905-04-12,2,6,4,2
lccn/sn85038615/1905-11-11,1,4,4,0
lccn/sn85038615/1905-09-10,2,37,26,11
lccn/sn84026526/1878-08-15,2,6,1,5
lccn/sn84026526/1882-04-13,2,9,7,2
lccn/sn83025294/1902-05-23,2,13,10,3
lccn/sn85038615/1911-08-25,2,9,2,7
lccn/sn85038615/1911-09-18,2,16,2,14
lccn/sn85038615/1911-09-09,2,8,3,5
lccn/sn99063956/1901-08-10,2,13,9,4
lccn/sn85033306/1880-05-27,2,11,5,6
lccn/sn85033306/1880-06-03,1,18,18,0
lccn/sn85033306/1880-06-10,2,11,5,6
lccn/sn85033306/1880-06-24,2,9,5,4
lccn/sn85033306/1880-08-12,1,2,6,-4
lccn/sn85033306/1866-09-01,1,5,5,0
lccn/sn85033306/1880-05-20,2,9,5,4
lccn/sn83025294/1902-01-14,1,2,12,-10
lccn/sn85033306/1880-08-19,1,4,6,-2
lccn/sn85033306/1880-09-02,1,5,5,0
lccn/sn85033306/1880-09-23,1,6,6,0
lccn/sn85033306/1880-10-07,2,14,7,7
lccn/sn85033306/1880-10-14,1,10,12,-2
lccn/sn85033306/1880-10-21,1,6,6,0
lccn/sn87093407/1904-08-11,1,2,5,-3
lccn/sn87093056/1899-03-01,2,14,2,12
lccn/sn97067613/1902-10-22,1,4,8,-4
lccn/sn83045366/1903-07-17,2,18,9,9
lccn/sn83045366/1903-06-03,2,10,1,9
lccn/sn83045366/1903-06-13,2,16,1,15
lccn/sn83045366/1903-06-16,1,8,15,-7
lccn/sn83045366/1903-06-17,1,6,8,-2
lccn/sn83045366/1903-06-22,1,4,6,-2
lccn/sn83045366/1903-08-08,1,8,9,-1
lccn/sn83045366/1903-10-30,2,13,1,12
lccn/sn83045366/1903-10-05,2,8,4,4
lccn/sn83045366/1903-10-17,2,20,7,13
lccn/sn83045366/1903-10-17,1,4,7,-3
lccn/sn83030214/1914-07-03,1,0,0,0
lccn/sn83030214/1914-06-17,2,7,4,3
lccn/sn87096040/1917-04-05,2,16,8,8
lccn/sn87096040/1915-03-18,1,5,9,-4
lccn/sn83045462/1911-03-19,2,7,3,4
lccn/sn83045462/1911-03-21,1,5,6,-1
lccn/sn83045366/1904-03-16,2,6,3,3
lccn/sn83045462/1910-11-12,2,2,0,2
lccn/sn83045462/1910-12-05,2,4,2,2
lccn/sn83045462/1910-11-20,1,2,4,-2
lccn/sn83045462/1910-09-15,2,7,2,5
lccn/sn89066316/1922-02-16,1,4,6,-2
lccn/sn85042414/1918-07-16,2,17,1,16
lccn/sn85042414/1918-07-17,2,19,1,18
lccn/sn85042414/1918-07-18,2,21,0,21
lccn/sn88076741/1890-09-05,2,12,3,9
lccn/sn88076741/1890-09-12,1,3,3,0
lccn/sn85038531/1919-10-11,2,12,7,5
lccn/sn85038615/1910-11-22,2,9,5,4
lccn/sn85053109/1916-10-06,1,5,7,-2
lccn/sn84036266/1898-03-17,2,8,6,2
lccn/sn85033437/1880-12-03,2,9,4,5
lccn/sn89060124/1895-12-20,2,8,2,6
lccn/sn88061082/1879-06-07,2,7,1,6
lccn/sn88061082/1880-04-24,1,7,7,0
lccn/sn82006687/1878-10-03,1,22,24,-2
lccn/sn83045462/1925-07-16,1,14,14,0
lccn/sn83045462/1925-11-02,1,0,0,0
lccn/sn83045462/1925-07-04,2,4,1,3
lccn/sn83045462/1925-07-24,2,5,2,3
lccn/sn86063242/1885-07-29,2,15,8,7
lccn/sn83045462/1927-01-25,2,4,2,2
lccn/sn86079088/1873-10-18,2,5,4,1
lccn/sn82006687/1882-12-14,2,13,2,11
lccn/sn95079154/1911-02-23,1,11,18,-7
lccn/sn95079154/1911-11-16,2,13,5,8
lccn/sn87060004/1894-11-29,1,5,11,-6
lccn/sn90000523/1907-06-06,2,8,1,7
lccn/sn90000523/1894-02-02,2,13,11,2
lccn/sn88077067/1915-09-03,1,3,5,-2
lccn/2012218613/1886-06-30,1,3,3,0
lccn/sn88077067/1914-09-11,1,7,7,0
lccn/sn88077067/1912-03-08,2,10,4,6
lccn/sn88077067/1911-04-07,2,14,2,12
lccn/sn84026907/1899-09-27,2,11,6,5
lccn/sn84026853/1909-12-15,2,35,7,28
lccn/sn84026907/1891-04-22,2,21,5,16
lccn/sn84026853/1912-09-11,1,4,7,-3
lccn/sn84028473/1918-02-22,1,7,7,0
lccn/sn84028473/1915-08-20,1,4,13,-9
lccn/sn84028473/1915-10-08,2,20,6,14
lccn/sn84028473/1916-01-21,1,5,7,-2
lccn/sn84028473/1917-05-25,1,7,10,-3
lccn/sn84028473/1921-05-20,1,7,7,0
lccn/sn99021999/1907-02-21,2,16,2,14
lccn/sn85049554/1917-11-05,2,2,1,1
lccn/sn85049554/1918-01-24,2,6,3,3
lccn/sn85049554/1917-11-14,2,12,7,5
lccn/sn85049554/1917-11-17,1,10,11,-1
lccn/sn82016014/1917-02-10,2,11,7,4
lccn/sn84026820/1909-12-23,2,5,3,2
lccn/sn84026820/1905-07-08,1,1,8,-7
lccn/sn84026820/1907-01-12,2,15,6,9
lccn/sn84026820/1908-05-02,1,2,10,-8
lccn/sn82016014/1918-11-20,1,17,17,0
lccn/sn82016014/1918-05-25,2,7,1,6
lccn/sn82016014/1917-05-04,1,5,13,-8
lccn/sn84022472/1914-07-03,2,16,1,15
lccn/sn82016014/1917-03-10,1,7,12,-5
lccn/sn82016014/1917-03-28,2,10,9,1
lccn/sn82016014/1917-04-23,1,2,11,-9
lccn/sn84022472/1912-01-27,2,5,3,2
lccn/sn99021999/1906-12-17,2,14,6,8
lccn/sn82014086/1913-01-24,1,5,9,-4
lccn/sn82014086/1913-04-15,2,8,4,4
lccn/sn99021999/1905-08-16,1,2,4,-2
lccn/sn82014682/1915-03-05,2,10,4,6
lccn/sn85066387/1908-08-21,1,3,4,-1
lccn/sn84022472/1912-02-17,1,3,3,0
lccn/sn95026977/1907-09-10,2,8,5,3
lccn/sn84026820/1915-05-08,2,11,3,8
lccn/sn84026820/1915-08-14,2,10,0,10
lccn/sn82015104/1891-09-08,2,9,2,7
lccn/sn84026820/1915-10-09,2,9,5,4
lccn/sn82016014/1918-07-29,1,5,15,-10
lccn/sn82016014/1919-03-29,1,4,7,-3
lccn/sn82016014/1919-03-29,2,8,7,1
lccn/sn99021999/1907-02-16,2,14,10,4
lccn/sn99021999/1914-11-09,1,6,13,-7
lccn/sn88064119/1889-12-13,2,2,1,1
lccn/sn88064119/1889-08-02,2,14,10,4
lccn/sn88064119/1889-08-23,2,5,2,3
lccn/sn88064119/1889-10-25,2,6,4,2
lccn/sn88064119/1889-11-08,2,10,7,3
lccn/sn83030193/1918-02-23,1,0,0,0
lccn/sn88064111/1894-05-19,2,13,5,8
lccn/sn83004226/1921-03-04,1,2,6,-4
lccn/sn88086023/1920-05-11,1,7,10,-3
lccn/sn97071038/1922-10-12,2,10,5,5
lccn/sn97071038/1922-12-21,1,7,7,0
lccn/sn88064305/1914-06-11,2,5,2,3
lccn/sn84022644/1869-11-06,2,3,1,2
lccn/sn84036012/1898-08-05,2,16,6,10
lccn/sn84036012/1898-05-22,1,3,7,-4
lccn/sn85038615/1911-05-15,1,9,9,0
lccn/sn85038615/1911-05-28,1,8,15,-7
lccn/sn84036012/1898-11-14,1,4,11,-7
lccn/sn85033437/1872-09-05,2,29,2,27
lccn/sn85033437/1871-08-04,2,7,6,1
lccn/sn96091104/1900-06-08,2,11,10,1
lccn/sn89060124/1897-08-13,2,8,1,7
lccn/sn99063957/1912-05-11,2,8,5,3
lccn/sn83045217/1922-09-16,1,3,6,-3
lccn/sn83045217/1922-11-05,2,9,5,4
lccn/sn83045217/1922-08-19,2,14,7,7
lccn/sn83045217/1922-09-03,2,9,1,8
lccn/sn89060124/1922-06-02,2,5,4,1
lccn/sn83045217/1922-05-25,2,14,9,5
lccn/sn85038615/1906-02-13,2,6,1,5
lccn/sn85034438/1895-03-29,1,4,4,0
lccn/sn88064020/1919-04-03,2,6,3,3
lccn/sn83045462/1927-06-22,2,14,1,13
lccn/sn84026688/1885-11-26,1,8,11,-3
lccn/sn88064176/1905-04-01,2,7,3,4
lccn/sn83045462/1927-12-11,1,3,3,0
lccn/sn83045462/1928-04-11,2,5,4,1
lccn/sn88064020/1915-06-24,2,15,4,11
lccn/sn84026688/1899-02-23,1,3,5,-2
lccn/sn83045462/1927-06-19,2,9,0,9
lccn/sn83045462/1927-09-17,2,4,1,3
lccn/sn84026688/1917-02-22,2,12,7,5
lccn/sn83045462/1927-09-19,1,0,0,0
lccn/sn83045462/1927-09-11,2,6,1,5
lccn/sn83045462/1927-11-04,2,5,0,5
lccn/sn85038614/1897-01-24,1,0,0,0
lccn/sn83045462/1928-06-15,2,13,4,9
lccn/sn83045462/1928-05-24,1,0,0,0
lccn/sn83045462/1928-06-01,2,2,1,1
lccn/sn85033139/1908-01-09,2,13,3,10
lccn/sn85033139/1905-03-02,2,3,2,1
lccn/sn85033139/1909-04-01,1,3,11,-8
lccn/sn85033139/1909-05-06,2,11,5,6
lccn/sn84026472/1874-06-03,1,3,3,0
lccn/sn84026472/1852-12-15,2,3,1,2
lccn/sn84026472/1861-02-20,2,6,5,1
lccn/sn84020731/1911-01-31,2,19,14,5
lccn/sn84026472/1839-07-11,1,4,4,0
lccn/sn84026472/1839-08-15,2,10,3,7
lccn/sn84020731/1911-05-26,2,8,5,3
lccn/sn86086770/1887-11-24,1,0,0,0
lccn/sn84031081/1912-10-01,1,5,6,-1
lccn/sn83045389/1918-09-01,2,3,2,1
lccn/sn83045389/1919-08-17,1,0,1,-1
lccn/sn88056095/1900-10-27,1,1,5,-4
lccn/sn83016943/1901-04-13,2,4,2,2
lccn/sn83016943/1901-04-27,1,6,6,0
lccn/sn85034374/1897-06-09,1,0,0,0
lccn/sn83045389/1918-10-06,2,16,3,13
lccn/sn85038614/1902-09-12,1,1,5,-4
lccn/sn83016926/1875-11-10,2,11,2,9
lccn/sn83016739/1879-10-25,2,15,5,10
lccn/sn83030214/1901-01-24,1,0,0,0
lccn/sn83030214/1901-04-21,2,13,7,6
lccn/sn90059522/1889-08-22,2,15,6,9
lccn/sn90059522/1889-08-22,2,14,7,7
lccn/sn90059522/1890-01-04,2,16,4,12
lccn/sn90059522/1890-06-15,2,28,2,26
lccn/sn90059523/1899-01-10,2,10,6,4
lccn/sn90059523/1899-01-28,1,0,0,0
lccn/sn90059523/1899-03-14,1,2,4,-2
lccn/sn90059523/1899-03-17,1,2,9,-7
lccn/sn90059523/1899-03-20,2,5,2,3
lccn/sn90059523/1899-04-13,1,3,3,0
lccn/sn88084272/1919-07-28,2,9,5,4
lccn/sn88084272/1918-02-16,2,7,5,2
lccn/sn88085190/1901-05-30,2,16,12,4
lccn/sn87093407/1909-11-29,2,7,4,3
lccn/sn86071197/1899-05-24,1,7,9,-2
lccn/sn86071197/1899-06-08,2,10,1,9
lccn/sn90068957/1849-05-26,2,8,3,5
lccn/sn90068958/1850-02-09,2,4,0,4
lccn/sn84028296/1884-03-27,1,6,9,-3
lccn/sn84028296/1882-03-23,2,11,0,11
lccn/sn85026051/1850-08-17,2,16,10,6
lccn/sn86064205/1889-02-11,2,10,6,4
lccn/sn86064205/1889-02-26,2,21,4,17
lccn/sn86064205/1890-05-10,2,14,1,13
lccn/sn86071197/1902-10-12,2,46,20,26
lccn/sn86064205/1889-09-22,2,18,10,8
lccn/sn86064205/1889-09-29,2,13,5,8
lccn/sn86071868/1891-09-29,2,7,6,1
lccn/sn86071868/1890-09-14,1,0,0,0
lccn/sn85025350/1901-03-02,2,19,15,4
lccn/sn85025350/1903-11-28,2,13,4,9
lccn/sn89060136/1887-05-06,2,14,8,6
lccn/sn85034438/1903-01-17,2,15,11,4
lccn/sn84024441/1898-09-03,2,23,11,12
lccn/sn84024441/1896-11-09,1,7,9,-2
lccn/sn84024441/1899-11-14,2,16,1,15
lccn/sn85058246/1903-03-06,2,4,3,1
lccn/sn87062244/1895-05-18,2,12,4,8
lccn/sn83030193/1894-09-07,1,3,3,0
lccn/sn83030193/1894-09-07,1,4,4,0
lccn/sn98069867/1919-05-28,2,8,7,1
lccn/sn85042373/1913-06-12,2,18,1,17
lccn/sn84024779/1889-06-13,2,18,11,7
lccn/sn84024779/1889-06-20,2,23,10,13
lccn/sn84024779/1886-12-09,1,7,9,-2
lccn/sn84024779/1886-12-16,1,6,9,-3
lccn/sn84024779/1891-09-03,2,12,7,5
lccn/sn83045160/1874-07-31,2,7,6,1
lccn/sn85033139/1884-02-21,1,6,13,-7
lccn/sn85033139/1880-01-01,2,4,2,2
lccn/sn85033139/1867-08-30,2,9,1,8
lccn/sn83045160/1876-02-11,2,14,1,13
lccn/sn83045604/1898-06-12,1,5,15,-10
lccn/sn83045604/1899-05-28,1,4,5,-1
lccn/sn85033139/1894-01-18,2,6,5,1
lccn/sn85033139/1894-01-25,1,6,12,-6
lccn/sn85033139/1894-02-08,2,16,12,4
lccn/sn85033139/1894-02-15,2,8,6,2
lccn/sn83045604/1898-12-24,2,5,3,2
lccn/sn86061215/1909-04-24,2,8,3,5
lccn/sn86061215/1909-07-13,1,0,0,0
lccn/sn86061215/1909-09-11,2,15,7,8
lccn/sn86061215/1908-06-20,2,18,5,13
lccn/sn86061215/1906-04-10,1,2,2,0
lccn/sn86061215/1906-11-20,2,12,5,7
lccn/sn87057934/1898-03-17,2,5,3,2
lccn/sn86061215/1905-10-03,1,6,8,-2
lccn/sn86061215/1905-10-17,2,15,5,10
lccn/sn86061215/1909-05-04,2,12,7,5
lccn/sn85042736/1859-08-24,2,3,0,3
lccn/sn86063778/1908-11-19,2,7,6,1
lccn/sn84026965/1877-12-13,2,13,4,9
lccn/sn86091092/1916-03-31,1,6,11,-5
lccn/sn98060050/1907-06-07,1,2,3,-1
lccn/sn86072143/1909-09-30,1,5,5,0
lccn/sn86072143/1912-01-25,2,5,4,1
lccn/sn86072143/1910-10-13,1,6,7,-1
lccn/sn86072143/1911-02-09,2,10,3,7
lccn/sn86072143/1908-07-09,1,1,1,0
lccn/sn86072143/1907-04-11,1,11,11,0
lccn/sn98060050/1897-06-11,1,2,6,-4
lccn/sn98060050/1897-08-20,1,11,16,-5
lccn/sn98060050/1897-09-10,1,8,15,-7
lccn/sn98060050/1895-01-18,2,7,4,3
lccn/sn98060050/1895-02-15,1,9,13,-4
lccn/sn98060050/1892-09-02,2,9,2,7
lccn/sn98060050/1896-08-21,1,3,8,-5
lccn/sn98060050/1906-06-15,2,5,2,3
lccn/sn98060050/1907-04-12,1,6,13,-7
lccn/sn98060050/1906-03-23,1,8,10,-2
lccn/sn98060050/1910-01-14,2,5,4,1
lccn/sn98060050/1910-03-18,1,2,8,-6
lccn/sn98060050/1901-12-06,2,11,5,6
lccn/sn98060050/1900-09-28,2,12,9,3
lccn/sn98060050/1898-06-24,2,10,9,1
lccn/sn98060050/1899-05-26,1,4,5,-1
lccn/sn98060050/1900-06-15,2,8,5,3
lccn/sn98060050/1910-06-24,2,12,3,9
lccn/sn98060050/1910-10-14,2,7,5,2
lccn/sn98060050/1910-12-02,1,5,11,-6
lccn/sn86072143/1886-02-19,2,4,3,1
lccn/sn85066387/1901-06-08,2,18,5,13
lccn/sn85066387/1901-06-08,2,17,12,5
lccn/sn85058130/1880-01-16,1,11,12,-1
lccn/sn83045462/1914-10-04,2,9,0,9
lccn/sn83045462/1914-10-25,2,9,6,3
lccn/sn83045462/1921-01-06,2,7,4,3
lccn/sn83045462/1920-09-23,2,6,2,4
lccn/sn83045462/1920-10-07,1,3,4,-1
lccn/sn83045462/1920-12-21,1,3,9,-6
lccn/sn90059522/1884-08-25,2,6,3,3
lccn/sn90059522/1885-11-01,2,4,1,3
lccn/sn88076523/1912-05-10,1,4,5,-1
lccn/sn85042414/1922-08-19,1,3,5,-2
lccn/sn83045366/1906-01-21,2,12,9,3
lccn/sn85042414/1922-09-01,2,13,0,13
lccn/sn85042414/1922-09-04,2,10,4,6
lccn/sn85042414/1922-07-24,1,0,0,0
lccn/sn90059522/1887-10-07,2,10,4,6
lccn/sn85058130/1898-11-25,2,8,6,2
lccn/sn84026749/1915-02-10,1,6,12,-6
lccn/sn83045433/1915-02-22,2,16,9,7
lccn/sn85058130/1899-05-07,2,18,7,11
lccn/sn85058130/1899-06-02,1,11,16,-5
lccn/sn84026749/1913-12-14,2,13,7,6
lccn/sn84026749/1916-08-18,1,4,4,0
lccn/sn84026749/1916-05-22,1,6,7,-1
lccn/sn85040722/1909-04-02,1,5,10,-5
lccn/sn83030430/1916-07-05,1,6,10,-4
lccn/sn86075261/1889-11-30,1,6,6,0
lccn/sn86075261/1890-04-05,1,8,8,0
lccn/sn83030193/1904-01-19,1,2,17,-15
lccn/sn85033295/1889-05-22,1,3,7,-4
lccn/sn85033295/1897-12-01,1,5,11,-6
lccn/sn85033295/1887-02-23,2,4,2,2
lccn/sn98060035/1898-05-27,2,5,3,2
lccn/sn84026844/1872-05-21,2,21,8,13
lccn/sn84026844/1873-11-29,1,6,10,-4
lccn/sn86053573/1887-08-24,1,2,2,0
lccn/sn84026749/1905-12-17,2,9,3,6
lccn/sn83030214/1906-07-15,2,3,0,3
lccn/sn83030214/1906-07-29,1,6,6,0
lccn/sn83030214/1920-01-08,2,17,1,16
lccn/sn83030214/1919-01-23,2,11,9,2
lccn/sn87062244/1894-11-18,1,7,7,0
lccn/sn83045555/1899-07-29,2,7,4,3
lccn/sn83045433/1911-05-28,1,6,18,-12
lccn/sn83045555/1904-05-07,2,5,2,3
lccn/sn83030214/1902-11-13,1,4,5,-1
lccn/sn83045211/1916-06-13,2,12,5,7
lccn/sn83045211/1915-08-24,2,6,3,3
lccn/sn85058130/1909-01-09,2,30,11,19
lccn/sn83045211/1916-06-16,1,5,11,-6
lccn/sn83045211/1916-04-13,1,13,15,-2
lccn/sn83045211/1916-09-16,1,6,7,-1
lccn/sn83045211/1916-09-30,1,10,11,-1
lccn/sn83045211/1916-07-15,2,11,4,7
lccn/sn83045211/1917-09-10,1,4,4,0
lccn/sn82016014/1899-11-25,2,7,6,1
lccn/sn82016014/1899-12-18,2,15,4,11
lccn/sn85025431/1879-08-14,1,6,6,0
lccn/sn82015679/1895-03-29,1,4,12,-8
lccn/sn83045462/1914-04-22,2,5,2,3
lccn/sn83045462/1914-01-30,1,2,16,-14
lccn/sn92053943/1882-07-09,2,7,0,7
lccn/sn89064525/1891-09-04,2,7,6,1
lccn/sn82016014/1899-05-31,1,0,0,0
lccn/sn82016014/1898-05-10,2,9,2,7
lccn/sn83045462/1914-02-20,2,11,7,4
lccn/sn83045462/1914-02-15,2,9,1,8
lccn/sn83045462/1914-02-15,1,2,2,0
lccn/sn84026749/1911-09-30,2,7,5,2
lccn/sn84024546/1891-06-23,2,13,2,11
lccn/sn83030214/1922-01-30,1,0,0,0
lccn/sn83030214/1922-01-30,2,5,0,5
lccn/sn84026844/1893-02-02,2,8,4,4
lccn/sn83045604/1892-01-15,1,7,7,0
lccn/sn83045604/1899-07-28,2,7,4,3
lccn/sn84026844/1895-12-23,2,13,1,12
lccn/sn83035487/1852-02-14,2,11,9,2
lccn/sn84020274/1903-02-11,2,11,4,7
lccn/sn84020274/1903-02-11,2,7,4,3
lccn/sn85042414/1920-07-02,1,0,0,0
lccn/sn84020274/1902-04-08,2,14,8,6
lccn/sn84020274/1902-07-26,1,4,14,-10
lccn/sn84020274/1903-04-03,1,6,7,-1
lccn/sn83045366/1905-04-19,2,13,4,9
lccn/sn83045366/1905-06-09,2,6,3,3
lccn/sn83045366/1905-06-10,2,10,9,1
lccn/sn85042414/1922-12-13,1,13,14,-1
lccn/sn85042414/1922-02-21,1,3,5,-2
lccn/sn85042414/1921-12-30,2,9,0,9
lccn/sn83045366/1903-03-13,2,5,3,2
lccn/sn83045366/1903-03-24,2,10,3,7
lccn/sn83045366/1903-03-24,2,9,3,6
lccn/sn85058130/1905-09-03,2,18,8,10
lccn/sn83045555/1905-01-14,1,6,8,-2
lccn/sn83045555/1910-11-21,1,2,5,-3
lccn/sn83045555/1910-11-17,2,4,3,1
lccn/sn83045555/1910-03-09,1,6,13,-7
lccn/sn84025891/1908-12-12,2,6,4,2
lccn/sn83045555/1910-12-17,2,12,4,8
lccn/sn83045555/1909-05-25,2,9,4,5
lccn/sn83045555/1909-06-03,1,5,5,0
lccn/sn83045555/1909-05-19,2,4,3,1
lccn/sn85058396/1915-09-14,1,9,10,-1
lccn/sn85058396/1917-07-02,1,11,12,-1
lccn/sn84026847/1871-01-28,2,9,0,9
lccn/sn84026847/1870-09-26,2,7,6,1
lccn/sn84026847/1870-10-04,2,12,2,10
lccn/sn84026824/1866-08-25,2,5,3,2
lccn/sn84026824/1865-10-21,1,0,0,0
lccn/sn84026824/1873-11-15,2,14,4,10
lccn/sn83032300/1884-10-03,2,5,3,2
lccn/sn83032300/1881-06-23,1,5,8,-3
lccn/sn84024558/1858-09-30,1,6,6,0
lccn/sn86081096/1866-01-30,2,9,3,6
lccn/sn83030214/1901-12-08,2,26,8,18
lccn/sn83030214/1900-08-12,1,2,3,-1
lccn/sn85058130/1897-05-30,1,9,13,-4
lccn/sn85058130/1897-05-13,2,17,16,1
lccn/sn85058130/1898-06-09,2,19,7,12
lccn/sn85058130/1898-08-30,1,3,11,-8
lccn/sn85058130/1898-02-16,1,5,5,0
lccn/sn85058130/1896-05-05,1,5,5,0
lccn/sn85058130/1895-04-14,2,21,9,12
lccn/sn85058130/1895-09-18,2,6,5,1
lccn/sn83045389/1922-03-24,1,1,4,-3
lccn/sn83045433/1914-06-07,2,9,5,4
lccn/sn84026749/1914-10-31,2,4,3,1
lccn/sn83045462/1921-11-06,2,10,5,5
lccn/sn83045462/1922-01-12,1,4,5,-1
lccn/sn83045462/1921-12-25,2,5,3,2
lccn/sn83045433/1915-10-14,1,6,8,-2
lccn/sn83045433/1915-10-03,2,14,5,9
lccn/sn83045462/1922-07-26,2,4,2,2
lccn/sn83045462/1922-05-29,2,10,9,1
lccn/sn83045433/1916-06-11,1,7,7,0
lccn/sn85042591/1869-09-24,2,1,0,1
lccn/sn84028490/1887-05-26,2,10,4,6
lccn/sn91066782/1912-01-23,2,4,3,1
lccn/sn91066782/1912-11-15,1,0,0,0
lccn/sn91066782/1906-11-28,1,0,0,0
lccn/sn91066782/1906-12-04,1,8,12,-4
lccn/sn91066782/1910-07-02,2,26,4,22
lccn/sn91066782/1910-09-28,2,10,9,1
lccn/sn91066782/1910-12-29,1,1,9,-8
lccn/sn84022770/1908-05-15,1,15,15,0
lccn/sn84022770/1911-11-24,1,1,6,-5
lccn/sn84022871/1902-04-21,1,1,5,-4
lccn/sn84022871/1898-02-28,1,0,0,0
lccn/sn91066782/1906-01-12,1,4,8,-4
lccn/sn85026241/1885-11-05,1,2,5,-3
lccn/sn84026844/1866-02-10,2,3,2,1
lccn/sn85026241/1886-01-28,1,7,7,0
lccn/sn95066012/1922-01-12,1,0,0,0
lccn/sn95066012/1921-01-22,2,5,1,4
lccn/sn88085947/1910-04-20,2,7,6,1
lccn/sn86072041/1909-10-14,1,5,5,0
lccn/sn83045433/1918-02-16,1,0,0,0
lccn/sn83045462/1921-11-19,1,1,24,-23
lccn/sn83045433/1917-04-29,2,5,3,2
lccn/sn83045462/1901-12-30,2,17,6,11
lccn/sn83045462/1901-03-19,2,9,1,8
lccn/sn85042345/1921-05-22,2,2,0,2
lccn/sn83045462/1899-06-19,2,7,6,1
lccn/sn87078321/1905-03-15,2,13,3,10
lccn/sn83045462/1900-02-27,1,16,16,0
lccn/sn83045462/1901-03-30,2,14,7,7
lccn/sn83045462/1901-10-16,2,7,1,6
lccn/sn83030214/1904-09-05,2,8,3,5
lccn/sn85054616/1857-09-23,2,5,4,1
lccn/sn83045462/1901-11-13,2,18,2,16
lccn/sn83045462/1900-03-23,2,7,1,6
lccn/sn83045462/1900-04-24,1,7,8,-1
lccn/sn85025620/1885-09-24,2,10,2,8
lccn/sn85025620/1892-08-11,2,14,8,6
lccn/sn85025620/1889-11-14,2,26,10,16
lccn/sn85025620/1893-08-24,2,12,5,7
lccn/sn89081022/1921-08-10,2,9,7,2
lccn/sn83045462/1899-09-20,2,14,3,11
lccn/sn87055779/1922-11-22,1,0,0,0
lccn/sn89081022/1912-02-28,2,12,6,6
lccn/sn89081022/1912-06-26,2,10,1,9
lccn/sn89081022/1912-09-25,1,3,6,-3
lccn/sn89081022/1915-10-27,1,3,7,-4
lccn/sn92053934/1913-12-27,1,0,0,0
lccn/sn85066387/1912-08-24,1,4,7,-3
lccn/sn89081022/1919-11-19,2,11,3,8
lccn/sn89081022/1908-11-11,1,3,3,0
lccn/sn89081022/1907-02-06,2,4,3,1
lccn/sn89081022/1907-02-06,2,4,3,1
lccn/sn89081022/1907-01-09,1,7,7,0
lccn/sn89067273/1900-03-08,2,10,4,6
lccn/sn90059523/1902-03-16,2,8,3,5
lccn/sn83045462/1913-04-16,2,15,2,13
lccn/sn83045462/1914-03-31,2,9,6,3
lccn/sn83045462/1903-11-12,2,11,2,9
lccn/sn83045462/1903-11-16,2,19,0,19
lccn/sn83045462/1903-11-26,2,6,5,1
lccn/sn83045462/1903-09-28,2,7,3,4
lccn/sn90059523/1903-11-03,1,4,9,-5
lccn/sn90059523/1903-10-08,1,3,5,-2
lccn/sn86072143/1920-01-15,2,6,2,4
lccn/sn98060050/1911-03-10,2,19,7,12
lccn/sn98060050/1911-08-04,2,10,1,9
lccn/sn98060050/1911-12-08,1,1,7,-6
lccn/sn98060050/1912-06-07,2,13,1,12
lccn/sn98060050/1912-10-04,2,5,1,4
lccn/sn86072143/1916-01-20,1,7,12,-5
lccn/sn86072143/1918-02-07,1,5,9,-4
lccn/sn86072143/1913-12-25,1,1,3,-2
lccn/sn86072143/1914-03-26,1,9,12,-3
lccn/sn84022871/1920-11-03,2,6,4,2
lccn/sn84022871/1921-12-14,2,7,5,2
lccn/sn84022871/1922-10-11,1,4,6,-2
lccn/sn90059228/1894-05-24,2,8,6,2
lccn/sn89067274/1896-12-17,2,16,6,10
lccn/sn89067274/1906-02-08,2,9,6,3
lccn/sn89067274/1894-05-24,2,3,1,2
lccn/sn89067274/1907-08-22,2,14,11,3
lccn/sn89067274/1907-09-05,2,2,1,1
lccn/sn82015679/1890-02-24,2,8,6,2
lccn/sn82015679/1890-06-20,2,3,2,1
lccn/sn82015679/1889-06-10,1,7,8,-1
lccn/sn89067274/1878-09-12,2,12,4,8
lccn/sn89067274/1878-09-19,2,5,0,5
lccn/sn89067274/1878-10-03,2,8,0,8
lccn/sn89067274/1878-10-10,2,5,1,4
lccn/sn89067274/1918-08-29,2,16,7,9
lccn/sn89067274/1888-03-08,2,10,3,7
lccn/sn85054468/1900-02-28,1,5,14,-9
lccn/sn85054468/1900-09-08,2,7,6,1
lccn/sn85054468/1901-01-13,2,20,1,19
lccn/sn84031081/1922-11-17,1,2,9,-7
lccn/sn84031081/1922-09-07,2,7,2,5
lccn/sn86069162/1899-05-31,2,21,9,12
lccn/sn84031081/1922-04-02,2,9,8,1
lccn/sn90059522/1891-09-30,1,8,8,0
lccn/sn90059523/1901-02-26,2,2,1,1
lccn/sn90059523/1901-01-05,1,0,0,0
lccn/sn90061417/1886-02-12,1,5,6,-1
lccn/sn85034039/1878-09-20,2,6,5,1
lccn/sn90061417/1910-08-12,2,17,9,8
lccn/sn88076144/1893-07-28,2,21,7,14
lccn/sn87065532/1889-07-19,2,8,2,6
lccn/sn87065532/1889-08-02,1,1,1,0
lccn/sn87065532/1889-08-09,2,7,4,3
lccn/sn87065532/1889-10-04,2,9,4,5
lccn/sn87065532/1889-08-16,2,7,1,6
lccn/sn87065532/1889-09-13,2,9,6,3
lccn/sn87065532/1889-09-20,2,7,4,3
lccn/sn83045462/1921-06-12,1,7,21,-14
lccn/sn87065532/1889-09-27,2,6,5,1
lccn/sn84026355/1897-10-06,2,9,7,2
lccn/sn84026355/1899-03-13,1,6,7,-1
lccn/sn84026355/1899-06-02,2,3,1,2
lccn/sn84026355/1897-01-12,1,1,6,-5
lccn/sn84026355/1897-05-18,1,7,7,0
lccn/sn84026355/1899-07-28,2,6,3,3
lccn/sn85058397/1910-12-28,1,4,12,-8
lccn/sn84036276/1897-09-18,2,1,0,1
lccn/sn84036276/1897-11-06,1,0,0,0
lccn/sn84036276/1898-01-01,2,7,2,5
lccn/sn84036276/1898-02-19,2,11,5,6
lccn/sn86074011/1883-01-19,2,4,0,4
lccn/sn83045232/1880-02-03,1,6,12,-6
lccn/sn83016943/1875-10-23,2,5,2,3
lccn/sn89066695/1901-03-27,1,6,7,-1
lccn/sn89066695/1907-08-01,1,8,8,0
lccn/sn89066695/1907-08-08,2,9,3,6
lccn/sn90061371/1905-02-22,1,5,6,-1
lccn/sn90061371/1916-03-22,2,4,3,1
lccn/sn90061371/1922-07-19,1,2,4,-2
lccn/sn90061371/1919-05-28,1,5,8,-3
lccn/sn90061371/1919-12-03,2,12,6,6
lccn/sn90061371/1919-12-17,1,2,10,-8
lccn/sn90061371/1913-08-27,2,6,5,1
lccn/sn90061371/1895-10-09,1,5,12,-7
lccn/sn84036276/1893-05-13,2,9,5,4
lccn/sn86075267/1889-10-09,2,26,6,20
lccn/sn85054468/1898-03-15,2,24,8,16
lccn/sn83045433/1913-10-26,1,8,22,-14
lccn/sn83045433/1921-04-05,2,18,7,11
lccn/sn83045433/1920-06-28,2,21,13,8
lccn/sn84026749/1920-09-11,1,9,23,-14
lccn/sn83045433/1920-06-13,1,3,9,-6
lccn/sn97070614/1899-12-15,1,1,2,-1
lccn/sn97070614/1902-08-15,1,2,4,-2
lccn/sn82014635/1904-01-01,2,23,3,20
lccn/sn82014635/1903-05-10,2,14,11,3
lccn/sn82014635/1903-08-30,2,6,4,2
lccn/sn82014635/1903-01-24,2,9,6,3
lccn/sn85042461/1897-03-10,2,12,5,7
lccn/sn85042461/1897-11-09,2,8,4,4
lccn/sn92053933/1922-06-12,2,9,8,1
lccn/sn89064515/1920-06-04,1,5,5,0
lccn/sn89064515/1921-02-25,2,9,6,3
lccn/sn85042461/1896-09-15,2,9,3,6
lccn/sn92053933/1922-08-10,2,3,2,1
lccn/sn84020750/1854-12-09,2,3,1,2
lccn/sn84020750/1856-09-06,2,10,3,7
lccn/sn84020750/1856-09-13,2,9,2,7
lccn/sn84020750/1856-09-27,2,8,1,7
lccn/sn84020750/1850-02-02,1,0,0,0
lccn/sn84020750/1856-08-23,2,9,3,6
lccn/sn84020750/1856-09-20,2,9,1,8
lccn/sn85038615/1907-09-29,2,9,3,6
lccn/sn85038615/1907-10-25,2,6,0,6
lccn/sn85038615/1907-11-24,1,7,9,-2
lccn/sn99063952/1891-06-03,1,4,9,-5
lccn/sn91068748/1921-06-03,2,4,3,1
lccn/sn99063952/1891-09-29,1,4,5,-1
lccn/sn91068748/1920-05-28,1,2,13,-11
lccn/sn84026561/1853-07-27,2,19,5,14
lccn/sn84026561/1858-06-09,2,10,3,7
lccn/sn85038615/1907-04-20,2,5,2,3
lccn/sn99063957/1915-02-04,2,10,6,4
lccn/sn99063957/1915-05-17,2,5,4,1
lccn/sn83045555/1897-01-16,2,7,5,2
lccn/sn83045211/1920-03-13,1,6,11,-5
lccn/sn83045211/1920-04-08,1,6,9,-3
lccn/sn83045211/1920-05-10,2,7,3,4
lccn/sn83045211/1920-06-11,2,11,4,7
lccn/sn83045211/1920-10-22,2,9,4,5
lccn/sn83045211/1920-08-20,2,12,5,7
lccn/sn83045211/1920-08-23,2,13,8,5
lccn/sn83045211/1921-08-31,2,8,3,5
lccn/sn83045211/1921-09-21,2,7,4,3
lccn/sn90052434/1866-12-13,1,4,5,-1
lccn/sn90052434/1866-12-20,2,7,2,5
lccn/sn83030273/1920-02-12,2,5,3,2
lccn/sn85033295/1880-12-22,1,12,13,-1
lccn/sn85033295/1881-08-17,1,0,0,0
lccn/sn85033295/1882-08-23,2,14,10,4
lccn/sn85040724/1908-01-10,1,6,7,-1
lccn/sn84020713/1874-09-07,1,10,14,-4
lccn/sn84020713/1872-08-06,2,16,1,15
lccn/sn84020713/1872-08-13,2,16,1,15
lccn/sn84020713/1872-08-27,2,11,9,2
lccn/sn84020713/1872-08-20,2,15,6,9
lccn/sn84036256/1921-08-12,2,4,1,3
lccn/sn84020714/1882-07-07,1,0,0,0
lccn/sn84020714/1882-07-14,2,9,3,6
lccn/sn84020714/1882-07-21,2,9,3,6
lccn/sn83025668/1907-09-05,1,3,3,0
lccn/sn86082061/1906-04-05,1,2,3,-1
lccn/sn86082061/1908-10-08,2,9,4,5
lccn/sn86082061/1905-05-25,1,6,6,0
lccn/sn86082061/1904-10-13,1,1,1,0
lccn/sn86082061/1897-02-04,1,10,11,-1
lccn/sn86082061/1903-03-12,1,8,9,-1
lccn/sn86082061/1901-12-26,1,4,9,-5
lccn/sn83030272/1906-04-29,1,16,20,-4
lccn/sn85038614/1901-09-21,2,6,2,4
lccn/sn85038614/1901-11-10,2,7,0,7
lccn/sn85038615/1908-10-05,1,0,0,0
lccn/sn83030193/1908-08-25,2,11,2,9
lccn/sn83030193/1907-12-11,2,10,4,6
lccn/sn89060136/1940-10-25,1,0,0,0
lccn/sn93060412/1888-12-29,2,13,5,8
lccn/sn93060416/1897-05-29,1,17,17,0
lccn/sn84026909/1870-08-24,2,4,0,4
lccn/sn87076552/1917-09-07,1,1,2,-1
lccn/sn84026909/1871-01-18,2,10,3,7
lccn/sn84026909/1871-01-25,1,0,0,0
lccn/sn84026909/1871-02-15,1,0,0,0
lccn/sn84026909/1871-03-29,1,0,0,0
lccn/sn84026909/1871-05-03,2,10,2,8
lccn/sn84026909/1871-05-10,2,8,2,6
lccn/sn84026909/1871-05-24,1,0,0,0
lccn/sn84026909/1871-06-07,2,6,1,5
lccn/sn84026909/1871-06-14,1,0,0,0
lccn/sn84026909/1871-07-05,2,14,9,5
lccn/sn84026909/1871-07-12,2,11,2,9
lccn/sn86053240/1854-10-04,2,8,4,4
lccn/sn84026923/1869-11-24,2,14,6,8
lccn/sn93067705/1881-06-04,2,15,4,11
lccn/sn87076552/1915-12-17,2,7,2,5
lccn/sn86053067/1878-05-21,2,10,7,3
lccn/sn85032490/1888-04-24,1,2,2,0
lccn/sn85032490/1886-11-28,2,10,5,5
lccn/sn85032490/1887-10-30,2,14,1,13
lccn/sn84028140/1899-06-20,2,5,1,4
lccn/sn84028140/1900-06-20,2,9,3,6
lccn/sn86071158/1894-12-10,2,3,1,2
lccn/sn86071158/1895-03-31,1,7,9,-2
lccn/sn86071158/1891-05-23,1,7,11,-4
lccn/sn86071158/1894-09-23,2,20,2,18
lccn/sn86071158/1894-06-06,2,8,1,7
lccn/sn82015679/1891-07-24,2,15,5,10
lccn/sn83045462/1907-09-27,1,11,18,-7
lccn/sn82015679/1899-10-22,2,15,1,14
lccn/sn83045462/1907-11-21,1,2,4,-2
lccn/sn89064939/1889-05-22,1,10,14,-4
lccn/sn82015679/1899-07-02,2,10,5,5
lccn/sn84024283/1888-11-01,2,11,3,8
lccn/sn83045462/1907-10-20,2,6,0,6
lccn/sn99021999/1921-05-02,1,0,0,0
lccn/sn82016014/1915-03-12,2,21,12,9
lccn/sn82016014/1914-08-01,1,4,9,-5
lccn/sn82016014/1914-11-10,1,6,10,-4
lccn/sn82016014/1915-10-16,2,8,5,3
lccn/sn85066387/1896-08-02,2,13,2,11
lccn/sn85066387/1896-08-03,2,16,2,14
lccn/sn85066387/1896-08-13,1,5,18,-13
lccn/sn82016014/1915-05-24,2,13,3,10
lccn/sn82016014/1915-06-02,2,5,3,2
lccn/sn82016014/1916-11-13,1,0,0,0
lccn/sn85066387/1896-12-20,1,0,0,0
lccn/sn83045462/1923-02-24,2,9,5,4
lccn/sn83045462/1923-01-24,1,0,1,-1
lccn/sn84027670/1878-01-31,2,9,5,4
lccn/sn84027670/1878-03-28,2,18,3,15
lccn/sn84027670/1878-05-23,1,1,1,0
lccn/sn84027670/1878-11-28,1,7,7,0
lccn/sn84027670/1880-11-18,2,10,5,5
lccn/sn84027670/1881-12-08,2,6,5,1
lccn/sn99021999/1920-02-07,1,0,2,-2
lccn/sn83045462/1923-09-03,1,2,3,-1
lccn/sn83045462/1923-05-05,2,6,0,6
lccn/sn83045462/1923-04-16,1,6,7,-1
lccn/sn83045462/1923-05-13,1,4,4,0
lccn/sn87052181/1899-06-03,1,6,15,-9
lccn/sn87052181/1900-03-10,1,5,6,-1
lccn/sn87052181/1901-03-30,1,0,0,0
lccn/sn90059522/1892-08-26,2,11,3,8
lccn/sn90059522/1893-06-13,1,15,17,-2
lccn/sn87052181/1909-08-21,1,4,7,-3
lccn/sn90059522/1886-02-17,1,3,3,0
lccn/sn87055779/1914-09-28,1,5,10,-5
lccn/sn87055779/1914-09-07,2,7,5,2
lccn/sn87055779/1914-09-10,1,2,5,-3
lccn/sn87055779/1914-10-19,2,7,4,3
lccn/sn87055779/1913-12-13,1,6,10,-4
lccn/sn87055779/1914-05-27,2,9,2,7
lccn/sn86058226/1920-04-21,2,25,2,23
lccn/sn86058226/1920-02-26,2,9,6,3
lccn/sn86058226/1921-12-14,2,8,0,8
lccn/sn87055779/1913-12-06,2,5,2,3
lccn/sn90059523/1899-05-21,1,1,1,0
lccn/sn90059523/1899-06-17,2,5,4,1
lccn/sn90059523/1899-07-24,2,15,6,9
lccn/sn85026309/1864-01-13,2,4,1,3
lccn/sn84026912/1902-12-17,1,0,0,0
lccn/sn84026897/1883-02-01,2,6,0,6
lccn/sn85026309/1866-08-22,1,1,1,0
lccn/sn85026309/1866-08-29,1,1,1,0
lccn/sn85026309/1866-09-05,1,2,2,0
lccn/sn84026965/1873-06-26,2,14,4,10
lccn/sn84026965/1871-11-09,2,7,3,4
lccn/sn84026965/1868-04-29,1,0,0,0
lccn/sn93067846/1901-02-27,2,9,8,1
lccn/sn93067846/1891-06-10,1,7,7,0
lccn/sn93067846/1891-09-23,2,16,6,10
lccn/sn93067846/1887-11-23,2,10,4,6
lccn/sn93067846/1913-03-29,2,8,6,2
lccn/sn86063760/1912-03-06,1,3,3,0
lccn/sn85033673/1876-05-10,1,7,7,0
lccn/sn85033673/1875-01-06,1,8,8,0
lccn/sn85033673/1877-09-17,1,0,0,0
lccn/sn91068476/1907-08-27,1,3,3,0
lccn/sn85038615/1912-02-01,1,4,8,-4
lccn/sn85038615/1912-02-02,2,8,7,1
lccn/sn85038615/1912-04-07,1,0,0,0
lccn/sn91068476/1905-05-23,2,11,6,5
lccn/sn85038615/1912-05-24,2,6,5,1
lccn/sn85038615/1912-04-28,1,0,14,-14
lccn/sn83025308/1891-08-16,1,1,15,-14
lccn/sn95079220/1905-03-10,2,16,7,9
lccn/sn83025316/1913-01-30,1,5,7,-2
lccn/sn85038615/1912-06-16,1,4,4,0
lccn/sn84038114/1882-08-01,1,0,0,0
lccn/sn85049554/1908-05-23,1,9,9,0
lccn/sn85049554/1906-10-25,2,9,4,5
lccn/sn85049554/1908-01-28,2,11,10,1
lccn/sn84022472/1909-04-24,2,14,2,12
lccn/sn99021999/1908-10-09,2,9,4,5
lccn/sn85049554/1909-01-12,2,11,7,4
lccn/sn85049554/1908-10-29,1,8,8,0
lccn/sn85049554/1906-04-28,1,2,11,-9
lccn/sn85049554/1906-07-28,1,6,8,-2
lccn/sn85049554/1906-08-27,2,7,3,4
lccn/sn82016014/1907-06-20,2,17,2,15
lccn/sn99021999/1910-01-30,1,8,13,-5
lccn/sn84020558/1902-06-01,2,4,2,2
lccn/sn99021999/1909-10-29,2,5,2,3
lccn/sn99021999/1909-10-18,2,19,7,12
lccn/sn99021999/1909-02-08,2,10,3,7
lccn/sn82016014/1908-02-05,2,17,1,16
lccn/sn95047299/1913-12-05,1,6,12,-6
lccn/sn95047299/1915-01-15,2,8,3,5
lccn/sn95047299/1913-10-31,1,4,10,-6
lccn/sn82016014/1908-11-07,1,2,5,-3
lccn/sn99021999/1910-02-27,2,9,2,7
lccn/sn82016014/1907-08-21,2,11,5,6
lccn/sn95047297/1904-09-09,2,10,3,7
lccn/sn99021999/1909-06-14,2,19,6,13
lccn/sn82016014/1908-05-23,1,2,2,0
lccn/sn82016014/1908-05-30,2,9,3,6
lccn/sn82016014/1908-05-26,2,12,4,8
lccn/sn82016014/1908-05-27,1,4,4,0
lccn/sn82016014/1908-05-28,2,10,2,8
lccn/sn82016014/1908-06-30,1,5,7,-2
lccn/sn95047297/1902-09-18,2,10,8,2
lccn/sn92051227/1922-12-18,2,5,1,4
lccn/sn87062082/1879-10-31,2,18,6,12
lccn/sn99021999/1909-07-04,2,11,7,4
lccn/sn92051227/1922-09-26,1,3,5,-2
lccn/sn99021999/1909-01-24,1,5,7,-2
lccn/sn83045462/1907-04-09,1,18,19,-1
lccn/sn83045462/1907-04-11,2,4,0,4
lccn/sn83045462/1907-05-13,2,13,5,8
lccn/sn83045462/1907-06-05,1,13,19,-6
lccn/sn83045462/1907-02-27,2,5,2,3
lccn/sn83045462/1906-12-05,1,0,0,0
lccn/sn89064939/1884-09-24,2,7,5,2
lccn/sn89064939/1884-10-01,2,11,3,8
lccn/sn89064939/1884-10-15,2,5,3,2
lccn/sn83045462/1907-08-17,1,5,7,-2
lccn/sn83045462/1906-10-18,2,12,4,8
lccn/sn83045462/1906-09-25,2,13,3,10
lccn/sn83045462/1906-09-25,2,14,9,5
lccn/sn89067390/1907-02-21,2,20,2,18
lccn/sn84024283/1899-06-01,2,11,4,7
lccn/sn83045462/1906-02-14,2,4,3,1
lccn/sn92053934/1903-03-04,2,18,3,15
lccn/sn89064939/1879-07-02,2,11,5,6
lccn/sn82015679/1899-06-17,1,1,5,-4
lccn/sn84024283/1890-12-04,2,8,2,6
lccn/sn85038411/1918-02-16,2,2,1,1
lccn/sn85038411/1917-05-02,2,8,4,4
lccn/sn83045462/1910-02-12,1,3,14,-11
lccn/sn91099608/1882-06-16,2,13,7,6
lccn/sn83045462/1917-04-23,2,6,4,2
lccn/sn85042303/1918-04-29,1,0,0,0
lccn/sn99062049/1909-11-05,1,1,4,-3
lccn/sn91099608/1880-05-01,1,5,5,0
lccn/sn85038411/1919-12-15,1,4,12,-8
lccn/sn85038411/1919-12-19,2,37,16,21
lccn/sn85038411/1919-10-18,1,0,3,-3
lccn/sn2001063133/1894-10-,1,4,5,-1
lccn/sn98066406/1906-09-14,1,4,5,-1
lccn/sn92053933/1920-04-14,1,4,4,0
lccn/sn83045462/1913-12-15,2,7,4,3
lccn/sn98066406/1909-03-26,2,8,4,4
lccn/sn98066406/1908-02-14,1,3,9,-6
lccn/sn95073194/1911-05-24,2,7,5,2
lccn/sn83045462/1914-03-15,2,5,2,3
lccn/sn83045462/1914-01-08,2,12,2,10
lccn/sn83045462/1914-01-17,2,14,7,7
lccn/sn83045462/1913-10-24,1,4,5,-1
lccn/sn85025431/1881-09-28,2,14,2,12
lccn/sn97070614/1914-06-12,2,3,1,2
lccn/sn83045462/1913-04-27,2,10,2,8
lccn/sn83045462/1913-04-28,2,15,7,8
lccn/sn92053934/1919-02-13,1,2,4,-2
lccn/sn83045462/1913-06-10,2,9,5,4
lccn/sn83045462/1913-06-03,1,5,6,-1
lccn/sn83045462/1914-06-13,1,6,9,-3
lccn/sn92053934/1918-05-16,2,12,9,3
lccn/sn92053934/1918-08-22,2,10,3,7
lccn/sn85025431/1888-10-24,1,2,9,-7
lccn/sn85025431/1888-10-24,1,3,11,-8
lccn/sn92053934/1918-05-04,1,3,3,0
lccn/sn92053933/1920-08-20,2,2,1,1
lccn/sn82015104/1893-10-09,1,4,7,-3
lccn/sn82015104/1895-07-26,2,22,10,12
lccn/sn85042462/1908-04-28,2,14,7,7
lccn/sn85042462/1908-03-18,1,6,8,-2
lccn/sn92053933/1920-05-14,1,7,7,0
lccn/sn99021999/1888-08-10,1,3,7,-4
lccn/sn99021999/1889-02-22,1,12,14,-2
lccn/sn99021999/1888-08-22,1,5,6,-1
lccn/sn99021999/1888-04-26,2,12,6,6
lccn/sn82015104/1895-05-30,1,4,4,0
lccn/sn99021999/1884-09-10,2,9,4,5
lccn/sn99021999/1885-07-04,2,14,3,11
lccn/sn97070614/1913-07-18,2,19,1,18
lccn/sn99021999/1884-08-08,1,1,5,-4
lccn/sn99021999/1903-12-17,2,17,10,7
lccn/sn99021999/1903-10-11,2,5,0,5
lccn/sn99021999/1904-01-22,1,6,11,-5
lccn/sn84038306/1901-02-13,1,3,7,-4
lccn/sn84038306/1899-08-23,2,6,3,3
lccn/sn99021999/1904-05-20,1,1,12,-11
lccn/sn99021999/1904-04-15,2,11,10,1
lccn/sn99021999/1904-03-16,1,2,9,-7
lccn/sn99021999/1904-05-08,2,19,10,9
lccn/sn99021999/1903-07-15,2,9,4,5
lccn/sn95047324/1908-03-26,2,7,2,5
lccn/sn95026908/1916-01-27,2,9,0,9
lccn/sn85042461/1896-08-10,2,7,5,2
lccn/sn85042461/1895-04-17,2,40,26,14
lccn/sn85042461/1895-04-19,2,15,2,13
lccn/sn85042461/1895-03-20,2,10,6,4
lccn/sn85042461/1898-08-04,2,9,6,3
lccn/sn85042461/1895-01-01,2,11,2,9
lccn/sn85042461/1894-11-17,2,6,5,1
lccn/sn85042461/1895-06-06,2,4,1,3
lccn/sn85042461/1894-01-17,2,22,11,11
lccn/sn84038306/1904-04-27,2,15,11,4
lccn/sn84038306/1907-08-28,1,1,5,-4
lccn/sn84038306/1910-03-02,2,39,13,26
lccn/sn84020657/1915-11-15,1,0,0,0
lccn/sn84038306/1908-10-07,2,7,5,2
lccn/sn85042461/1894-05-21,2,15,2,13
lccn/sn99021999/1905-02-22,2,12,5,7
lccn/sn99021999/1905-02-26,1,3,8,-5
lccn/sn82016014/1901-12-03,2,11,9,2
lccn/sn82016014/1901-04-10,1,6,11,-5
lccn/sn99021999/1905-04-05,1,3,14,-11
lccn/sn85066387/1898-12-31,1,4,9,-5
lccn/sn82014635/1901-04-05,2,12,6,6
lccn/sn82014635/1901-05-25,2,9,7,2
lccn/sn82014635/1901-05-26,2,16,8,8
lccn/sn82014635/1901-06-01,2,8,0,8
lccn/sn99021999/1893-04-30,2,14,0,14
lccn/2016270502/1897-05-21,2,4,3,1
lccn/2016270502/1897-09-08,2,12,2,10
lccn/sn82014635/1900-08-30,2,11,6,5
lccn/sn84020558/1921-03-23,2,7,0,7
lccn/sn85066387/1898-09-11,2,12,3,9
lccn/sn85066387/1898-09-18,1,11,25,-14
lccn/sn82014635/1898-12-17,2,12,4,8
lccn/sn82014635/1899-01-15,2,9,6,3
lccn/sn99021999/1895-05-31,2,8,3,5
lccn/sn85066387/1898-03-06,2,4,2,2
lccn/sn85066387/1898-03-06,2,16,3,13
lccn/sn99021999/1893-02-12,2,8,6,2
lccn/sn94053256/1892-11-19,2,25,8,17
lccn/sn99021999/1894-05-20,2,8,0,8
lccn/sn99021999/1894-05-26,2,8,4,4
lccn/sn86058226/1922-10-28,1,3,3,0
lccn/sn83045462/1909-10-10,2,4,2,2
lccn/sn83045462/1908-04-06,1,5,7,-2
lccn/sn86058226/1918-10-28,1,4,8,-4
lccn/sn83045462/1908-03-06,1,8,10,-2
lccn/sn90059523/1897-09-02,2,4,0,4
lccn/sn90059523/1897-10-19,2,6,1,5
lccn/sn90061417/1914-03-20,2,13,5,8
lccn/sn83045462/1908-04-26,2,11,1,10
lccn/sn90061066/1887-11-15,1,0,0,0
lccn/sn83045462/1908-05-07,1,6,11,-5
lccn/sn83045462/1908-05-05,2,8,3,5
lccn/sn90061417/1916-08-25,2,4,0,4
lccn/sn90061417/1914-12-18,2,6,2,4
lccn/sn83030214/1915-03-13,2,9,3,6
lccn/sn86058226/1919-04-12,1,9,12,-3
lccn/sn83045462/1893-11-09,1,7,8,-1
lccn/sn83045462/1893-11-13,2,4,2,2
lccn/sn89066234/1904-01-09,1,5,6,-1
lccn/sn89066234/1914-03-28,1,1,8,-7
lccn/sn89066234/1916-02-12,2,11,10,1
lccn/sn89066234/1916-02-19,1,9,9,0
lccn/sn86058226/1911-04-21,2,8,3,5
lccn/sn90059523/1897-06-26,2,13,11,2
lccn/sn90059523/1897-06-27,1,8,8,0
lccn/sn90059523/1897-02-23,2,11,6,5
lccn/sn87055779/1915-05-08,2,7,4,3
lccn/sn87055779/1915-06-16,2,19,6,13
lccn/sn90059523/1896-09-13,2,4,3,1
lccn/sn90061771/1872-02-22,2,17,5,12
lccn/sn83045462/1893-05-03,2,12,2,10
lccn/sn82015104/1898-02-17,2,10,1,9
lccn/sn00065127/1904-03-18,1,8,9,-1
lccn/sn82015104/1898-02-18,1,0,0,0
lccn/sn83040340/1885-09-25,2,16,2,14
lccn/sn82015104/1896-02-22,1,9,10,-1
lccn/sn83040340/1885-12-25,2,11,3,8
lccn/sn93055779/1906-04-01,1,0,0,0
lccn/sn86058242/1918-01-05,2,5,0,5
lccn/sn83040340/1890-09-12,2,5,2,3
lccn/sn82014635/1891-10-15,2,16,3,13
lccn/sn86058242/1913-09-18,1,0,0,0
lccn/sn83040340/1885-07-10,2,12,3,9
lccn/sn85033781/1889-02-20,1,3,4,-1
lccn/sn85033781/1881-02-18,1,0,1,-1
lccn/sn95070058/1912-03-15,2,9,6,3
lccn/sn95070058/1912-03-15,2,5,3,2
lccn/sn95070058/1911-09-01,2,18,9,9
lccn/sn95070058/1911-02-17,2,10,8,2
lccn/sn92053240/1917-03-05,2,11,3,8
lccn/sn95070058/1911-10-27,1,1,13,-12
lccn/sn85042462/1910-10-06,1,4,5,-1
lccn/sn95070058/1909-03-05,2,13,3,10
lccn/sn85042462/1910-09-14,1,3,9,-6
lccn/sn85042462/1910-09-22,2,10,7,3
lccn/sn85042462/1910-09-23,2,7,6,1
lccn/sn85033781/1879-03-28,2,11,9,2
lccn/sn86075243/1896-01-10,1,5,7,-2
lccn/sn86075243/1896-02-21,2,13,5,8
lccn/sn83030431/1919-04-13,2,12,1,11
lccn/sn83030431/1919-05-25,1,1,1,0
lccn/sn83030431/1919-04-13,1,4,8,-4
lccn/sn83030431/1918-11-10,1,5,12,-7
lccn/sn83030431/1919-09-08,2,7,4,3
lccn/sn86075242/1893-09-15,2,13,7,6
lccn/sn85033078/1908-08-13,2,11,1,10
lccn/sn85033139/1911-05-11,2,23,17,6
lccn/sn85033139/1904-03-31,2,4,3,1
lccn/sn85038153/1903-10-13,2,6,1,5
lccn/sn85038153/1904-07-12,1,0,0,0
lccn/sn85038153/1904-09-13,2,7,6,1
lccn/sn85038153/1902-01-28,1,11,17,-6
lccn/sn84045030/1852-12-29,2,6,5,1
lccn/sn85042147/1839-05-22,2,15,3,12
lccn/sn84045030/1850-12-04,2,5,4,1
lccn/sn85038145/1870-06-30,2,3,0,3
lccn/sn85038145/1880-02-26,2,10,3,7
lccn/sn84038114/1882-09-04,1,9,12,-3
lccn/sn85042461/1896-05-09,1,10,14,-4
lccn/sn82014086/1909-02-08,1,0,6,-6
lccn/sn85049554/1903-11-13,2,15,7,8
lccn/sn82014086/1909-06-07,2,8,2,6
lccn/sn82014086/1909-06-26,1,6,10,-4
lccn/sn82014086/1909-09-21,2,14,13,1
lccn/sn82014086/1909-03-16,1,2,5,-3
lccn/sn82014086/1909-12-17,2,14,5,9
lccn/sn82014086/1909-12-27,2,17,6,11
lccn/sn82014086/1909-12-27,2,10,7,3
lccn/sn82014086/1909-12-28,1,5,6,-1
lccn/sn82014086/1909-04-23,2,6,2,4
lccn/sn84027621/1912-05-08,2,11,2,9
lccn/sn84027621/1912-09-18,2,9,6,3
lccn/sn85049554/1904-05-20,1,5,10,-5
lccn/sn85049554/1904-09-12,2,8,5,3
lccn/sn85049554/1905-03-02,1,6,9,-3
lccn/sn82016014/1909-11-09,1,0,0,0
lccn/sn82015536/1919-06-27,1,5,5,0
lccn/sn99021999/1913-06-18,1,8,14,-6
lccn/sn84025968/1891-04-26,2,13,7,6
lccn/sn82016014/1909-06-02,2,18,12,6
lccn/sn85042460/1889-05-18,1,3,21,-18
lccn/sn84038806/1875-12-24,2,12,4,8
lccn/sn84038806/1875-08-13,1,1,1,0
lccn/sn88053056/1902-11-11,1,3,5,-2
lccn/sn88053055/1901-07-05,1,6,6,0
lccn/sn99021999/1913-01-16,1,3,5,-2
lccn/sn92051227/1919-10-25,2,8,3,5
lccn/sn82016014/1910-10-18,2,26,20,6
lccn/sn85049554/1919-04-23,2,16,5,11
lccn/sn85049554/1919-04-26,1,3,6,-3
lccn/sn85049554/1919-12-04,2,13,10,3
lccn/sn88053046/1895-08-22,2,6,5,1
lccn/sn85049554/1920-04-28,2,2,1,1
lccn/sn85049554/1911-04-27,1,0,0,0
lccn/sn82014086/1916-11-09,2,18,3,15
lccn/sn82014086/1916-09-16,2,10,2,8
lccn/sn82014086/1916-09-21,2,9,7,2
lccn/sn82014086/1916-09-23,1,1,4,-3
lccn/sn82014086/1916-10-24,2,5,4,1
lccn/sn85050913/1922-05-22,2,13,3,10
lccn/sn82014086/1916-06-22,2,6,3,3
lccn/sn82014086/1915-11-17,1,4,17,-13
lccn/sn82014086/1915-12-04,2,7,3,4
lccn/sn82014086/1915-12-21,2,7,5,2
lccn/sn82014086/1916-01-05,1,5,15,-10
lccn/sn82014086/1915-06-11,2,3,2,1
lccn/sn82014086/1915-07-22,1,6,9,-3
lccn/sn99021999/1901-05-12,2,3,2,1
lccn/sn94052989/1894-10-04,1,6,10,-4
lccn/sn82014086/1916-01-29,2,14,8,6
lccn/sn82014086/1915-12-02,1,2,6,-4
lccn/sn82014086/1914-04-02,1,10,14,-4
lccn/sn82014086/1914-06-19,2,22,1,21
lccn/sn82014086/1914-06-23,2,13,7,6
lccn/sn82014086/1914-09-01,2,14,3,11
lccn/sn82014086/1914-06-29,2,8,1,7
lccn/sn94051692/1898-04-23,2,8,5,3
lccn/sn88053046/1896-12-24,2,17,8,9
lccn/sn82014086/1915-01-07,2,10,5,5
lccn/sn82014086/1914-03-16,2,6,4,2
lccn/sn82014086/1915-02-12,1,3,3,0
lccn/sn82014086/1915-05-14,1,0,0,0
lccn/sn82014086/1915-05-29,1,3,6,-3
lccn/sn82014086/1915-03-12,1,4,13,-9
lccn/sn82014086/1915-01-05,2,6,3,3
lccn/sn95026977/1906-09-29,2,7,3,4
lccn/sn99021999/1901-05-07,2,9,8,1
lccn/sn82014086/1916-09-02,2,10,5,5
lccn/sn82014086/1916-09-09,1,5,6,-1
lccn/sn86086852/1908-03-12,1,8,16,-8
lccn/sn85033395/1867-08-22,2,8,3,5
lccn/sn86086852/1879-02-14,1,7,7,0
lccn/sn86086770/1876-02-09,2,5,0,5
lccn/sn82015104/1897-05-20,2,4,2,2
lccn/sn82015104/1897-05-21,2,9,2,7
lccn/sn82015104/1897-04-04,1,4,8,-4
lccn/sn82015104/1897-08-04,2,14,8,6
lccn/sn82015104/1897-07-11,2,20,4,16
lccn/sn82015104/1897-07-16,2,3,2,1
lccn/sn83045462/1909-01-28,2,9,2,7
lccn/sn83045462/1909-02-03,2,6,1,5
lccn/sn82015104/1898-06-19,1,5,5,0
lccn/sn92053942/1875-06-05,2,9,3,6
lccn/sn99021999/1919-05-30,2,8,6,2
lccn/sn82015104/1898-07-24,1,3,5,-2
lccn/sn99021999/1919-01-10,2,13,6,7
lccn/sn99021999/1919-01-18,2,10,9,1
lccn/sn99021999/1918-04-21,1,0,0,0
lccn/sn82016014/1896-11-07,2,8,2,6
lccn/sn83045462/1909-03-11,2,9,8,1
lccn/sn82016014/1896-06-05,1,4,11,-7
lccn/sn85026455/1876-01-29,2,4,3,1
lccn/sn83045462/1910-06-17,2,8,4,4
lccn/sn99021999/1918-06-09,1,1,1,0
lccn/sn99021999/1918-02-10,2,7,4,3
lccn/sn83045462/1908-07-22,2,7,0,7
lccn/sn82016014/1896-12-30,2,28,14,14
lccn/sn82016014/1896-06-06,1,5,13,-8
lccn/sn82016014/1896-06-06,2,7,2,5
lccn/sn82016014/1896-06-02,1,4,8,-4
lccn/sn82016014/1896-06-03,2,12,10,2
lccn/sn82016014/1896-06-04,2,9,6,3
lccn/sn83045462/1909-01-08,2,12,0,12
lccn/sn82016014/1896-06-08,2,14,3,11
lccn/sn83045462/1909-01-09,1,4,4,0
lccn/sn83045462/1910-07-07,1,5,7,-2
lccn/sn82016014/1894-06-15,1,4,7,-3
lccn/sn83045462/1908-09-14,2,12,4,8
lccn/sn82016014/1897-03-23,2,9,4,5
lccn/sn84026497/1912-04-24,2,7,5,2
lccn/sn84026497/1912-12-18,1,3,6,-3
lccn/sn85025182/1866-01-24,2,18,17,1
lccn/sn85042345/1921-03-04,2,8,4,4
lccn/sn84026749/1918-04-23,1,0,0,0
lccn/sn83030214/1922-08-27,2,13,2,11
lccn/sn83030214/1922-09-22,2,1,0,1
lccn/sn85042345/1922-07-22,2,10,8,2
lccn/sn86081895/1897-08-19,2,20,8,12
lccn/sn88059319/1898-02-08,2,9,1,8
lccn/sn88059319/1898-08-26,1,1,7,-6
lccn/sn84020358/1895-04-06,1,7,10,-3
lccn/sn82016014/1904-08-15,2,5,2,3
lccn/sn82016014/1904-08-25,2,5,1,4
lccn/sn82016014/1904-06-23,2,30,6,24
lccn/sn99021999/1911-03-19,1,0,0,0
lccn/sn84020358/1896-04-11,1,10,12,-2
lccn/sn88059319/1903-12-25,2,12,11,1
lccn/sn82016014/1903-11-05,2,10,2,8
lccn/sn84020358/1897-08-03,2,8,7,1
lccn/sn82016014/1903-07-13,1,2,6,-4
lccn/sn85049554/1910-01-17,2,13,10,3
lccn/sn82016014/1905-05-31,2,8,3,5
lccn/sn84020358/1896-04-30,2,14,1,13
lccn/sn84020358/1898-09-09,1,31,39,-8
lccn/sn84020358/1898-11-16,2,7,4,3
lccn/sn95047298/1907-05-10,2,12,7,5
lccn/sn84020358/1897-07-06,2,11,6,5
lccn/sn84020358/1897-09-10,2,12,5,7
lccn/sn84020358/1897-12-01,2,10,4,6
lccn/sn84020358/1898-10-04,1,2,2,0
lccn/sn84020358/1898-02-17,2,7,6,1
lccn/sn84020558/1898-06-27,2,10,7,3
lccn/sn85042461/1896-02-28,1,2,6,-4
lccn/sn99021999/1911-12-26,1,8,12,-4
lccn/sn84020274/1901-05-15,2,5,3,2
lccn/sn84020274/1902-05-03,2,21,4,17
lccn/sn84020274/1902-05-29,2,11,3,8
lccn/sn84020274/1902-05-02,2,4,3,1
lccn/sn89074274/1921-03-24,1,10,14,-4
lccn/sn89074274/1919-10-09,2,6,1,5
lccn/sn84020274/1902-02-07,2,11,0,11
lccn/sn85042405/1888-09-13,1,5,10,-5
lccn/sn84020274/1904-05-12,2,10,4,6
lccn/sn89074274/1917-02-01,1,3,6,-3
lccn/sn85042243/1921-02-28,2,11,4,7
lccn/sn85042243/1922-06-19,2,17,5,12
lccn/sn85033681/1871-10-04,2,10,2,8
lccn/sn83016107/1877-09-07,2,12,6,6
lccn/sn83016107/1877-09-14,2,16,8,8
lccn/sn83016107/1877-09-28,1,0,0,0
lccn/sn83016107/1877-10-19,2,19,5,14
lccn/sn83016107/1877-11-09,2,12,0,12
lccn/sn83016107/1877-11-16,2,12,2,10
lccn/sn84022673/1876-03-10,2,14,4,10
lccn/sn85038615/1906-04-29,2,7,2,5
lccn/sn99063957/1916-03-24,1,10,19,-9
lccn/sn99063957/1916-05-15,1,9,10,-1
lccn/sn99063957/1916-05-26,2,9,2,7
lccn/sn84022673/1879-09-11,2,10,4,6
lccn/sn83045217/1921-06-11,1,0,0,0
lccn/sn83016348/1899-10-07,2,12,9,3
lccn/sn89058248/1892-06-16,1,11,12,-1
lccn/97071090/1916-05-09/e,1,2,4,-2
lccn/sn89058370/1889-06-19,2,12,6,6
lccn/sn89058370/1892-06-22,2,12,6,6
lccn/sn83016348/1897-11-06,2,2,0,2
lccn/sn83016348/1897-03-06,2,14,9,5
lccn/sn85038615/1910-05-05,2,6,2,4
lccn/sn89058128/1896-08-27,1,0,0,0
lccn/sn84031081/1908-09-26,1,0,0,0
lccn/sn83045433/1914-09-15,2,17,5,12
lccn/sn83045433/1912-04-28,2,5,4,1
lccn/sn88064476/1855-02-17,2,9,3,6
lccn/sn83045389/1921-08-22,1,4,4,0
lccn/sn88064537/1881-10-01,1,6,11,-5
lccn/sn83045433/1914-11-10,2,31,7,24
lccn/sn89055004/1910-09-23,1,4,4,0
lccn/sn84026749/1912-01-25,2,5,3,2
lccn/sn84026749/1912-01-31,2,6,4,2
lccn/sn84026749/1911-03-06,2,11,7,4
lccn/sn85052114/1909-03-24,2,5,1,4
lccn/sn85052114/1909-01-07,2,6,4,2
lccn/sn84031081/1910-03-12,2,15,6,9
lccn/sn84031081/1909-05-08,2,9,7,2
lccn/sn84031081/1910-01-10,2,7,1,6
lccn/sn87055779/1918-03-31,2,19,6,13
lccn/sn87055779/1918-04-14,2,7,2,5
lccn/sn87055779/1918-05-12,2,16,5,11
lccn/sn87055779/1918-06-30,2,4,3,1
lccn/sn87055779/1918-05-17,2,6,4,2
lccn/sn87055779/1918-04-09,2,7,6,1
lccn/sn84038034/1878-06-13,2,12,4,8
lccn/sn84038034/1874-12-03,2,2,0,2
lccn/sn87055779/1919-06-12,1,1,4,-3
lccn/sn87055779/1919-04-03,2,8,4,4
lccn/sn87056251/1900-05-18,1,1,3,-2
lccn/sn82015679/1904-02-21,2,13,8,5
lccn/sn84027490/1881-02-12,2,10,1,9
lccn/sn83045462/1906-04-23,1,5,6,-1
lccn/sn83045462/1906-06-20,2,8,0,8
lccn/sn83045462/1905-10-07,1,16,18,-2
lccn/sn83045462/1906-09-11,2,12,1,11
lccn/sn83045462/1906-09-17,2,18,8,10
lccn/sn83045462/1906-08-31,1,0,0,0
lccn/sn83045462/1905-06-19,2,7,5,2
lccn/sn83045462/1905-08-11,1,5,11,-6
lccn/sn83045462/1926-09-12,1,2,4,-2
lccn/sn82015133/1889-10-12,1,0,5,-5
lccn/sn87065069/1922-01-05,1,0,0,0
lccn/sn83045462/1928-12-31,2,13,9,4
lccn/sn83045462/1926-02-14,2,25,4,21
lccn/sn83045462/1926-10-03,2,12,7,5
lccn/sn83045462/1928-11-25,2,24,4,20
lccn/sn83045462/1926-10-06,2,6,3,3
lccn/sn83045462/1926-02-13,1,5,8,-3
lccn/sn82015679/1901-08-30,2,10,4,6
lccn/sn82015679/1901-07-11,2,4,3,1
lccn/sn82015679/1902-08-13,2,2,1,1
lccn/sn82015679/1900-01-27,2,10,2,8
lccn/sn82015679/1902-01-24,1,7,11,-4
lccn/sn82015679/1902-11-16,1,3,3,0
lccn/sn87056244/1907-11-21,2,16,4,12
lccn/sn87056244/1907-06-06,2,4,2,2
lccn/sn87056248/1865-09-14,1,8,11,-3
lccn/sn87056248/1865-09-21,2,6,5,1
lccn/sn87056244/1906-12-06,2,5,3,2
lccn/sn87056244/1908-08-27,2,12,4,8
lccn/sn87056244/1909-06-10,2,4,1,3
lccn/sn87056600/1892-04-13,2,19,1,18
lccn/sn87056600/1892-03-30,1,0,0,0
lccn/sn82015679/1904-02-24,1,3,4,-1
lccn/sn87056600/1877-01-10,2,10,3,7
lccn/sn87056244/1904-11-24,1,2,18,-16
lccn/sn86092536/1922-03-11,1,1,3,-2
lccn/sn86092536/1922-03-25,1,5,8,-3
lccn/sn82005159/1859-03-18,2,15,2,13
lccn/sn83032040/1903-08-13,2,7,1,6
lccn/sn82005159/1860-02-03,2,15,2,13
lccn/sn86083264/1909-01-21,2,6,5,1
lccn/sn86083264/1904-06-09,1,6,8,-2
lccn/sn86083264/1907-05-02,2,11,6,5
lccn/sn85066387/1900-01-24,1,2,5,-3
lccn/sn87082573/1882-03-18,1,0,1,-1
lccn/sn85025407/1923-08-10,2,13,2,11
lccn/sn85025407/1923-10-05,1,0,0,0
lccn/sn91068401/1942-10-10,2,4,3,1
lccn/sn89066316/1921-04-30,2,7,6,1
lccn/sn89066316/1921-06-18,2,9,6,3
lccn/sn89066316/1921-10-10,1,10,11,-1
lccn/sn89066316/1921-12-10,1,4,4,0
lccn/sn90061457/1922-11-25,2,10,5,5
lccn/sn85025759/1880-03-08,2,6,5,1
lccn/sn85025759/1880-02-27,1,5,6,-1
lccn/sn85038115/1854-10-04,2,2,1,1
lccn/sn89067453/1895-01-10,1,12,14,-2
lccn/sn85025759/1879-07-19,2,20,9,11
lccn/sn84026403/1849-10-13,2,3,2,1
lccn/sn89058007/1901-03-29,1,2,7,-5
lccn/sn85058396/1920-01-22,2,8,4,4
lccn/sn91066782/1920-12-29,1,4,4,0
lccn/sn91066782/1920-05-01,2,15,4,11
lccn/sn84037217/1895-08-08,2,10,1,9
lccn/sn84037217/1895-08-08,2,5,1,4
lccn/sn84037217/1895-08-15,1,4,7,-3
lccn/sn84037217/1895-09-19,1,0,0,0
lccn/sn84037217/1895-09-26,2,9,2,7
lccn/sn84037217/1895-07-18,2,14,3,11
lccn/sn84037217/1895-07-25,2,3,2,1
lccn/sn84037217/1895-08-29,2,9,5,4
lccn/sn85058396/1915-04-30,2,23,8,15
lccn/sn91066782/1921-05-26,1,1,4,-3
lccn/sn91066782/1921-05-31,2,8,1,7
lccn/sn91066782/1921-06-14,1,5,8,-3
lccn/sn91066782/1920-02-16,1,7,7,0
lccn/sn85025759/1878-01-25,1,5,11,-6
lccn/sn83035083/1885-01-29,2,13,4,9
lccn/sn83035083/1892-10-26,2,13,9,4
lccn/sn83035083/1893-08-02,1,3,7,-4
lccn/sn92073232/1898-08-25,2,12,10,2
lccn/sn92073232/1898-07-14,2,11,5,6
lccn/sn84026483/1908-02-17,1,2,3,-1
lccn/sn84022548/1860-03-16,2,12,6,6
lccn/sn96086441/1896-05-22,2,14,8,6
lccn/sn84022549/1896-10-31,2,8,5,3
lccn/sn84022549/1899-05-31,1,11,12,-1
lccn/sn84022549/1899-06-07,1,4,9,-5
lccn/sn85038102/1897-10-01,2,9,2,7
lccn/sn84026788/1888-03-20,1,0,0,0
lccn/sn98069146/1902-08-01,1,6,8,-2
lccn/sn87093220/1901-05-30,1,0,0,0
lccn/sn98069146/1903-12-18,1,4,5,-1
lccn/sn84026789/1865-05-10,2,33,11,22
lccn/sn98069146/1902-06-27,1,3,9,-6
lccn/sn86092163/1855-03-10,2,11,6,5
lccn/sn86092163/1854-05-13,1,4,16,-12
lccn/sn84026912/1869-09-03,2,8,3,5
lccn/sn84026912/1878-05-16,1,8,10,-2
lccn/sn85055197/1854-12-08,2,13,8,5
lccn/sn84024448/1886-08-31,2,4,3,1
lccn/sn84026918/1887-08-05,2,13,4,9
lccn/sn93067853/1899-03-24,2,44,17,27
lccn/sn86088181/1887-06-02,2,9,5,4
lccn/sn93067846/1922-10-21,2,24,18,6
lccn/sn93067846/1922-07-29,2,7,4,3
lccn/sn93067846/1921-12-24,1,0,10,-10
lccn/sn84024448/1887-06-22,1,2,2,0
lccn/sn84024448/1887-07-13,2,3,0,3
lccn/sn85058396/1918-10-05,2,12,4,8
lccn/sn84026497/1897-05-26,2,9,5,4
lccn/sn84026920/1868-02-01,2,8,2,6
lccn/sn93067669/1914-11-10,2,7,4,3
lccn/sn93067822/1880-03-05,2,10,9,1
lccn/sn93067790/1874-10-08,1,0,0,0
lccn/sn93067822/1880-06-04,1,7,10,-3
lccn/sn83045462/1930-09-11,1,6,7,-1
lccn/sn83045462/1930-10-12,2,4,0,4
lccn/sn83045462/1934-04-29,1,3,9,-6
lccn/sn83045462/1932-08-27,2,7,4,3
lccn/sn83045462/1932-12-20,1,8,8,0
lccn/sn83045462/1932-12-22,2,6,1,5
lccn/sn83045462/1933-01-15,1,1,5,-4
lccn/sn85035720/1921-12-14,2,13,2,11
lccn/sn85035720/1921-10-06,2,4,1,3
lccn/sn87068097/1891-10-05,1,4,5,-1
lccn/sn87068097/1891-10-20,2,9,2,7
lccn/sn87068097/1891-10-19,1,3,7,-4
lccn/sn87068097/1891-11-03,1,0,0,0
lccn/sn78002169/1945-01-11,2,16,4,12
lccn/sn78002169/1945-01-12,2,16,5,11
lccn/sn78002169/1945-01-15,2,9,3,6
lccn/sn78002169/1945-05-28,2,15,4,11
lccn/sn78000873/1917-03-08,2,5,4,1
lccn/sn83016689/1912-03-09,1,0,0,0
lccn/sn78000873/1916-08-31,2,6,0,6
lccn/sn78000873/1915-06-03,2,3,0,3
lccn/sn78000873/1914-03-05,2,16,4,12
lccn/sn78002169/1945-08-27,2,19,0,19
lccn/sn83045462/1945-02-25,1,7,9,-2
lccn/sn83045462/1945-05-28,2,17,6,11
lccn/sn83045462/1945-05-21,2,10,2,8
lccn/sn87068097/1890-05-07,1,6,13,-7
lccn/sn87068097/1889-10-21,2,11,1,10
lccn/sn87068097/1889-10-25,2,11,3,8
lccn/sn87068097/1889-10-18,2,7,3,4
lccn/sn87068097/1889-11-04,2,13,6,7
lccn/sn87068097/1889-11-26,2,11,4,7
lccn/sn87068097/1889-11-15,2,11,1,10
lccn/sn87068097/1889-11-21,2,9,0,9
lccn/sn87068097/1889-10-15,1,13,14,-1
lccn/sn87068097/1889-10-11,2,14,3,11
lccn/sn87068097/1890-10-11,2,3,2,1
lccn/sn87068097/1890-10-13,2,8,6,2
lccn/sn87068097/1890-09-27,2,8,4,4
lccn/sn87068097/1890-10-07,2,11,6,5
lccn/sn87068097/1890-10-09,2,14,2,12
lccn/sn87068097/1890-10-02,2,10,3,7
lccn/sn87068097/1890-09-20,2,12,6,6
lccn/sn87068097/1890-10-14,2,9,7,2
lccn/sn87068097/1890-10-04,2,13,0,13
lccn/sn87068097/1890-10-23,2,12,5,7
lccn/sn87068097/1890-10-31,2,7,3,4
lccn/sn87068097/1890-10-27,2,10,9,1
lccn/sn87068097/1890-10-28,2,7,2,5
lccn/sn87068097/1890-10-29,2,12,11,1
lccn/sn87068097/1890-10-16,2,13,11,2
lccn/sn87068097/1890-10-30,2,26,5,21
lccn/sn87068097/1890-09-09,2,10,6,4
lccn/sn87068097/1890-09-13,1,7,24,-17
lccn/sn87068097/1889-09-12,1,6,12,-6
lccn/sn85035720/1922-12-27,1,2,2,0
lccn/sn87068097/1889-10-07,2,12,7,5
lccn/sn87068097/1889-10-08,1,6,14,-8
lccn/sn87068097/1889-09-23,2,11,2,9
lccn/sn87068097/1889-10-09,1,5,5,0
lccn/sn87068097/1889-09-21,2,15,0,15
lccn/sn87068097/1889-09-30,2,21,6,15
lccn/sn87068097/1889-10-01,1,8,15,-7
lccn/sn87068097/1889-10-02,1,10,12,-2
lccn/sn85035720/1921-12-19,2,9,3,6
lccn/sn85035720/1922-05-09,2,10,5,5
lccn/sn85035720/1922-08-09,1,1,3,-2
lccn/sn85035720/1922-08-24,1,4,5,-1
lccn/sn83045462/1944-05-14,2,8,2,6
lccn/sn83045462/1943-05-16,2,1,0,1
lccn/sn78000873/1907-11-21,1,3,4,-1
lccn/sn83045462/1943-05-04,2,11,6,5
lccn/sn83045462/1944-05-19,2,8,2,6
lccn/sn83045462/1944-07-02,2,19,1,18
lccn/sn83045462/1944-08-20,1,2,6,-4
lccn/sn83045462/1943-08-22,1,2,3,-1
lccn/sn83045462/1943-08-27,1,0,2,-2
lccn/sn83045462/1943-01-09,1,3,6,-3
lccn/sn83045462/1936-12-26,1,3,6,-3
lccn/sn78000873/1919-05-08,2,14,1,13
lccn/sn83045462/1944-12-03,2,30,3,27
lccn/sn78002169/1943-09-04,1,0,0,0
lccn/sn78002169/1943-09-05,2,12,1,11
lccn/sn78002169/1943-09-06,2,13,5,8
lccn/sn78000873/1910-01-13,1,9,13,-4
lccn/sn78000873/1912-07-11,2,11,6,5
lccn/sn78000873/1913-02-13,1,8,10,-2
lccn/sn83016689/1911-03-20,2,6,1,5
lccn/sn83045462/1943-09-14,1,5,5,0
lccn/sn83045462/1943-09-14,2,8,7,1
lccn/sn83045462/1940-06-08,2,11,6,5
lccn/sn83045462/1940-05-16,2,15,8,7
lccn/sn78000873/1914-02-26,2,7,5,2
lccn/sn78000873/1912-04-04,1,6,8,-2
lccn/sn78000873/1915-06-17,2,13,2,11
lccn/sn90051265/1894-05-17,2,10,1,9
lccn/sn83045462/1937-08-22,2,4,0,4
lccn/sn83045462/1937-08-15,2,16,8,8
lccn/sn83045462/1935-07-28,2,16,4,12
lccn/sn88065721/1891-12-18,2,6,1,5
lccn/sn83045462/1937-11-29,2,4,2,2
lccn/sn83045462/1933-09-11,1,4,9,-5
lccn/sn83045462/1935-10-06,1,0,0,0
lccn/sn83045462/1937-10-19,2,6,5,1
lccn/sn83045462/1933-12-24,2,13,3,10
lccn/sn88065726/1913-02-07,1,3,10,-7
lccn/sn88065721/1892-02-22,1,10,11,-1
lccn/sn83045462/1933-10-01,2,4,3,1
lccn/sn83045462/1933-11-28,2,12,6,6
lccn/sn83045462/1934-03-04,2,20,13,7
lccn/sn83045462/1937-10-08,1,13,13,0
lccn/sn85035720/1916-03-06,2,3,1,2
lccn/sn85035720/1918-06-26,2,7,4,3
lccn/sn85035720/1918-02-23,1,5,6,-1
lccn/sn85035720/1918-03-07,1,5,6,-1
lccn/sn85035720/1917-09-06,1,3,4,-1
lccn/sn83045462/1935-10-20,1,4,4,0
lccn/sn83045462/1937-07-08,1,5,9,-4
lccn/sn83045462/1937-11-17,2,6,1,5
lccn/sn83045462/1931-02-01,1,0,0,0
lccn/sn83045462/1933-05-13,1,8,11,-3
lccn/sn83045462/1933-01-31,2,5,2,3
lccn/sn83045462/1931-06-04,2,8,4,4
lccn/sn83045462/1933-03-02,2,8,2,6
lccn/sn83045462/1930-06-15,2,1,0,1
lccn/sn83045462/1933-05-02,1,7,12,-5
lccn/sn83045462/1929-06-10,1,1,2,-1
lccn/sn83045462/1936-02-23,2,9,2,7
lccn/sn85025350/1911-09-23,2,12,2,10
lccn/sn83045462/1936-03-04,1,2,2,0
lccn/sn90051265/1900-05-11,2,1,0,1
lccn/sn90051265/1906-12-14,2,2,0,2
lccn/sn83045462/1932-03-13,1,12,12,0
lccn/sn83045462/1934-11-25,1,5,7,-2
lccn/sn83045462/1932-01-19,1,4,7,-3
lccn/sn83045462/1932-03-05,1,1,17,-16
lccn/sn83045462/1935-02-02,1,4,17,-13
lccn/sn83045462/1929-04-07,2,10,2,8
lccn/sn83045462/1929-04-20,1,4,11,-7
lccn/sn83045462/1930-04-09,2,8,4,4
lccn/sn83045462/1929-03-17,2,19,3,16
lccn/sn83045462/1930-02-08,1,9,15,-6
lccn/sn83045462/1929-03-02,2,12,6,6
lccn/sn83045462/1929-09-08,2,22,19,3
lccn/sn83025161/1867-08-16,2,12,6,6
lccn/sn83045462/1930-04-21,1,7,15,-8
lccn/sn83045462/1930-05-08,2,11,2,9
lccn/sn83045462/1930-01-27,2,6,3,3
lccn/sn83045462/1929-08-18,1,5,9,-4
lccn/sn83045462/1930-04-30,2,9,3,6
lccn/sn83045462/1929-09-03,2,11,6,5
lccn/sn87065327/1910-10-14,1,5,11,-6
lccn/sn87065327/1910-12-09,1,6,12,-6
lccn/sn87065327/1902-07-04,2,8,6,2
lccn/sn86091145/1897-08-13,1,0,0,0
lccn/sn85042354/1909-08-02,1,3,6,-3
lccn/sn85040451/1904-11-23,1,2,13,-11
lccn/sn83016025/1893-09-22,1,5,5,0
lccn/sn85040451/1906-09-05,2,5,2,3
lccn/sn83016025/1894-04-19,1,3,3,0
lccn/sn85040451/1909-03-31,1,3,14,-11
lccn/sn85040451/1904-07-20,2,4,3,1
lccn/sn83016025/1892-12-29,2,5,2,3
lccn/sn85040451/1907-06-05,2,7,4,3
lccn/sn85040451/1901-02-20,2,5,4,1
lccn/sn87068097/1891-09-14,2,8,3,5
lccn/sn89060092/1912-05-31,2,5,3,2
lccn/sn88065721/1891-03-20,2,16,8,8
lccn/sn88065721/1891-04-17,1,7,12,-5
lccn/sn88065721/1891-04-08,1,10,11,-1
lccn/sn85042354/1909-01-30,2,6,2,4
lccn/sn85042354/1908-04-01,1,6,16,-10
lccn/sn85042354/1909-09-29,1,4,7,-3
lccn/sn85042354/1909-04-12,2,17,12,5
lccn/sn87068192/1902-06-26,2,6,5,1
lccn/sn87068192/1905-06-15,2,13,6,7
lccn/sn83045462/1939-01-15,1,0,0,0
lccn/sn83045462/1939-02-03,1,6,10,-4
lccn/sn84022046/1880-07-17,1,0,6,-6
lccn/sn83009653/1920-01-06,2,7,3,4
lccn/sn83009653/1920-06-22,1,2,2,0
lccn/sn85025350/1883-07-28,1,0,3,-3
lccn/sn83009653/1921-10-18,1,2,2,0
lccn/2017270205/1899-06-15,1,0,0,0
lccn/2017270208/1889-09-04,1,5,10,-5
lccn/2017270205/1901-02-28,1,7,7,0
lccn/sn83045462/1939-04-23,1,4,5,-1
lccn/sn83045462/1944-02-10,2,3,1,2
lccn/sn83045462/1944-03-02,1,5,6,-1
lccn/sn86074065/1906-05-23,2,13,3,10
lccn/sn86074065/1906-09-19,2,19,2,17
lccn/sn86074065/1908-03-25,1,14,17,-3
lccn/sn86074065/1908-04-29,2,7,0,7
lccn/sn86074065/1908-05-27,2,14,5,9
lccn/sn86074065/1908-06-03,2,20,7,13
lccn/sn86074065/1908-05-13,2,4,3,1
lccn/sn86074065/1907-10-09,1,10,10,0
lccn/sn86074065/1907-04-13,2,16,7,9
lccn/sn83016025/1885-02-03,1,12,13,-1
lccn/sn85042354/1899-01-09,2,5,3,2
lccn/sn85042354/1899-02-03,2,8,4,4
lccn/sn85042354/1897-06-04,2,14,5,9
lccn/sn85042354/1901-06-18,2,12,3,9
lccn/sn85042354/1900-05-17,1,1,5,-4
lccn/sn85042354/1901-07-01,2,12,7,5
lccn/sn85042354/1901-09-04,2,10,5,5
lccn/sn85042354/1901-08-14,2,9,3,6
lccn/sn85042354/1901-08-15,2,8,3,5
lccn/sn85042354/1901-06-22,2,6,2,4
lccn/sn85042354/1901-06-24,2,6,2,4
lccn/sn85042354/1901-08-23,2,11,3,8
lccn/sn85042354/1901-08-28,1,4,4,0
lccn/sn85042354/1901-08-26,2,10,3,7
lccn/sn85042354/1901-06-20,2,6,1,5
lccn/sn85042354/1901-06-27,2,13,6,7
lccn/sn85042354/1901-06-21,2,13,3,10
lccn/sn85042354/1901-11-02,1,3,4,-1
lccn/sn83045462/1943-10-18,2,13,5,8
lccn/sn83045462/1944-04-02,1,6,8,-2
lccn/sn83045462/1944-01-27,1,6,20,-14
lccn/sn83045462/1943-10-31,2,6,4,2
lccn/sn83045462/1944-01-16,1,0,0,0
lccn/sn86076200/1888-04-21,1,0,0,0
lccn/sn83045462/1947-06-15,2,12,0,12
lccn/sn83045462/1938-10-23,2,6,4,2
lccn/sn83045462/1938-10-28,1,3,9,-6
lccn/sn83045462/1946-08-25,2,17,6,11
lccn/sn83045462/1946-08-31,2,15,8,7
lccn/sn83045462/1946-08-31,2,4,1,3
lccn/sn83045462/1946-08-17,1,0,6,-6
lccn/sn83045462/1947-04-05,2,2,0,2
lccn/sn83045462/1938-10-24,1,5,14,-9
lccn/sn83045462/1938-11-03,1,5,12,-7
lccn/sn83045462/1939-01-12,2,17,5,12
lccn/2018270504/1878-04-06,2,10,5,5
lccn/2018270503/1875-08-07,2,13,7,6
lccn/sn83045462/1948-09-08,1,4,10,-6
lccn/sn83045462/1946-10-07,1,3,7,-4
lccn/sn86074063/1905-09-06,2,13,3,10
lccn/sn83045462/1946-11-24,2,12,9,3
lccn/sn86074063/1905-09-20,2,31,21,10
lccn/sn86074063/1905-02-22,2,18,4,14
lccn/sn86074063/1905-02-25,2,3,0,3
lccn/sn86074063/1905-02-15,2,15,7,8
lccn/sn86074063/1905-05-10,2,10,7,3
lccn/sn86074063/1905-08-02,2,12,8,4
lccn/sn85042354/1893-12-30,2,10,6,4
lccn/sn85042354/1889-09-25,2,3,2,1
lccn/sn85042354/1889-12-10,2,10,6,4
lccn/sn83045462/1947-07-21,1,3,5,-2
lccn/sn83045462/1946-09-15,1,4,11,-7
lccn/sn83045462/1948-07-18,2,3,1,2
lccn/sn83045462/1948-08-04,1,0,0,0
lccn/sn83045462/1947-09-22,2,13,5,8
lccn/sn83045462/1948-04-03,1,4,10,-6
lccn/sn83045462/1947-09-25,1,3,7,-4
lccn/sn83045462/1948-06-10,1,2,2,0
lccn/sn83045462/1948-06-12,1,4,9,-5
lccn/sn83045462/1948-06-12,1,3,7,-4
lccn/sn83045462/1948-06-12,1,3,7,-4
lccn/sn83045462/1948-06-09,1,16,17,-1
lccn/sn83045462/1948-05-29,2,11,6,5
lccn/sn83045462/1948-04-25,2,9,5,4
lccn/sn87068097/1901-12-14,2,9,4,5
lccn/sn91068761/1949-12-14,1,2,8,-6
lccn/sn84022044/1879-08-26,1,4,10,-6
lccn/sn84022044/1880-07-10,1,0,0,0
lccn/sn84022044/1880-07-11,2,13,1,12
lccn/sn84022044/1880-07-13,2,12,4,8
lccn/sn84022044/1880-07-14,2,7,5,2
lccn/sn84022044/1880-07-15,2,18,3,15
lccn/sn84022044/1880-07-17,2,6,1,5
lccn/sn84022044/1880-07-18,2,11,6,5
lccn/sn84022044/1880-07-25,1,0,0,0
lccn/sn89052133/1908-05-01,1,4,4,0
lccn/sn83016025/1892-02-22,2,7,0,7
lccn/sn89052133/1898-11-11,1,9,11,-2
lccn/sn84022044/1880-08-03,2,6,4,2
lccn/sn84022044/1880-07-23,2,9,3,6
lccn/sn84022044/1880-07-20,1,0,0,0
lccn/sn84022044/1880-07-21,2,11,3,8
lccn/sn92051501/1897-09-02,2,13,3,10
lccn/sn92051501/1897-09-09,2,11,2,9
lccn/sn86074065/1916-02-12,1,9,19,-10
lccn/sn86074065/1915-09-29,2,14,7,7
lccn/sn86074065/1914-11-25,2,20,6,14
lccn/sn86074065/1908-11-04,2,28,10,18
lccn/sn85042354/1902-09-09,1,2,2,0
lccn/sn82014519/1926-03-25,1,6,6,0
lccn/sn82014519/1926-03-27,1,5,6,-1
lccn/sn85042354/1916-09-09,2,5,4,1
lccn/sn85042354/1918-05-04,1,6,26,-20
lccn/sn85042354/1918-03-01,1,2,5,-3
lccn/sn85042354/1917-05-05,2,15,5,10
lccn/sn89053684/1902-03-28,1,6,13,-7
lccn/sn89053684/1902-06-15,2,7,3,4
lccn/sn89053684/1902-06-29,1,0,0,0
lccn/sn89053684/1903-02-06,2,17,7,10
lccn/sn89053684/1903-03-22,2,9,7,2
lccn/sn89053684/1903-05-11,2,9,6,3
lccn/sn89053684/1903-07-11,2,21,4,17
lccn/sn89053684/1902-10-03,2,13,4,9
lccn/sn89053684/1902-10-04,2,12,9,3
lccn/sn89053684/1902-09-30,2,16,6,10
lccn/sn89053684/1902-10-01,1,2,4,-2
lccn/sn89053684/1902-10-02,2,23,6,17
lccn/sn85042224/1912-02-02,2,9,3,6
lccn/sn85042224/1914-05-18,2,10,5,5
lccn/sn85042224/1914-05-04,2,7,4,3
lccn/sn85042224/1914-05-14,2,13,5,8
lccn/sn85042224/1912-08-17,2,5,2,3
lccn/sn85042224/1912-05-04,1,0,0,0
lccn/sn85042224/1912-07-03,1,6,6,0
lccn/sn85042224/1914-02-26,2,11,4,7
lccn/sn85042224/1913-02-22,2,16,6,10
lccn/sn85042224/1913-01-03,2,6,4,2
lccn/sn85042224/1913-10-17,1,4,4,0
lccn/sn85042224/1913-09-01,1,4,5,-1
lccn/sn85042224/1913-09-12,2,5,3,2
lccn/sn82014519/1925-07-14,1,3,3,0
lccn/sn82014519/1925-05-29,1,2,13,-11
lccn/sn82014519/1925-11-09,2,21,9,12
lccn/sn82014519/1925-10-03,2,7,5,2
lccn/sn89053684/1903-08-01,2,13,3,10
lccn/sn85040437/1909-04-15,1,5,10,-5
lccn/sn85042354/1919-09-27,1,5,13,-8
lccn/sn85042354/1919-08-08,2,7,4,3
lccn/sn85042354/1919-08-13,2,3,0,3
lccn/sn85042354/1919-08-11,2,3,1,2
lccn/sn85042354/1919-09-15,2,3,1,2
lccn/sn85042354/1918-10-16,2,11,5,6
lccn/sn85042354/1919-11-06,2,13,4,9
lccn/sn86092536/1913-09-03,2,20,8,12
lccn/sn85042354/1920-04-15,2,11,5,6
lccn/sn85042354/1920-02-19,2,8,4,4
lccn/sn86092536/1914-04-24,2,6,3,3
lccn/sn86092536/1914-01-21,2,17,7,10
lccn/sn86092536/1914-12-11,1,10,10,0
lccn/sn86092536/1915-05-13,1,5,10,-5
lccn/sn86092536/1915-01-29,2,2,0,2
lccn/sn85042243/1927-05-20,1,4,5,-1
lccn/sn85042243/1926-09-08,1,2,5,-3
lccn/sn85042243/1926-05-28,1,2,4,-2
lccn/sn85042243/1928-03-16,1,2,2,0
lccn/sn82014519/1924-02-02,2,8,2,6
lccn/sn82014519/1924-08-22,1,6,8,-2
lccn/sn82014519/1924-08-01,2,7,4,3
lccn/sn82015679/1883-12-27,1,10,11,-1
lccn/sn82015679/1886-03-15,2,20,3,17
lccn/sn82015679/1886-03-08,2,9,8,1
lccn/sn82015679/1885-11-21,2,12,2,10
lccn/sn82015679/1883-04-12,2,7,4,3
lccn/sn82015289/1891-09-26,2,6,1,5
lccn/sn89051213/1920-01-15,1,4,5,-1
lccn/sn89051213/1917-01-18,1,5,7,-2
lccn/sn85042243/1928-11-19,2,9,3,6
lccn/sn85042243/1929-03-02,2,7,2,5
lccn/sn85047611/1920-02-23,2,5,2,3
lccn/sn85047611/1920-03-04,1,0,0,0
lccn/sn85047611/1920-10-04,1,0,0,0
lccn/sn85047611/1921-10-25,2,17,5,12
lccn/sn85047611/1921-12-02,2,4,2,2
lccn/sn85047611/1921-07-09,1,0,0,0
lccn/sn85042243/1928-12-31,2,19,8,11
lccn/sn83045462/1931-09-22,1,15,19,-4
lccn/sn83045462/1931-09-27,2,20,10,10
lccn/sn83045462/1931-08-25,1,5,10,-5
lccn/sn83045462/1931-11-06,1,6,6,0
lccn/sn84027238/1862-11-05,2,10,7,3
lccn/sn83045462/1933-06-20,2,8,2,6
lccn/sn83032103/1859-03-19,2,16,15,1
lccn/sn84027718/1886-10-13,1,10,10,0
lccn/sn83016025/1887-01-18,2,8,3,5
lccn/sn83032103/1871-10-13,2,9,3,6
lccn/sn84027718/1891-08-20,2,15,9,6
lccn/sn85025570/1880-10-28,2,11,1,10
lccn/sn84022044/1881-01-08,2,20,3,17
lccn/sn84022044/1881-01-09,2,9,1,8
lccn/sn84022044/1881-01-06,2,21,3,18
lccn/sn84022044/1881-03-23,2,9,4,5
lccn/sn84022044/1881-03-20,2,22,3,19
lccn/sn84022044/1881-03-24,2,9,4,5
lccn/sn84022044/1881-03-25,2,16,3,13
lccn/sn84022044/1881-04-01,1,0,0,0
lccn/sn84022044/1881-03-30,2,10,6,4
lccn/sn84022044/1881-03-29,1,5,7,-2
lccn/sn84022044/1881-03-26,2,8,2,6
lccn/sn84022044/1880-11-05,2,4,3,1
lccn/sn84022044/1880-11-03,2,8,4,4
lccn/sn83032103/1853-01-15,2,16,7,9
lccn/sn84022044/1881-01-28,2,12,3,9
lccn/sn84022044/1880-08-13,1,5,8,-3
lccn/sn84022044/1881-01-13,2,21,3,18
lccn/sn84022044/1881-01-14,2,15,4,11
lccn/sn84022044/1881-01-21,2,22,3,19
lccn/sn84022044/1881-01-22,2,18,3,15
lccn/sn84022044/1881-01-16,2,21,3,18
lccn/sn84022044/1881-01-11,2,23,2,21
lccn/sn84022044/1881-01-12,1,0,0,0
lccn/sn84022044/1880-07-31,2,8,3,5
lccn/sn84022044/1880-07-30,2,16,4,12
lccn/sn84022044/1880-08-14,1,6,7,-1
lccn/sn86063034/1900-03-11,2,6,5,1
lccn/sn89053684/1901-10-04,2,9,5,4
lccn/sn86063034/1900-05-08,2,4,2,2
lccn/sn86092536/1912-05-13,1,0,0,0
lccn/sn89053684/1901-06-09,1,5,10,-5
lccn/sn83016689/1917-09-17,2,3,1,2
lccn/sn83016689/1917-01-13,1,1,1,0
lccn/sn86063034/1897-07-02,2,6,5,1
lccn/sn85042224/1910-11-14,1,6,11,-5
lccn/sn85040451/1912-09-25,1,3,14,-11
lccn/sn85040451/1912-09-04,2,8,6,2
lccn/sn85033019/1873-09-05,2,9,3,6
lccn/sn86063034/1896-06-18,1,2,8,-6
lccn/sn86063034/1894-12-04,2,15,4,11
lccn/sn86063034/1896-10-06,1,5,10,-5
lccn/sn85040451/1917-05-23,2,10,4,6
lccn/sn85025202/1866-07-28,2,6,4,2
lccn/sn87065632/1903-02-13,1,10,10,0
lccn/sn87065632/1910-10-28,1,0,0,0
lccn/sn89060092/1900-06-22,2,10,9,1
lccn/sn87065632/1904-02-12,2,19,7,12
lccn/sn78000873/1898-09-29,1,7,7,0
lccn/sn78000873/1899-08-03,1,3,7,-4
lccn/sn78000873/1897-01-28,2,21,10,11
lccn/sn78000873/1901-10-03,2,8,7,1
lccn/sn78000873/1897-12-23,1,9,14,-5
lccn/sn78000873/1903-12-24,2,6,1,5
lccn/sn92051501/1890-04-10,2,18,17,1
lccn/sn92051501/1889-08-15,2,17,5,12
lccn/sn83045462/1936-01-20,1,2,4,-2
lccn/sn83045462/1941-11-27,2,4,1,3
lccn/sn92051501/1911-03-08,1,5,12,-7
lccn/sn92051501/1916-04-19,1,2,3,-1
lccn/sn83045462/1941-09-20,1,4,6,-2
lccn/sn92051501/1914-09-09,1,1,25,-24
lccn/sn92051501/1912-10-09,2,6,4,2
lccn/sn92051501/1903-07-02,1,5,17,-12
lccn/sn83045462/1941-12-11,1,1,3,-2
lccn/sn83045462/1941-11-28,2,8,0,8
lccn/sn92051501/1886-11-25,2,9,5,4
lccn/sn92051501/1893-02-23,1,3,3,0
lccn/sn92051501/1922-12-14,2,7,3,4
lccn/sn83045462/1936-01-24,2,14,5,9
lccn/sn78002169/1940-03-02,2,17,3,14
lccn/sn83016025/1895-11-15,1,0,0,0
lccn/sn83016025/1896-11-26,2,17,4,13
lccn/sn85042224/1911-12-09,2,9,6,3
lccn/sn85042224/1909-10-14,2,7,4,3
lccn/sn85042224/1909-10-27,1,7,10,-3
lccn/sn83016025/1897-04-05,1,6,16,-10
lccn/sn83016025/1897-03-16,1,0,5,-5
lccn/sn85042224/1909-11-13,2,9,1,8
lccn/sn85042224/1909-12-31,1,7,8,-1
lccn/sn85042224/1911-09-06,2,7,2,5
lccn/sn85025587/1876-04-13,2,7,4,3
lccn/sn84024825/1858-03-17,1,6,10,-4
lccn/sn84024825/1858-03-17,2,16,1,15
lccn/sn85040451/1910-06-15,2,8,1,7
lccn/sn83016689/1916-04-17,1,1,6,-5
lccn/sn85025587/1875-08-30,1,8,12,-4
lccn/sn83016025/1898-09-09,2,9,2,7
lccn/sn83016025/1898-08-06,1,0,0,0
lccn/sn83016025/1898-07-13,1,2,4,-2
lccn/sn83016025/1898-03-02,1,19,21,-2
lccn/sn86063034/1890-11-11,2,5,3,2
lccn/sn83045462/1950-06-17,2,14,2,12
lccn/sn83045462/1949-10-03,1,0,0,0
lccn/sn83045462/1949-11-12,1,7,11,-4
lccn/sn83045462/1950-07-25,2,6,5,1
lccn/sn83045462/1950-08-12,1,2,3,-1
lccn/sn83045462/1950-11-30,1,5,8,-3
lccn/sn83045462/1950-11-30,2,3,2,1
lccn/2018270201/1896-01-16,1,7,11,-4
lccn/sn83045462/1950-10-26,2,4,2,2
lccn/sn83045462/1950-12-28,1,2,10,-8
lccn/sn92074060/1945-03-09,1,1,2,-1
lccn/sn83016025/1874-10-21,2,4,1,3
lccn/sn84022137/1882-04-12,2,64,41,23
lccn/sn85042354/1904-02-02,2,19,7,12
lccn/sn87068097/1902-11-21,2,9,5,4
lccn/sn85042354/1904-03-29,2,16,11,5
lccn/sn84022137/1912-08-22,1,7,8,-1
lccn/sn85035720/1906-05-19,2,16,1,15
lccn/sn85035720/1906-06-27,2,20,4,16
lccn/sn85035720/1904-12-20,2,11,8,3
lccn/sn85035720/1906-12-14,2,7,6,1
lccn/sn85035720/1904-12-07,2,4,1,3
lccn/sn85042354/1905-10-02,1,0,0,0
lccn/sn84022137/1895-08-29,2,12,5,7
lccn/sn85035720/1904-09-17,1,8,13,-5
lccn/sn84022053/1875-08-17,2,15,5,10
lccn/sn84022053/1887-12-31,2,9,0,9
lccn/sn83016689/1914-08-07,2,9,3,6
lccn/sn85035720/1911-08-30,1,6,8,-2
lccn/sn85035720/1911-10-26,2,3,2,1
lccn/sn85035720/1911-10-26,1,2,22,-20
lccn/sn85035720/1911-01-12,2,22,1,21
lccn/sn85035720/1912-07-09,1,6,16,-10
lccn/sn85035720/1912-09-28,2,4,1,3
lccn/sn86063034/1892-12-14,1,0,0,0
lccn/sn83016689/1915-05-15,1,5,5,0
lccn/sn88074815/1894-07-13,1,6,6,0
lccn/sn88074815/1894-08-24,1,0,0,0
lccn/sn88074815/1894-08-10,2,8,6,2
lccn/sn88074815/1897-06-11,2,12,10,2
lccn/sn88074815/1894-07-06,1,0,0,0
lccn/sn82015679/1898-08-02,2,15,9,6
lccn/sn86063034/1898-11-20,1,15,22,-7
lccn/sn86063034/1899-02-28,1,0,0,0
lccn/sn86063034/1899-05-21,2,7,4,3
lccn/sn86063034/1899-05-24,2,9,6,3
lccn/sn86063034/1897-10-05,1,0,0,0
lccn/sn86063034/1897-09-14,2,11,10,1
lccn/sn85042354/1914-02-25,1,2,4,-2
lccn/sn87065469/1905-02-23,1,7,7,0
lccn/sn87065469/1907-04-11,1,6,6,0
lccn/sn85042354/1914-04-18,2,7,3,4
lccn/sn85042354/1914-07-13,1,0,3,-3
lccn/sn83016025/1899-09-14,1,5,7,-2
lccn/sn86063034/1894-07-10,1,5,5,0
lccn/sn86063034/1894-09-22,2,5,2,3
lccn/sn87065469/1904-02-11,2,22,7,15
lccn/sn87065469/1902-12-11,2,14,4,10
lccn/sn85042354/1915-01-20,1,3,5,-2
lccn/sn85042354/1915-05-15,2,8,4,4
lccn/sn85042354/1915-08-19,1,3,10,-7
lccn/sn85042354/1915-12-02,2,14,4,10
lccn/sn85042354/1915-11-10,2,9,2,7
lccn/sn85042354/1914-09-08,2,8,2,6
lccn/sn83016689/1915-03-27,2,3,2,1
lccn/sn83016689/1915-06-30,1,2,5,-3
lccn/sn83016689/1915-11-23,1,3,7,-4
lccn/sn86063034/1899-11-08,2,23,7,16
lccn/sn85042224/1909-05-22,2,7,4,3
lccn/sn85042224/1908-11-06,1,8,11,-3
lccn/sn85042224/1908-11-17,2,24,9,15
lccn/sn82015679/1886-09-10,1,7,11,-4
lccn/sn82015679/1886-10-13,2,4,0,4
lccn/sn90051672/1922-01-27,2,14,1,13
lccn/sn90051081/1890-08-30,2,3,2,1
lccn/sn85042354/1913-01-06,2,14,10,4
lccn/sn85042354/1913-03-27,2,16,2,14
lccn/sn85042354/1913-01-18,1,4,12,-8
lccn/sn85042224/1908-10-21,1,0,0,0
lccn/sn85042224/1908-11-02,2,8,1,7
lccn/sn90051081/1890-09-06,1,8,9,-1
lccn/sn90051081/1890-09-13,2,8,3,5
lccn/sn90051081/1890-09-27,1,4,5,-1
lccn/sn90051081/1890-10-11,1,0,4,-4
lccn/sn85042243/1925-11-20,1,6,7,-1
lccn/sn85042243/1925-11-02,1,2,7,-5
lccn/sn87068097/1891-09-24,2,2,0,2
lccn/sn87068097/1891-09-26,2,6,3,3
lccn/sn84022044/1881-01-15,2,22,3,19
lccn/sn84022044/1880-08-18,1,0,0,0
lccn/sn83045462/1939-12-19,2,5,4,1
lccn/sn83045462/1937-04-27,1,6,8,-2
lccn/sn83045462/1940-02-04,2,7,1,6
lccn/sn83045462/1935-12-20,1,2,3,-1
lccn/sn83045462/1937-01-16,2,3,2,1
lccn/sn83045462/1936-10-03,2,5,2,3
lccn/sn83045462/1939-08-12,1,2,6,-4
lccn/sn83045462/1939-08-12,2,17,1,16
lccn/sn86063206/1899-09-08,2,7,1,6
lccn/sn86063206/1899-09-22,2,10,2,8
lccn/sn83045462/1935-05-26,2,3,1,2
lccn/sn83045462/1935-06-05,1,4,4,0
lccn/sn83045462/1934-01-28,2,6,4,2
lccn/sn85035720/1915-10-11,1,5,9,-4
lccn/sn84022046/1873-04-02,2,14,2,12
lccn/sn83045462/1936-10-18,1,3,5,-2
lccn/sn83045462/1936-10-04,2,11,7,4
lccn/sn83045462/1937-01-10,1,1,5,-4
lccn/sn83045462/1938-04-24,1,5,5,0
lccn/sn83045462/1942-01-25,1,0,0,0
lccn/sn83045462/1942-04-04,2,4,1,3
lccn/sn83045462/1938-02-20,2,25,8,17
lccn/sn85035720/1907-06-26,2,11,5,6
lccn/sn85035720/1907-04-15,1,3,8,-5
lccn/sn83045462/1938-08-27,1,8,12,-4
lccn/sn85035720/1908-05-11,2,9,7,2
lccn/sn83045462/1938-09-14,2,13,6,7
lccn/sn83045462/1938-05-15,1,8,9,-1
lccn/sn83045462/1938-05-26,1,0,0,0
lccn/sn83045462/1938-05-25,1,5,9,-4
lccn/sn85035720/1914-11-02,2,15,4,11
lccn/sn85035720/1914-12-18,2,3,2,1
lccn/sn85035720/1908-12-24,2,6,0,6
lccn/sn83045462/1950-05-29,1,4,4,0
lccn/sn83045462/1949-09-13,1,6,7,-1
lccn/sn83045462/1949-09-13,2,9,8,1
lccn/sn83045462/1950-06-12,2,5,4,1
lccn/sn83045462/1950-06-15,2,17,3,14
lccn/sn83045462/1950-07-02,1,10,12,-2
lccn/sn83045462/1950-07-12,1,17,19,-2
lccn/sn83045462/1950-09-14,2,14,5,9
lccn/sn83045462/1950-09-23,1,3,3,0
lccn/sn83045462/1948-06-29,2,6,3,3
lccn/sn83045462/1948-06-19,1,5,6,-1
lccn/sn83045462/1948-10-01,1,3,6,-3
lccn/sn83045462/1948-09-20,1,3,6,-3
lccn/sn83045462/1948-10-27,2,7,3,4
lccn/sn83045462/1950-01-02,1,10,14,-4
lccn/sn85040749/1907-10-29,2,11,8,3
lccn/sn85040749/1907-10-29,1,3,3,0
lccn/sn85040749/1908-09-15,2,11,4,7
lccn/sn85040749/1908-05-19,2,13,1,12
lccn/sn85040749/1906-11-13,2,11,3,8
lccn/sn85040749/1910-01-18,2,14,7,7
lccn/sn85040749/1909-02-23,2,13,8,5
lccn/sn83045462/1949-05-22,2,16,6,10
lccn/sn85040749/1913-04-08,2,14,8,6
lccn/sn85040749/1901-02-26,2,12,6,6
lccn/sn85040749/1904-10-25,1,5,10,-5
lccn/sn85040749/1906-01-09,1,5,8,-3
lccn/sn83045462/1949-04-03,2,5,1,4
lccn/sn85040749/1905-12-19,2,11,1,10
lccn/sn85040749/1900-08-14,2,19,2,17
lccn/sn85040749/1916-01-04,2,4,3,1
lccn/sn85040749/1915-05-18,1,1,9,-8
lccn/sn83045462/1947-11-01,1,5,5,0
lccn/sn83045462/1947-12-20,1,5,5,0
lccn/sn83045462/1947-12-13,2,12,2,10
lccn/sn83045462/1947-12-07,2,11,2,9
lccn/sn83045462/1948-01-13,2,15,3,12
lccn/sn83045462/1947-02-09,2,2,0,2
lccn/sn83045462/1947-03-02,2,9,6,3
lccn/sn83045462/1948-02-03,1,4,6,-2
lccn/sn83045462/1948-01-24,1,4,9,-5
lccn/sn83045462/1948-03-01,1,4,9,-5
lccn/sn83045462/1948-11-06,1,7,10,-3
lccn/sn83045462/1948-10-12,2,10,6,4
lccn/sn83045462/1941-02-12,2,5,0,5
lccn/sn83045462/1942-10-11,1,0,0,0
lccn/sn83045462/1945-11-14,1,5,6,-1
lccn/sn83045462/1945-11-29,1,3,10,-7
lccn/sn83045462/1941-03-02,2,2,1,1
lccn/sn83045462/1946-01-13,2,17,7,10
lccn/sn83045462/1946-01-07,1,7,9,-2
lccn/sn83045462/1941-02-22,1,3,3,0
lccn/sn83016689/1909-01-12,2,6,0,6
lccn/sn83016689/1909-01-29,1,0,0,0
lccn/sn83045462/1946-03-10,1,3,13,-10
lccn/sn83016689/1909-04-26,2,5,3,2
lccn/sn88065721/1895-04-11,2,7,5,2
lccn/sn88065721/1893-04-14,2,11,8,3
lccn/sn88065726/1915-11-26,1,4,5,-1
lccn/sn83045462/1941-03-16,2,11,4,7
lccn/sn83045462/1946-03-02,2,8,2,6
lccn/sn83045462/1946-02-24,1,0,4,-4
lccn/sn83045462/1946-02-24,1,3,4,-1
lccn/sn83045462/1941-02-20,2,6,1,5
lccn/sn83045462/1946-02-08,2,6,5,1
lccn/sn83045462/1946-03-12,2,10,6,4
lccn/sn83045462/1946-03-22,1,2,6,-4
lccn/sn83016689/1908-06-20,1,0,0,0
lccn/sn85040749/1919-01-07,2,13,5,8
lccn/sn85040749/1919-07-08,1,3,9,-6
lccn/sn86092518/1896-12-16,1,9,9,0
lccn/sn86092518/1897-01-18,1,1,2,-1
lccn/sn86092518/1897-01-19,1,2,2,0
lccn/sn86092518/1889-07-12,2,14,6,8
lccn/sn86092518/1891-07-13,2,14,10,4
lccn/sn86092518/1891-07-14,1,3,3,0
lccn/sn86092518/1891-07-18,1,2,8,-6
lccn/sn86092518/1892-03-10,2,6,5,1
lccn/sn83025167/1887-04-21,2,3,1,2
lccn/sn82014519/1928-03-05,2,10,5,5
lccn/sn82014519/1928-01-24,2,9,4,5
lccn/sn82014519/1928-03-19,2,10,7,3
lccn/sn84024271/1936-04-16,2,4,1,3
lccn/sn84024271/1936-12-31,1,2,3,-1
lccn/sn84024271/1930-05-15,2,5,2,3
lccn/sn84024271/1940-12-19,2,3,2,1
lccn/sn84024271/1941-04-17,2,3,1,2
lccn/sn82015313/1929-03-05,2,3,1,2
lccn/sn86091084/1921-05-26,2,10,1,9
lccn/sn86092518/1894-08-09,2,9,2,7
lccn/sn89055001/1911-08-31,2,6,4,2
lccn/sn89055001/1909-08-26,2,12,2,10
lccn/sn82014519/1930-03-01,2,11,9,2
lccn/sn82014519/1930-03-05,1,0,0,0
lccn/sn89053684/1904-12-12,2,7,5,2
lccn/sn89053684/1904-12-15,1,2,9,-7
lccn/sn82014519/1927-10-21,1,4,16,-12
lccn/sn82014519/1927-11-03,2,16,3,13
lccn/sn82014519/1927-09-26,2,8,1,7
lccn/sn82014519/1927-09-21,2,7,3,4
lccn/sn82014519/1927-09-09,2,12,6,6
lccn/sn82014519/1926-09-13,2,11,10,1
lccn/sn82014519/1926-09-18,2,7,3,4
lccn/sn82014519/1926-08-07,1,8,9,-1
lccn/sn82014519/1926-10-25,2,4,1,3
lccn/sn82014519/1926-11-02,2,5,1,4
lccn/sn82014519/1926-06-15,2,3,1,2
lccn/sn82014519/1927-06-08,1,10,16,-6
lccn/sn86092245/1915-10-28,2,10,3,7
lccn/sn86092245/1916-04-27,2,6,3,3
lccn/sn85042243/1929-09-10,1,0,0,0
lccn/sn85042243/1930-11-21,2,5,2,3
lccn/sn85042354/1923-01-10,1,2,6,-4
lccn/sn85042354/1923-01-09,2,8,0,8
lccn/sn85042354/1922-12-06,2,17,6,11
lccn/sn85042354/1922-10-14,1,4,5,-1
lccn/sn87062237/1922-10-11,2,6,4,2
lccn/sn87062237/1922-03-18,2,2,1,1
lccn/sn87062237/1922-02-06,1,2,3,-1
lccn/sn87062237/1922-01-10,1,0,3,-3
lccn/sn87062237/1922-09-09,2,7,1,6
lccn/sn87062237/1922-11-16,1,2,8,-6
lccn/sn87062237/1921-12-27,1,10,19,-9
lccn/sn85035720/1920-06-03,2,4,1,3
lccn/sn85035720/1920-01-15,1,0,0,0
lccn/sn85035720/1919-11-12,2,5,1,4
lccn/sn85035720/1921-03-30,1,4,4,0
lccn/sn82015313/1925-10-07,2,2,1,1
lccn/sn90060976/1913-05-17,2,9,1,8
lccn/sn90060976/1913-05-31,2,9,2,7
lccn/sn90060976/1918-03-09,1,0,0,0
lccn/sn90060976/1917-11-17,1,0,0,0
lccn/sn90060976/1921-05-21,2,18,4,14
lccn/sn90060976/1921-06-18,2,4,2,2
lccn/sn90060976/1922-07-29,2,10,3,7
lccn/sn90060976/1918-01-05,1,2,5,-3
lccn/sn90060976/1916-09-09,2,7,0,7
lccn/sn82014519/1928-06-14,1,3,4,-1
lccn/sn82014519/1928-06-09,1,4,14,-10
lccn/sn82014519/1928-06-04,2,10,7,3
lccn/sn82014519/1928-05-18,1,0,0,0
lccn/sn82014519/1929-03-26,2,10,9,1
lccn/sn82014519/1929-04-01,2,8,4,4
lccn/sn85042243/1935-01-02,2,15,12,3
lccn/sn85042243/1933-04-01,1,0,0,0
lccn/sn85042243/1934-08-25,2,8,3,5
lccn/sn85042243/1934-08-03,1,5,13,-8
lccn/sn84023017/1880-06-10,2,19,4,15
lccn/sn89051213/1909-01-07,1,0,0,0
lccn/sn85042243/1937-09-07,1,1,6,-5
lccn/sn85042354/1920-04-29,1,5,7,-2
lccn/sn85042354/1920-07-13,2,14,5,9
lccn/sn89055199/1921-09-22,1,4,5,-1
lccn/sn82015313/1927-12-05,2,14,11,3
lccn/sn85042354/1922-01-11,1,5,5,0
lccn/sn85042354/1921-07-02,1,4,11,-7
lccn/sn85042354/1921-06-16,2,2,0,2
lccn/sn85042354/1921-07-02,1,3,10,-7
lccn/sn85042354/1921-03-30,1,10,15,-5
lccn/sn85042354/1920-12-09,2,3,0,3
lccn/sn85042354/1922-03-08,2,21,8,13
lccn/sn85042243/1937-01-04,2,25,0,25
lccn/sn85042243/1936-02-15,2,11,4,7
lccn/sn85042243/1936-11-06,1,3,5,-2
lccn/sn85042243/1932-05-30,2,15,14,1
lccn/sn85042243/1937-09-17,1,1,3,-2
lccn/sn85042354/1922-06-10,2,5,2,3
lccn/sn85042354/1922-06-12,1,4,5,-1
lccn/sn91059394/1894-02-21,1,8,8,0
lccn/sn87091048/1887-12-21,2,11,4,7
lccn/sn90050371/1917-06-23,2,13,7,6
lccn/sn85042224/1917-09-29,1,0,0,0
lccn/sn85042224/1918-03-16,2,12,3,9
lccn/sn85042224/1917-09-19,2,9,4,5
lccn/sn85042224/1917-08-29,2,5,0,5
lccn/sn85042224/1915-02-12,1,7,11,-4
lccn/sn85042224/1916-01-10,2,13,8,5
lccn/sn85042224/1915-12-29,2,4,3,1
lccn/sn85042224/1915-09-10,2,7,5,2
lccn/sn85042224/1916-01-31,2,12,3,9
lccn/sn84027398/1876-09-07,2,5,3,2
lccn/sn85042224/1916-09-25,2,8,7,1
lccn/sn85042224/1916-12-29,2,20,14,6
lccn/sn85042224/1916-12-29,2,14,2,12
lccn/sn85042224/1916-09-29,2,5,3,2
lccn/sn85042224/1916-03-20,2,4,3,1
lccn/sn85042224/1916-03-11,2,9,3,6
lccn/sn85042224/1916-10-19,2,12,3,9
lccn/sn86092536/1916-05-02,2,4,1,3
lccn/sn86092536/1916-04-14,2,11,8,3
lccn/sn84024719/1846-11-26,2,6,3,3
lccn/sn84022374/1900-11-21,2,7,5,2
lccn/sn84022374/1897-10-07,2,10,2,8
lccn/sn85044812/1896-05-24,1,10,12,-2
lccn/sn85044812/1895-11-27,2,15,9,6
lccn/sn84020639/1895-06-23,2,20,3,17
lccn/sn84020639/1895-06-20,2,9,8,1
lccn/sn84026826/1881-07-15,2,10,9,1
lccn/sn91059392/1893-08-31,1,5,7,-2
lccn/sn91059392/1893-09-07,2,12,7,5
lccn/sn85040245/1908-05-28,1,9,11,-2
lccn/sn85040245/1908-06-04,1,5,7,-2
lccn/sn84020504/1908-01-03,1,2,13,-11
lccn/sn84020504/1907-11-22,2,18,7,11
lccn/sn84020504/1907-12-11,2,4,2,2
lccn/sn84020504/1907-12-28,1,6,17,-11
lccn/sn84020504/1907-11-15,1,3,12,-9
lccn/sn91064009/1908-06-27,2,10,2,8
lccn/sn91064009/1908-07-25,2,8,4,4
lccn/sn85035720/1923-01-18,1,2,3,-1
lccn/sn87062055/1925-06-12,2,11,5,6
lccn/sn85035720/1923-05-19,2,16,4,12
lccn/sn85035720/1923-10-11,1,7,10,-3
lccn/sn85035720/1923-10-11,1,0,0,0
lccn/sn85035720/1923-10-29,1,2,12,-10
lccn/sn84020504/1907-08-01,2,6,4,2
lccn/sn82015313/1932-10-08,1,3,10,-7
lccn/sn82015313/1932-08-09,1,10,13,-3
lccn/sn90059142/1920-03-06,1,6,7,-1
lccn/sn85042379/1943-04-29,1,5,6,-1
lccn/sn85042379/1942-01-22,2,2,1,1
lccn/sn85042379/1945-02-01,1,0,3,-3
lccn/sn85042379/1943-08-12,1,6,10,-4
lccn/sn91064011/1910-02-26,2,6,3,3
lccn/sn91064009/1909-01-21,2,6,0,6
lccn/sn91064011/1910-06-14,1,4,7,-3
lccn/sn91064011/1910-05-26,1,5,7,-2
lccn/sn00065130/1910-04-29,1,8,9,-1
lccn/sn00065130/1911-06-02,2,10,1,9
lccn/sn88085350/1892-01-14,2,5,2,3
lccn/sn82014248/1870-11-14,1,5,5,0
lccn/sn86072192/1899-05-21,1,0,0,0
lccn/sn86072192/1900-01-31,1,0,0,0
lccn/sn86072192/1897-09-15,2,8,2,6
lccn/sn91064011/1912-05-18,1,5,5,0
lccn/sn91064011/1910-12-08,1,1,5,-4
lccn/sn85053343/1928-09-06,2,15,6,9
lccn/2018270203/1901-03-08,1,4,4,0
lccn/sn85038485/1903-05-07,2,11,5,6
lccn/sn86072192/1901-06-01,1,5,8,-3
lccn/sn86072192/1901-05-31,2,11,4,7
lccn/sn86072192/1901-05-14,2,20,12,8
lccn/2018270203/1899-10-27,1,0,0,0
lccn/2018270203/1912-04-25,2,4,3,1
lccn/2018270203/1895-12-06,2,10,7,3
lccn/2018270203/1917-07-19,2,16,2,14
lccn/2018270203/1914-07-30,2,13,6,7
lccn/2018270203/1914-07-30,2,6,1,5
lccn/sn83025186/1909-05-14,2,8,0,8
lccn/sn85038485/1907-11-06,1,13,15,-2
lccn/sn85038485/1907-11-06,1,0,0,0
lccn/sn85038485/1907-11-08,1,0,0,0
lccn/sn85038485/1907-09-07,2,5,4,1
lccn/sn85038485/1906-02-02,2,9,6,3
lccn/sn85038485/1906-04-09,1,5,11,-6
lccn/sn85038485/1906-09-13,1,10,12,-2
lccn/sn85038485/1907-03-10,1,0,0,0
lccn/sn85038485/1907-03-11,1,0,0,0
lccn/sn91064011/1914-02-18,2,3,1,2
lccn/sn85038485/1907-07-21,2,10,3,7
lccn/sn85038485/1907-08-10,1,0,0,0
lccn/sn84022374/1903-08-12,1,3,5,-2
lccn/sn84022374/1909-03-31,2,10,6,4
lccn/sn84022374/1907-08-07,2,21,12,9
lccn/sn84022374/1910-07-20,2,4,3,1
lccn/sn84022374/1911-03-01,2,8,5,3
lccn/sn84022374/1914-03-25,1,7,8,-1
lccn/sn86056950/1921-08-20,2,9,1,8
lccn/sn86056950/1921-08-27,1,1,2,-1
lccn/sn89077510/1872-06-15,1,10,12,-2
lccn/sn91064011/1913-06-17,1,9,11,-2
lccn/sn91064011/1913-04-28,1,0,11,-11
lccn/sn91064011/1913-03-05,1,4,13,-9
lccn/sn91064011/1913-08-29,2,11,9,2
lccn/sn87075008/1933-02-02,1,5,5,0
lccn/sn87075008/1933-12-14,2,10,4,6
lccn/sn87075008/1932-07-07,1,9,12,-3
lccn/sn87075008/1925-03-26,1,5,10,-5
lccn/sn87075008/1924-11-20,2,3,2,1
lccn/sn87075008/1936-05-21,2,10,6,4
lccn/sn87075008/1936-03-05,2,6,4,2
lccn/sn87075008/1938-06-02,2,7,1,6
lccn/sn87075008/1929-09-05,1,1,5,-4
lccn/sn87075008/1931-07-23,2,5,0,5
lccn/sn87075008/1939-05-04,2,13,5,8
lccn/sn87075008/1939-06-01,1,2,9,-7
lccn/sn87075008/1933-09-07,1,4,7,-3
lccn/sn87075008/1935-08-29,2,12,6,6
lccn/sn87075008/1934-07-19,1,4,5,-1
lccn/sn87075008/1935-06-27,2,6,5,1
lccn/sn87075008/1935-05-30,2,10,7,3
lccn/sn87075008/1941-01-30,1,4,7,-3
lccn/sn85038485/1903-01-11,2,14,2,12
lccn/sn87075008/1942-09-24,2,7,2,5
lccn/sn87075008/1922-06-22,1,5,8,-3
lccn/sn87075008/1926-03-11,2,6,4,2
lccn/sn87075008/1926-04-08,2,10,5,5
lccn/sn91064011/1913-12-27,1,2,2,0
lccn/sn91064011/1913-10-29,1,4,7,-3
lccn/sn91064011/1914-10-02,1,2,3,-1
lccn/sn91064011/1914-07-15,1,4,8,-4
lccn/sn91064011/1914-09-05,1,5,8,-3
lccn/sn91064011/1914-06-06,1,2,6,-4
lccn/sn91064011/1914-05-04,2,26,10,16
lccn/sn91064011/1914-05-21,2,5,3,2
lccn/sn91064011/1914-06-30,2,19,9,10
lccn/sn86063730/1923-05-14,2,6,4,2
lccn/sn86063730/1923-10-14,2,9,2,7
lccn/sn91064011/1914-10-24,1,5,8,-3
lccn/sn91064011/1914-12-02,2,5,1,4
lccn/sn91064011/1914-12-10,2,10,6,4
lccn/sn91064011/1914-12-24,2,15,9,6
lccn/sn85038485/1905-01-24,2,15,12,3
lccn/sn85038485/1904-04-26,2,8,2,6
lccn/sn84027329/1874-11-05,2,25,16,9
lccn/sn84027329/1874-11-05,2,23,16,7
lccn/sn83025186/1913-10-24,2,13,11,2
lccn/sn83025186/1911-11-03,2,6,3,3
lccn/sn85038485/1908-09-22,2,13,8,5
lccn/sn85038485/1908-07-25,2,6,5,1
lccn/sn86075141/1939-07-27,2,12,5,7
lccn/sn86075141/1939-07-20,2,6,2,4
lccn/sn86075293/1927-07-22,2,19,6,13
lccn/sn85038485/1909-05-19,1,3,8,-5
lccn/sn85038485/1909-09-20,2,17,1,16
lccn/sn85038485/1909-09-09,2,10,4,6
lccn/sn85038485/1909-09-14,2,13,10,3
lccn/sn85038485/1909-09-13,2,13,5,8
lccn/sn82014248/1871-02-24,2,22,10,12
lccn/sn82014248/1872-03-18,1,2,8,-6
lccn/sn85042104/1903-06-03,2,13,4,9
lccn/sn91064011/1915-10-14,1,1,4,-3
lccn/sn91064011/1915-08-18,1,9,11,-2
lccn/sn91064011/1915-07-02,2,6,0,6
lccn/sn91064011/1915-06-29,2,2,1,1
lccn/sn91064011/1915-06-16,2,7,0,7
lccn/sn91064011/1915-06-08,1,5,10,-5
lccn/sn91064011/1915-05-19,2,4,1,3
lccn/sn91064011/1915-05-05,1,4,9,-5
lccn/sn85042104/1904-12-18,1,2,7,-5
lccn/sn91064011/1916-01-14,1,3,9,-6
lccn/sn85042104/1905-02-12,2,8,5,3
lccn/sn85042104/1905-02-18,2,10,9,1
lccn/sn85038485/1910-04-14,2,9,1,8
lccn/sn85038485/1910-04-12,2,12,2,10
lccn/sn85038485/1910-01-08,1,2,2,0
lccn/sn84042105/1894-06-29,1,5,7,-2
lccn/sn85042104/1894-08-23,1,5,6,-1
lccn/sn85042104/1894-08-16,2,15,5,10
lccn/sn85042104/1894-08-18,2,10,2,8
lccn/sn97065762/1889-05-25,1,5,10,-5
lccn/sn85038485/1912-09-28,2,13,3,10
lccn/sn99062018/1913-02-20,2,6,5,1
lccn/sn97065763/1900-02-03,2,9,4,5
lccn/sn97065763/1900-04-28,2,9,2,7
lccn/sn99062017/1912-12-05,2,15,4,11
lccn/sn99062017/1912-08-22,2,11,1,10
lccn/sn85038485/1911-09-20,1,10,16,-6
lccn/sn85038485/1912-04-07,2,13,6,7
lccn/sn86063730/1924-09-07,2,10,5,5
lccn/sn85038485/1910-10-23,2,11,9,2
lccn/sn85038485/1910-04-09,2,11,2,9
lccn/sn85038485/1910-09-19,2,12,0,12
lccn/sn85038485/1911-02-28,2,10,0,10
lccn/sn85038485/1913-06-05,1,9,10,-1
lccn/sn84024326/1923-02-24,1,0,0,0
lccn/sn90051548/1906-04-12,2,4,3,1
lccn/sn86063730/1928-11-30,2,6,5,1
lccn/sn86063730/1928-11-30,2,10,2,8
lccn/sn85038485/1913-09-08,2,8,3,5
lccn/sn85038485/1913-09-19,2,23,22,1
lccn/sn85038485/1913-07-15,1,0,0,0
lccn/sn85038485/1913-07-16,2,11,1,10
lccn/sn97065763/1904-12-10,1,6,9,-3
lccn/sn97065763/1911-07-01,1,5,11,-6
lccn/sn97065763/1909-09-25,2,10,2,8
lccn/sn84024326/1923-06-05,1,9,9,0
lccn/sn86063730/1932-05-09,2,5,2,3
lccn/sn86063730/1932-05-09,2,5,2,3
lccn/sn86063730/1933-01-24,1,14,14,0
lccn/sn86063730/1933-03-14,2,8,3,5
lccn/sn86063730/1933-03-14,2,5,4,1
lccn/sn86063730/1933-03-14,2,8,3,5
lccn/sn97065763/1921-05-14,2,9,6,3
lccn/sn97065763/1920-05-01,2,11,8,3
lccn/sn88063294/1941-10-20,1,6,6,0
lccn/sn85038485/1915-09-06,2,17,6,11
lccn/sn85038485/1915-08-16,2,19,4,15
lccn/sn85038485/1915-08-17,2,8,3,5
lccn/sn84020097/1932-12-31,2,10,7,3
lccn/sn85038485/1914-05-06,2,13,6,7
lccn/sn85038485/1915-06-20,2,16,4,12
lccn/sn85038485/1915-03-16,2,6,2,4
lccn/sn85038485/1915-06-24,2,19,1,18
lccn/sn85038485/1915-06-22,2,11,0,11
lccn/sn86063730/1929-12-18,2,12,1,11
lccn/sn85038485/1914-03-13,1,8,8,0
lccn/sn85038485/1914-08-23,1,9,9,0
lccn/sn85038485/1914-08-27,1,10,13,-3
lccn/sn84022047/1899-02-16,2,22,11,11
lccn/sn85035816/1906-04-10,2,12,4,8
lccn/sn85035816/1902-11-05,2,11,1,10
lccn/sn85035816/1908-09-22,1,3,7,-4
lccn/sn85035816/1908-01-21,2,11,4,7
lccn/sn87068079/1904-01-28,1,3,5,-2
lccn/sn87068079/1909-01-14,2,7,1,6
lccn/sn85053305/1930-05-09,2,8,3,5
lccn/sn85053305/1925-05-15,1,0,0,0
lccn/sn85053305/1925-10-16,2,6,1,5
lccn/sn84022047/1902-03-13,1,0,0,0
lccn/sn84022047/1898-04-23,2,8,5,3
lccn/sn85053305/1931-04-10,2,10,2,8
lccn/sn85053305/1930-08-08,1,4,4,0
lccn/sn85053305/1930-01-03,1,4,8,-4
lccn/sn85053305/1932-09-30,1,7,7,0
lccn/sn85053305/1935-05-31,1,6,9,-3
lccn/sn85053305/1928-02-24,2,3,0,3
lccn/sn84022047/1899-04-20,2,11,7,4
lccn/sn2001063546/1902-06-,2,16,4,12
lccn/sn2001063546/1902-07-,2,7,3,4
lccn/sn82014248/1887-06-09,2,8,6,2
lccn/sn82014248/1887-06-10,1,1,1,0
lccn/sn82014248/1888-05-18,2,36,16,20
lccn/sn82014248/1887-11-10,1,12,16,-4
lccn/sn82014248/1886-03-17,2,23,10,13
lccn/sn84024326/1924-12-17,1,7,8,-1
lccn/sn84024326/1924-06-24,2,8,7,1
lccn/sn82014248/1894-04-24,1,3,5,-2
lccn/sn84024326/1924-05-31,1,1,1,0
lccn/sn84024326/1925-04-14,1,5,5,0
lccn/sn98062948/1891-03-19,1,2,8,-6
lccn/sn82014248/1880-09-01,2,17,10,7
lccn/sn82014248/1880-07-13,2,8,3,5
lccn/sn82014248/1883-06-26,2,12,2,10
lccn/sn82014248/1884-05-27,1,2,11,-9
lccn/sn85025007/1923-02-07,1,7,7,0
lccn/sn83045324/1939-12-16,1,9,16,-7
lccn/sn84038206/1895-09-07,2,11,9,2
lccn/sn85059533/1902-08-23,2,6,1,5
lccn/sn91064030/1923-09-26,1,0,0,0
lccn/sn91064030/1922-04-15,2,5,2,3
lccn/sn91064030/1922-02-25,2,16,6,10
lccn/sn91064030/1924-04-05,1,1,9,-8
lccn/sn91064030/1923-09-15,2,12,6,6
lccn/sn91064030/1916-11-11,2,4,3,1
lccn/sn87057928/1917-09-06,1,11,13,-2
lccn/sn87057928/1915-03-04,1,0,0,0
lccn/sn90050296/1920-08-12,1,3,6,-3
lccn/sn84022565/1909-07-29,2,7,6,1
lccn/sn84022565/1908-03-05,1,3,5,-2
lccn/sn96075050/1910-06-30,2,5,0,5
lccn/2010270509/1919-11-20,2,4,2,2
lccn/sn88063294/1944-02-15,1,0,0,0
lccn/sn87058308/1915-08-05,2,10,6,4
lccn/sn87058308/1917-05-10,1,3,7,-4
lccn/sn87058308/1917-05-31,1,6,6,0
lccn/sn84022565/1885-05-13,1,6,7,-1
lccn/sn87058308/1913-03-06,2,13,4,9
lccn/sn87058308/1913-06-12,2,4,2,2
lccn/sn87058308/1913-06-05,2,11,8,3
lccn/sn87058308/1914-01-08,1,4,7,-3
lccn/sn84022565/1890-11-13,2,14,3,11
lccn/sn84022565/1898-04-21,1,11,11,0
lccn/sn84022565/1898-07-14,2,9,5,4
lccn/sn84022565/1899-09-07,2,6,5,1
lccn/sn84022565/1900-08-16,2,19,11,8
lccn/sn84022565/1904-05-19,2,5,3,2
lccn/sn84022565/1903-03-05,1,3,5,-2
lccn/sn84022565/1903-04-16,2,7,3,4
lccn/sn84022565/1903-08-13,1,3,5,-2
lccn/sn84022565/1903-12-31,2,10,6,4
lccn/sn84022565/1903-11-19,2,17,8,9
lccn/sn84022565/1902-12-04,1,8,11,-3
lccn/sn84022565/1902-09-11,1,0,0,0
lccn/sn84022565/1907-07-11,2,15,9,6
lccn/sn84022565/1907-07-11,2,24,10,14
lccn/sn84022565/1906-06-21,2,11,5,6
lccn/sn99062017/1911-06-29,1,4,5,-1
lccn/sn99062017/1911-05-25,2,5,2,3
lccn/sn99062017/1910-06-16,1,0,0,0
lccn/sn99062018/1914-09-17,1,5,11,-6
lccn/sn90051033/1920-10-29,1,9,9,0
lccn/sn84020071/1856-01-24,2,34,6,28
lccn/sn88065202/1878-02-02,1,1,2,-1
lccn/2010270509/1907-12-12,1,7,9,-2
lccn/2010270509/1901-09-26,2,9,7,2
lccn/2010270509/1910-11-10,1,2,11,-9
lccn/2010270509/1913-02-27,2,8,4,4
lccn/2010270509/1916-04-20,1,0,0,0
lccn/2010270509/1915-06-03,2,6,2,4
lccn/2010270509/1917-03-08,1,6,7,-1
lccn/2010270509/1917-03-01,1,3,4,-1
lccn/2010270509/1917-03-01,1,5,6,-1
lccn/2010270509/1914-05-21,2,2,1,1
lccn/2010270509/1914-07-16,2,10,2,8
lccn/sn96075050/1915-09-23,2,9,8,1
lccn/sn96075050/1914-09-24,2,4,2,2
lccn/sn96075050/1914-11-05,1,9,12,-3
lccn/sn96075050/1915-03-11,2,9,8,1
lccn/sn96075050/1922-01-19,1,7,10,-3
lccn/sn96075050/1922-10-19,2,7,5,2
lccn/sn96075050/1921-10-13,2,8,7,1
lccn/sn96075050/1917-12-27,2,12,4,8
lccn/sn96075050/1918-03-14,2,18,7,11
lccn/sn96075050/1917-03-29,1,5,13,-8
lccn/sn96075050/1924-05-15,2,14,2,12
lccn/sn96075050/1924-06-05,1,7,9,-2
lccn/sn96075050/1914-03-05,2,17,7,10
lccn/sn96075050/1914-06-18,1,4,4,0
lccn/sn96075050/1920-06-03,2,7,1,6
lccn/sn89064489/1930-07-10,1,3,8,-5
lccn/sn89064489/1930-05-15,2,11,9,2
lccn/sn90051167/1894-09-14,1,4,7,-3
lccn/sn85035816/1913-08-05,2,8,3,5
lccn/sn85035816/1913-05-27,1,5,6,-1
lccn/sn85035816/1913-01-14,2,3,1,2
lccn/sn85035720/1924-05-29,2,4,3,1
lccn/sn85035720/1924-09-04,2,3,2,1
lccn/sn91064029/1895-02-06,2,17,5,12
lccn/sn91064029/1910-06-04,2,9,5,4
lccn/sn91064029/1896-09-02,1,5,5,0
lccn/sn97063183/1942-11-24,1,8,8,0
lccn/sn97063183/1944-06-01,1,3,10,-7
lccn/sn97063183/1943-12-31,1,4,4,0
lccn/sn97063183/1945-05-21,1,1,1,0
lccn/sn97063183/1946-03-16,2,7,0,7
lccn/sn97063183/1946-02-16,2,9,2,7
lccn/sn97063183/1946-03-09,2,8,0,8
lccn/sn90051168/1923-04-12,1,4,8,-4
lccn/sn92070146/1912-02-24,2,10,7,3
lccn/sn97063183/1941-01-21,1,0,2,-2
lccn/sn97063183/1940-10-11,1,9,13,-4
lccn/sn97063183/1940-09-02,1,4,14,-10
lccn/sn97063183/1941-06-24,1,4,5,-1
lccn/sn97063183/1941-12-27,1,4,5,-1
lccn/sn85059533/1888-06-09,2,6,5,1
lccn/sn87093407/1923-06-12,1,4,4,0
lccn/sn87093407/1923-12-19,1,6,10,-4
lccn/sn87093407/1923-12-01,1,2,7,-5
lccn/sn86063730/1934-09-09,1,3,4,-1
lccn/sn85049838/1892-03-24,1,11,12,-1
lccn/sn87057928/1903-12-24,2,6,3,3
lccn/sn87057928/1903-12-24,2,4,3,1
lccn/sn87057928/1908-11-05,2,16,5,11
lccn/sn87057928/1907-04-25,1,0,0,0
lccn/sn86090947/1902-04-03,2,22,6,16
lccn/sn86090947/1902-03-24,2,16,7,9
lccn/sn89053706/1903-09-28,1,5,7,-2
lccn/sn86090947/1917-12-04,2,15,6,9
lccn/sn86090947/1912-06-18,1,5,13,-8
lccn/sn86090947/1911-02-14,2,10,3,7
lccn/sn85059533/1882-06-24,1,11,13,-2
lccn/sn86090947/1917-12-18,2,6,3,3
lccn/sn86090947/1918-09-03,1,0,0,0
lccn/sn84020422/1875-09-22,2,6,4,2
lccn/sn84020422/1875-09-29,1,3,5,-2
lccn/sn84020422/1875-10-06,1,7,7,0
lccn/sn84020422/1875-10-20,2,5,4,1
lccn/sn84020422/1875-11-03,2,8,2,6
lccn/sn85035801/1898-12-20,2,41,12,29
lccn/sn85035801/1907-09-17,2,3,2,1
lccn/sn85035801/1907-09-24,2,3,1,2
lccn/sn85035801/1908-09-08,2,10,3,7
lccn/sn85035801/1908-01-07,2,14,13,1
lccn/sn85035801/1906-04-24,1,4,9,-5
lccn/sn85035801/1910-04-26,2,7,3,4
lccn/sn85035801/1910-01-18,1,0,0,0
lccn/sn85035801/1910-02-01,2,5,3,2
lccn/sn85049838/1886-09-09,2,2,0,2
lccn/sn85035801/1911-01-31,2,23,7,16
lccn/sn82014085/1931-01-01,1,2,2,0
lccn/sn82014085/1931-06-25,2,16,5,11
lccn/sn82014085/1931-06-20,2,9,3,6
lccn/sn82014085/1931-09-25,2,2,1,1
lccn/sn82014085/1931-11-12,2,6,5,1
lccn/sn85035524/1887-02-26,2,6,3,3
lccn/sn85035524/1896-03-13,1,2,5,-3
lccn/sn85035524/1900-04-20,1,7,9,-2
lccn/sn85035524/1906-03-02,2,4,3,1
lccn/sn85035524/1906-04-06,1,10,12,-2
lccn/sn85035524/1908-09-11,2,6,3,3
lccn/sn85035524/1909-01-22,1,3,8,-5
lccn/sn85035524/1910-04-29,1,4,7,-3
lccn/sn85035524/1912-05-17,1,2,7,-5
lccn/sn85035524/1913-02-07,2,4,3,1
lccn/sn86090947/1920-01-23,2,9,8,1
lccn/sn89053713/1921-08-25,2,22,11,11
lccn/sn89053713/1920-12-04,1,3,11,-8
lccn/sn89053713/1921-12-03,2,20,5,15
lccn/sn89053713/1922-11-07,2,6,0,6
lccn/sn89053713/1923-02-08,2,11,5,6
lccn/sn89053713/1923-11-20,2,8,1,7
lccn/sn89053713/1923-11-08,2,9,6,3
lccn/sn89053713/1923-02-15,2,11,1,10
lccn/sn89053713/1923-04-19,1,6,6,0
lccn/sn89053713/1923-04-19,2,12,8,4
lccn/sn82014085/1932-04-06,2,4,2,2
lccn/sn82014085/1932-01-09,2,7,4,3
lccn/sn82014085/1931-12-17,2,15,8,7
lccn/sn86090947/1919-06-06,2,17,2,15
lccn/sn85035524/1914-02-06,1,6,8,-2
lccn/sn84020422/1890-10-15,1,3,4,-1
lccn/sn85035524/1923-04-06,2,8,2,6
lccn/sn82014085/1934-01-16,1,5,8,-3
lccn/sn82014085/1934-02-05,1,5,5,0
lccn/sn82014085/1934-12-17,1,2,6,-4
lccn/sn82014085/1934-12-17,2,12,4,8
lccn/sn82014085/1934-12-15,2,5,1,4
lccn/sn82014085/1934-11-19,2,4,1,3
lccn/sn82014085/1933-08-12,1,6,6,0
lccn/sn89064489/1931-06-04,2,6,4,2
lccn/sn89064489/1931-07-09,1,0,4,-4
lccn/sn89064489/1939-03-09,2,12,2,10
lccn/sn83025247/1946-03-08,2,4,2,2
lccn/sn92064044/1902-07-18,2,10,6,4
lccn/sn92064044/1903-09-04,2,10,4,6
lccn/sn86072173/1889-06-08,2,13,8,5
lccn/sn86072173/1890-01-12,2,19,3,16
lccn/sn83016209/1920-05-21,1,1,4,-3
lccn/sn85040614/1923-10-18,1,4,15,-11
lccn/sn85040614/1923-01-11,2,6,5,1
lccn/sn85040614/1920-02-06,2,6,4,2
lccn/sn89051294/1911-01-06,2,11,7,4
lccn/sn89051294/1918-01-11,1,5,5,0
lccn/sn89051294/1917-11-23,2,6,2,4
lccn/sn89051294/1911-11-10,1,9,11,-2
lccn/sn83016209/1929-12-13,1,3,9,-6
lccn/sn83016209/1928-12-28,2,4,1,3
lccn/sn83016209/1930-01-03,2,3,0,3
lccn/sn83016209/1927-12-16,2,7,3,4
lccn/sn83016209/1926-10-29,1,2,4,-2
lccn/sn83016209/1922-11-17,2,3,1,2
lccn/sn83016209/1932-04-29,1,4,4,0
lccn/sn83016209/1930-09-12,1,2,6,-4
lccn/sn84022980/1908-05-14,2,7,3,4
lccn/sn84022980/1918-09-06,1,0,0,0
lccn/sn84022980/1907-12-12,2,12,10,2
lccn/sn82014248/1898-03-12,1,3,5,-2
lccn/sn82014248/1897-09-06,1,2,7,-5
lccn/sn82014248/1895-07-02,1,11,11,0
lccn/sn82014248/1896-06-24,2,7,1,6
lccn/sn82014248/1896-01-16,2,11,8,3
lccn/sn84020071/1876-05-25,2,5,4,1
lccn/sn82014085/1935-01-21,1,4,6,-2
lccn/sn82014085/1935-02-20,1,3,6,-3
lccn/sn82014085/1935-02-07,1,4,5,-1
lccn/sn82014085/1935-10-09,2,15,14,1
lccn/sn82014085/1935-09-21,2,9,5,4
lccn/sn82014085/1935-08-22,2,3,1,2
lccn/sn82014085/1935-04-16,1,5,5,0
lccn/sn82014085/1935-05-30,2,1,0,1
lccn/sn86063730/1935-02-24,2,5,1,4
lccn/sn86063730/1935-02-24,2,5,2,3
lccn/sn99068116/1902-01-09,2,15,4,11
lccn/sn89066097/1885-04-24,2,6,3,3
lccn/sn89066097/1882-07-14,2,8,6,2
lccn/sn85026941/1874-01-08,1,0,0,0
lccn/sn99068116/1894-06-14,1,4,10,-6
lccn/sn85026941/1922-10-06,2,9,7,2
lccn/sn85026941/1923-11-09,1,4,6,-2
lccn/sn85026941/1923-08-03,2,5,3,2
lccn/sn85026941/1923-07-13,2,10,3,7
lccn/sn85026941/1918-04-26,1,0,0,0
lccn/sn86063730/1935-09-29,1,0,0,0
lccn/sn86063730/1935-09-29,2,17,5,12
lccn/sn92070146/1926-03-27,1,3,6,-3
lccn/sn92070146/1926-08-21,2,4,1,3
lccn/sn89066097/1884-03-28,1,4,8,-4
lccn/sn86063730/1936-11-16,1,5,9,-4
lccn/sn86063730/1936-06-03,2,6,3,3
lccn/sn89053729/1913-04-13,1,3,4,-1
lccn/sn89053729/1914-02-13,2,4,1,3
lccn/sn86063730/1935-11-10,2,3,1,2
lccn/sn86063730/1935-11-10,2,9,4,5
lccn/sn86063730/1935-11-10,2,5,0,5
lccn/sn86063730/1935-12-09,2,3,1,2
lccn/sn86063730/1935-12-09,1,6,10,-4
lccn/sn92070146/1940-02-11,2,9,5,4
lccn/sn82014085/1936-12-19,2,5,3,2
lccn/sn82014085/1936-04-25,2,10,2,8
lccn/sn84024707/1873-01-02,2,26,7,19
lccn/sn84024707/1873-07-31,1,0,0,0
lccn/sn84024707/1873-08-14,1,0,0,0
lccn/sn84024707/1873-08-28,1,0,0,0
lccn/sn84024707/1873-07-10,2,11,3,8
lccn/sn84024707/1873-09-04,2,10,2,8
lccn/sn85033123/1874-10-01,1,14,18,-4
lccn/sn85033123/1875-02-11,2,16,9,7
lccn/sn82014085/1941-04-07,2,8,1,7
lccn/sn82014085/1940-07-20,2,10,1,9
lccn/sn82014248/1900-06-30,1,4,5,-1
lccn/sn82014248/1899-11-13,2,9,7,2
lccn/sn82014248/1901-04-20,2,28,4,24
lccn/sn82014248/1901-01-29,1,0,0,0
lccn/sn82014248/1898-06-08,1,5,5,0
lccn/sn82014248/1898-09-03,1,2,9,-7
lccn/sn82014248/1898-09-16,2,6,1,5
lccn/sn82014085/1939-11-01,2,8,3,5
lccn/sn91070630/1895-09-28,2,5,3,2
lccn/sn91070630/1895-10-14,2,10,3,7
lccn/sn91070630/1896-06-19,2,9,7,2
lccn/sn91070630/1896-09-15,1,7,10,-3
lccn/sn91070630/1892-09-17,2,11,6,5
lccn/sn91070630/1891-12-26,2,12,3,9
lccn/sn92070146/1942-03-09,1,4,8,-4
lccn/sn91070630/1897-10-12,2,11,5,6
lccn/sn91070630/1897-02-09,1,5,12,-7
lccn/sn91070630/1897-10-28,2,8,3,5
lccn/sn91070630/1898-08-10,1,3,3,0
lccn/sn91070630/1898-06-02,2,16,10,6
lccn/sn91070630/1897-06-03,1,0,0,0
lccn/sn91070630/1897-06-10,2,8,5,3
lccn/sn91070630/1897-05-04,1,6,6,0
lccn/sn85038485/1916-08-20,2,6,2,4
lccn/sn90052005/1918-05-11,2,26,2,24
lccn/sn85038485/1916-06-05,1,7,14,-7
lccn/sn85038485/1916-06-01,2,56,33,23
lccn/sn85038485/1916-06-02,2,13,3,10
lccn/sn85038485/1916-08-23,2,10,6,4
lccn/sn90052005/1910-09-13,2,11,2,9
lccn/sn90052005/1910-09-22,2,5,4,1
lccn/sn87062224/1948-07-23,2,5,3,2
lccn/sn87062224/1947-06-27,2,10,0,10
lccn/sn90052005/1910-09-23,2,9,5,4
lccn/sn85033255/1888-08-30,1,9,14,-5
lccn/sn85038485/1919-04-29,1,0,0,0
lccn/sn85033255/1886-01-28,2,5,2,3
lccn/sn85033255/1894-09-27,2,9,8,1
lccn/sn85033255/1894-12-13,2,6,3,3
lccn/sn85033255/1894-09-06,2,6,4,2
lccn/sn85033255/1895-11-21,2,3,2,1
lccn/sn85033255/1896-06-04,2,6,1,5
lccn/sn85033255/1895-08-08,2,9,2,7
lccn/sn85033255/1885-01-15,2,8,4,4
lccn/sn85033255/1885-02-05,2,9,4,5
lccn/sn85033255/1878-09-05,2,9,1,8
lccn/sn85038485/1919-06-13,1,8,8,0
lccn/sn85033255/1893-07-06,2,8,2,6
lccn/sn85033255/1890-05-29,1,3,3,0
lccn/sn87062224/1924-06-06,2,10,4,6
lccn/sn87062224/1923-01-05,1,7,7,0
lccn/sn87062224/1922-05-26,1,4,4,0
lccn/sn87062224/1922-04-14,2,18,8,10
lccn/sn87062224/1923-10-19,2,18,6,12
lccn/sn87062224/1926-10-15,2,20,8,12
lccn/sn87062224/1924-06-13,1,9,12,-3
lccn/sn87062224/1924-06-20,2,8,1,7
lccn/sn87062224/1925-09-18,1,11,12,-1
lccn/sn87062224/1925-03-13,1,3,7,-4
lccn/sn87062224/1925-04-17,2,7,2,5
lccn/sn87062224/1926-02-19,2,18,9,9
lccn/sn87062224/1915-05-14,2,6,2,4
lccn/sn87062224/1919-08-08,1,2,4,-2
lccn/sn87062224/1928-08-24,1,4,6,-2
lccn/sn87062224/1929-03-15,2,18,3,15
lccn/sn87062224/1927-09-30,2,3,1,2
lccn/sn87062224/1928-04-13,2,11,6,5
lccn/sn87062224/1928-12-07,2,10,5,5
lccn/sn87062224/1927-10-21,2,10,1,9
lccn/sn87062224/1929-09-20,1,5,8,-3
lccn/sn87062224/1915-08-20,2,12,1,11
lccn/sn87062224/1915-05-07,2,9,4,5
lccn/sn87062224/1930-01-10,2,10,7,3
lccn/sn87062224/1930-02-14,2,10,9,1
lccn/sn87062224/1930-08-29,2,7,2,5
lccn/sn85038485/1920-01-22,2,8,1,7
lccn/sn85038485/1920-04-12,2,15,2,13
lccn/sn85038485/1920-06-05,2,9,5,4
lccn/sn85038485/1920-05-06,2,15,6,9
lccn/sn85040310/1920-11-25,1,2,12,-10
lccn/sn85040310/1921-09-01,2,7,5,2
lccn/sn85040310/1918-06-20,1,1,6,-5
lccn/sn85040310/1923-01-25,1,2,8,-6
lccn/sn90052005/1910-03-23,1,2,5,-3
lccn/sn82014248/1904-06-13,2,9,3,6
lccn/sn82014248/1904-06-15,2,11,0,11
lccn/sn82014248/1905-01-04,2,12,1,11
lccn/sn82014248/1904-11-21,1,0,0,0
lccn/sn82014248/1904-11-15,1,0,0,0
lccn/sn82014248/1905-06-06,2,4,2,2
lccn/sn82014248/1905-05-20,1,4,11,-7
lccn/sn82014248/1905-09-07,1,6,9,-3
lccn/sn82014248/1905-07-28,2,20,7,13
lccn/sn82014248/1905-12-19,1,3,5,-2
lccn/sn82014248/1906-04-14,2,4,3,1
lccn/sn85033221/1870-10-12,2,8,4,4
lccn/sn90052005/1910-11-07,1,8,12,-4
lccn/sn87062224/1947-10-03,2,9,1,8
lccn/sn84024652/1854-02-06,2,6,5,1
lccn/sn84024652/1850-09-09,2,14,3,11
lccn/sn84024653/1873-11-21,2,7,3,4
lccn/sn84024653/1873-11-28,2,7,4,3
lccn/sn84024653/1865-08-11,2,5,3,2
lccn/sn84024653/1865-08-18,1,0,0,0
lccn/sn87062224/1896-03-06,1,0,0,0
lccn/sn82014085/1938-05-23,2,12,11,1
lccn/sn82014085/1938-11-26,1,8,10,-2
lccn/sn82014085/1937-09-13,1,0,0,0
lccn/sn83002748/1899-11-09,1,0,0,0
lccn/sn87062224/1904-03-18,1,0,0,0
lccn/sn87062224/1902-08-29,2,8,5,3
lccn/sn87062224/1944-05-05,2,6,2,4
lccn/sn87062224/1946-02-01,1,2,2,0
lccn/sn87062224/1943-06-25,2,9,2,7
lccn/sn87062224/1932-04-29,2,10,2,8
lccn/sn87062224/1932-05-20,2,15,13,2
lccn/sn87062224/1932-05-20,1,3,7,-4
lccn/sn87062224/1932-05-20,2,6,1,5
lccn/sn87062224/1932-10-21,1,2,8,-6
lccn/sn87062224/1932-11-04,1,11,13,-2
lccn/sn87062224/1931-03-06,1,2,6,-4
lccn/sn87062224/1933-12-22,1,14,17,-3
lccn/sn87062224/1936-06-05,2,2,1,1
lccn/sn87062224/1935-02-22,1,6,11,-5
lccn/sn87062224/1938-04-01,2,8,1,7
lccn/sn87062224/1938-06-03,2,12,5,7
lccn/sn87062224/1938-10-21,1,6,6,0
lccn/sn87062224/1939-02-10,2,8,4,4
lccn/sn87062224/1939-06-02,2,4,2,2
lccn/sn87062224/1942-10-16,1,3,7,-4
lccn/sn87062224/1942-03-13,2,10,0,10
lccn/sn87062224/1942-03-06,2,5,2,3
lccn/sn87062224/1941-11-14,2,6,4,2
lccn/sn87062224/1941-01-24,2,11,8,3
lccn/sn87062224/1941-05-02,2,9,8,1
lccn/sn87062224/1940-08-30,1,5,5,0
lccn/sn87062224/1941-10-10,1,2,4,-2
lccn/sn87062224/1941-09-05,2,5,4,1
lccn/sn87062224/1931-05-08,2,8,4,4
lccn/sn87062224/1943-08-20,2,7,5,2
lccn/sn82014085/1941-09-23,1,0,0,0
lccn/sn82014085/1942-09-18,2,6,3,3
lccn/sn82014085/1944-01-15,2,12,4,8
lccn/sn82014085/1944-05-13,2,12,3,9
lccn/sn82014085/1943-12-30,1,8,10,-2
lccn/sn85038485/1917-12-25,1,0,0,0
lccn/sn85038485/1917-12-26,1,0,0,0
lccn/sn85038485/1917-12-27,1,0,0,0
lccn/sn85038485/1917-12-11,2,8,1,7
lccn/sn85038485/1917-12-10,2,15,1,14
lccn/sn85038485/1917-12-16,2,13,0,13
lccn/sn85038485/1917-12-15,2,7,1,6
lccn/sn85038485/1917-12-19,1,0,0,0
lccn/sn85038485/1917-12-14,2,9,1,8
lccn/sn85038485/1918-06-06,2,14,2,12
lccn/sn85038485/1918-06-08,2,16,0,16
lccn/sn85038485/1917-07-31,2,17,14,3
lccn/sn91070630/1899-12-27,1,5,9,-4
lccn/sn91070630/1901-03-08,1,5,6,-1
lccn/sn91070630/1899-10-11,1,5,6,-1
lccn/sn91070630/1899-10-16,1,0,12,-12
lccn/sn91070630/1899-10-27,1,1,7,-6
lccn/sn85033255/1903-02-05,2,10,7,3
lccn/sn85033255/1899-01-19,2,8,3,5
lccn/sn85033255/1900-05-10,2,13,5,8
lccn/sn85033255/1899-01-05,1,7,16,-9
lccn/sn85033255/1899-01-12,1,0,0,0
lccn/sn85033255/1900-08-23,2,7,2,5
lccn/sn86072160/1923-03-04,2,11,1,10
lccn/sn85038485/1918-11-18,2,8,5,3
lccn/sn85038485/1918-12-05,2,17,11,6
lccn/sn86072160/1921-03-07,1,0,0,0
lccn/sn86072160/1921-03-11,1,0,0,0
lccn/sn86072160/1921-03-08,2,17,0,17
lccn/sn86072160/1921-03-09,2,10,0,10
lccn/sn86072160/1921-09-13,2,6,1,5
lccn/sn86072160/1921-09-14,2,6,3,3
lccn/sn86072160/1921-08-31,2,6,3,3
lccn/sn86072160/1921-09-02,2,5,0,5
lccn/sn86072160/1921-09-01,2,8,3,5
lccn/sn86072160/1921-09-15,2,5,2,3
lccn/sn82014248/1902-10-06,1,3,11,-8
lccn/sn82014248/1902-06-17,1,4,6,-2
lccn/sn82014248/1902-01-04,2,10,5,5
lccn/sn82014248/1902-12-31,2,16,3,13
lccn/sn82014248/1904-03-04,2,9,8,1
lccn/sn82014248/1904-03-02,2,13,6,7
lccn/sn82014248/1902-12-22,1,6,13,-7
lccn/sn82014248/1904-03-19,2,15,6,9
lccn/sn82014085/1945-06-02,2,8,3,5
lccn/sn82014085/1945-06-15,2,10,4,6
lccn/sn82014085/1945-05-26,2,5,4,1
lccn/sn82014085/1945-05-26,2,14,4,10
lccn/sn82014085/1945-04-28,2,15,3,12
lccn/sn88065202/1905-01-05,1,0,0,0
lccn/sn88065202/1925-09-17,2,20,2,18
lccn/sn82014085/1946-05-18,2,6,1,5
lccn/sn82014085/1946-02-23,1,4,12,-8
lccn/sn82014085/1946-04-13,1,3,4,-1
lccn/sn82014085/1946-09-28,2,10,9,1
lccn/sn82014085/1945-11-10,2,7,3,4
lccn/sn82014085/1946-11-30,1,2,3,-1
lccn/sn90052005/1911-06-12,2,10,8,2
lccn/sn90052005/1913-01-10,2,7,2,5
lccn/sn90052005/1913-06-12,1,6,9,-3
lccn/sn90052005/1913-05-16,1,4,6,-2
lccn/sn90052005/1913-01-26,2,7,2,5
lccn/sn90052005/1913-04-26,1,4,8,-4
lccn/sn90052005/1912-06-04,2,5,2,3
lccn/sn83016589/1881-12-16,2,4,0,4
lccn/sn83016589/1881-12-16,2,8,1,7
lccn/sn83016589/1902-08-15,1,9,17,-8
lccn/sn83016589/1902-08-29,1,3,13,-10
lccn/sn83016589/1902-05-30,2,10,5,5
lccn/sn83016589/1887-10-07,2,6,5,1
lccn/sn83016589/1900-10-05,2,4,3,1
lccn/sn90052005/1911-06-21,1,0,0,0
lccn/sn83016209/1886-09-03,2,20,5,15
lccn/sn83016209/1887-07-29,2,6,5,1
lccn/sn87082162/1849-01-20,1,4,4,0
lccn/sn85033133/1858-09-18,2,14,8,6
lccn/sn87056978/1935-02-24,2,6,1,5
lccn/sn90052005/1915-04-25,2,10,4,6
lccn/sn90052005/1915-05-23,2,15,1,14
lccn/sn90052005/1915-03-11,2,9,4,5
lccn/sn90052005/1914-02-03,1,0,0,0
lccn/sn90052005/1915-11-10,2,1,0,1
lccn/sn90052005/1915-08-02,1,5,5,0
lccn/sn90052005/1914-11-28,2,13,6,7
lccn/sn90052005/1914-12-10,1,0,4,-4
lccn/sn85033133/1899-09-21,2,12,1,11
lccn/sn85033133/1900-01-25,2,10,1,9
lccn/sn85033133/1899-11-09,2,10,8,2
lccn/sn85033133/1899-10-19,2,26,9,17
lccn/sn85033133/1900-02-01,1,2,7,-5
lccn/sn90052005/1917-03-06,2,9,1,8
lccn/sn90052005/1916-12-01,2,15,10,5
lccn/sn90052005/1916-03-25,2,9,3,6
lccn/sn83016589/1915-06-04,2,19,8,11
lccn/sn83016589/1915-06-04,2,2,0,2
lccn/sn83016589/1914-12-18,2,11,7,4
lccn/sn83016589/1914-12-11,2,10,6,4
lccn/sn83016589/1914-05-01,1,1,2,-1
lccn/sn83016589/1913-03-07,2,10,1,9
lccn/sn83016589/1913-01-10,2,7,6,1
lccn/sn83016589/1913-03-14,1,3,4,-1
lccn/sn83016589/1914-05-29,2,18,8,10
lccn/sn83016589/1912-12-27,1,3,5,-2
lccn/sn83016589/1911-02-24,2,8,2,6
lccn/sn83016589/1911-06-30,2,10,5,5
lccn/sn83016589/1908-01-17,2,6,2,4
lccn/sn83016589/1910-10-14,2,10,5,5
lccn/sn83016589/1922-03-03,2,14,4,10
lccn/sn83016589/1921-06-10,1,4,10,-6
lccn/sn83016589/1920-10-01,2,16,6,10
lccn/sn83016589/1921-05-06,2,8,7,1
lccn/sn83016589/1921-04-08,1,2,6,-4
lccn/sn83016589/1921-03-18,1,1,5,-4
lccn/sn83016589/1916-08-04,1,0,0,0
lccn/sn83016589/1918-03-22,1,5,11,-6
lccn/sn83016589/1916-06-02,2,2,1,1
lccn/sn83016589/1916-06-16,2,17,3,14
lccn/sn83016589/1918-10-11,2,17,14,3
lccn/sn83016589/1917-03-30,1,4,4,0
lccn/sn83016589/1919-04-11,2,11,5,6
lccn/sn83016589/1904-03-04,2,10,5,5
lccn/sn88071311/1886-02-14,2,16,6,10
lccn/sn85036014/1889-10-06,2,6,5,1
lccn/sn85036014/1889-11-24,1,12,19,-7
lccn/sn85036014/1889-12-01,2,23,6,17
lccn/sn85036014/1890-10-26,1,6,19,-13
lccn/sn85036014/1890-11-02,2,7,4,3
lccn/sn85036014/1890-10-19,2,8,2,6
lccn/sn85036014/1890-10-12,2,13,5,8
lccn/sn84026089/1876-05-03,1,6,11,-5
lccn/sn84026089/1876-05-31,1,3,8,-5
lccn/sn84026089/1908-11-18,2,19,16,3
lccn/sn84026089/1908-12-23,2,10,4,6
lccn/sn84026749/1925-06-06,2,5,1,4
lccn/sn84026749/1926-03-08,1,11,12,-1
lccn/sn84026749/1925-08-10,2,7,6,1
lccn/sn84026749/1927-03-28,1,0,0,0
lccn/sn83030272/1899-03-22,1,0,0,0
lccn/sn85066387/1910-07-10,2,4,1,3
lccn/sn85066387/1910-07-17,2,11,0,11
lccn/sn83045462/1927-04-17,2,11,1,10
lccn/sn85066387/1909-01-17,2,5,2,3
lccn/sn85066387/1910-10-23,2,3,0,3
lccn/sn85066387/1910-10-30,2,8,1,7
lccn/sn83030313/1856-07-08,1,0,0,0
lccn/sn85066387/1911-08-20,2,4,0,4
lccn/sn85066387/1912-02-25,1,0,2,-2
lccn/sn85032573/1874-04-09,1,3,3,0
lccn/sn83030214/1887-01-08,2,9,1,8
lccn/sn83030272/1904-01-07,2,18,4,14
lccn/sn83045433/1908-06-11,1,4,4,0
lccn/sn83045433/1909-08-11,2,11,6,5
lccn/sn83045433/1909-02-07,2,12,3,9
lccn/sn83045433/1908-06-24,1,4,16,-12
lccn/sn83045462/1890-06-24,2,2,0,2
lccn/sn83045462/1916-07-01,2,9,2,7
lccn/sn83045462/1916-03-17,2,15,1,14
lccn/sn83045462/1916-03-18,2,17,1,16
lccn/sn83045462/1916-03-21,2,15,0,15
lccn/sn83045462/1914-12-27,2,7,6,1
lccn/sn83045462/1914-12-29,2,12,3,9
lccn/sn83045462/1916-05-21,2,18,3,15
lccn/sn94052989/1892-12-24,2,3,1,2
lccn/sn83030272/1907-05-26,2,11,6,5
lccn/sn83045462/1911-07-03,2,9,7,2
lccn/sn83045462/1886-04-30,1,0,0,0
lccn/sn83045462/1886-06-03,2,3,1,2
lccn/sn83045462/1875-05-08,1,3,3,0
lccn/sn82014511/1859-04-12,1,0,0,0
lccn/sn85040344/1897-05-15,2,2,0,2
lccn/sn85058130/1902-01-12,2,8,3,5
lccn/sn82014064/1866-11-07,1,7,9,-2
lccn/sn82014064/1866-11-22,2,18,3,15
lccn/sn83045433/1908-04-24,2,3,2,1
lccn/sn83045433/1908-01-23,2,3,2,1
lccn/sn83045433/1908-02-01,1,4,12,-8
lccn/sn83045160/1885-03-27,2,9,6,3
lccn/sn85058130/1905-06-04,1,1,2,-1
lccn/sn82014064/1871-02-24,2,13,4,9
lccn/sn82014064/1871-06-02,2,15,4,11
lccn/sn82014064/1871-08-24,2,8,7,1
lccn/sn83045462/1912-09-30,2,15,1,14
lccn/sn83045462/1912-09-24,2,6,2,4
lccn/sn85066387/1910-03-27,2,7,0,7
lccn/sn85066387/1909-11-28,2,6,0,6
lccn/sn84024735/1860-01-10,1,0,0,0
lccn/sn83045555/1903-02-19,2,3,1,2
lccn/sn85058140/1910-10-16,2,6,1,5
lccn/sn86053572/1872-06-12,2,8,5,3
lccn/sn86053572/1872-06-18,2,7,2,5
lccn/sn86053572/1872-06-19,2,13,7,6
lccn/sn86053573/1873-06-03,2,8,2,6
lccn/sn86053573/1873-06-26,1,1,3,-2
lccn/sn83045462/1916-01-17,2,9,2,7
lccn/sn83045462/1915-03-05,2,4,1,3
lccn/sn83045462/1915-03-04,2,3,2,1
lccn/sn83045462/1915-12-20,1,0,0,0
lccn/sn83045462/1915-09-16,1,0,0,0
lccn/sn83045462/1887-01-25,1,1,1,0
lccn/sn83045462/1887-09-17,2,7,1,6
lccn/sn83045462/1887-09-19,2,8,4,4
lccn/sn83045462/1887-09-26,1,3,6,-3
lccn/sn83045462/1887-10-15,2,21,5,16
lccn/sn83045462/1887-10-29,1,0,1,-1
lccn/sn83045462/1887-12-10,2,11,0,11
lccn/sn83045462/1887-09-10,2,15,10,5
lccn/sn83045462/1889-05-15,1,9,11,-2
lccn/sn83045462/1887-09-28,2,4,1,3
lccn/sn84027691/1870-12-29,2,10,2,8
lccn/sn83045462/1868-12-24,2,7,3,4
lccn/sn82014064/1869-07-25,1,4,9,-5
lccn/sn82014064/1870-08-16,1,4,4,0
lccn/sn84031492/1876-08-06,1,0,0,0
lccn/sn84031492/1876-07-30,2,14,2,12
lccn/sn84031492/1876-08-13,1,0,0,0
lccn/sn85038518/1861-04-11,2,14,8,6
lccn/sn82016419/1879-08-08,1,10,11,-1
lccn/sn85066387/1908-03-30,2,10,2,8
lccn/sn83030214/1879-11-13,1,3,6,-3
lccn/sn83045433/1910-08-19,1,0,4,-4
lccn/sn83045462/1898-10-21,1,8,9,-1
lccn/sn83045462/1898-10-24,2,12,11,1
lccn/sn83045462/1898-10-31,2,3,2,1
lccn/sn83045462/1897-08-28,2,9,3,6
lccn/sn83045462/1897-09-04,2,4,3,1
lccn/sn85058130/1902-07-14,2,12,8,4
lccn/sn85058130/1902-07-16,2,14,5,9
lccn/sn83045433/1907-09-28,2,24,2,22
lccn/sn83045433/1907-10-03,1,0,3,-3
lccn/sn83045433/1907-10-04,2,12,5,7
lccn/sn83045433/1907-10-01,2,13,5,8
lccn/sn83045433/1907-10-09,2,14,4,10
lccn/sn83045433/1907-10-12,1,4,8,-4
lccn/sn85058130/1904-01-30,1,1,6,-5
lccn/sn83045433/1907-09-22,2,9,6,3
lccn/sn85058130/1901-03-14,1,2,7,-5
lccn/sn85058130/1904-02-06,2,3,1,2
lccn/sn83030272/1904-09-18,1,4,5,-1
lccn/sn83030272/1905-05-07,2,9,2,7
lccn/sn83030272/1904-09-11,2,34,21,13
lccn/sn88061082/1877-12-08,2,4,0,4
lccn/sn83045462/1927-05-08,2,12,2,10
lccn/sn83045462/1925-12-04,2,5,4,1
lccn/sn83045462/1925-12-05,2,5,0,5
lccn/sn83045462/1925-12-06,2,11,5,6
lccn/sn84026853/1880-12-15,1,1,3,-2
lccn/sn83045462/1928-03-30,2,9,3,6
lccn/sn84038582/1856-01-26,2,10,2,8
lccn/sn86053573/1875-01-13,1,5,12,-7
lccn/sn84022279/1884-06-12,1,0,0,0
lccn/sn83045462/1912-10-10,2,8,3,5
lccn/sn83045462/1886-10-16,1,2,3,-1
lccn/sn86072143/1868-07-31,1,0,0,0
lccn/sn86072143/1871-07-14,2,5,3,2
lccn/sn86072143/1872-02-23,2,13,7,6
lccn/sn98060050/1889-09-13,2,9,5,4
lccn/sn86072143/1884-04-04,2,10,2,8
lccn/sn83045462/1885-03-11,1,10,14,-4
lccn/sn83045462/1884-03-12,2,1,0,1
lccn/sn85058130/1900-03-27,2,8,3,5
lccn/sn85058130/1900-04-07,2,3,1,2
lccn/sn85058130/1900-05-16,2,8,1,7
lccn/sn83045433/1906-12-09,1,7,11,-4
lccn/sn83045433/1906-12-30,2,6,2,4
lccn/sn85058130/1900-09-20,1,10,11,-1
lccn/sn85058130/1900-10-21,1,5,6,-1
lccn/sn85058130/1901-02-12,1,4,4,0
lccn/sn83045433/1907-02-10,2,3,2,1
lccn/sn83045462/1920-10-17,2,18,1,17
lccn/sn84024441/1901-02-01,2,8,2,6
lccn/sn84024441/1901-07-31,1,4,8,-4
lccn/sn84024441/1901-09-21,2,7,4,3
lccn/sn84020274/1900-02-20,1,1,2,-1
lccn/sn85058130/1902-08-10,2,15,3,12
lccn/sn85058130/1903-01-07,1,5,7,-2
lccn/sn85058130/1907-04-11,1,6,7,-1
lccn/sn85058130/1907-04-19,1,3,4,-1
lccn/sn85058130/1906-12-30,1,4,7,-3
lccn/sn85058130/1906-09-20,2,14,4,10
lccn/sn84023209/1867-04-03,1,1,3,-2
lccn/sn83030214/1906-08-07,1,1,4,-3
lccn/sn83030214/1906-08-14,2,6,0,6
lccn/sn83030214/1906-08-18,2,10,9,1
lccn/sn86053573/1875-07-28,2,6,5,1
lccn/sn86053573/1878-02-13,1,2,8,-6
lccn/sn83045555/1901-03-04,1,5,6,-1
lccn/sn83045555/1900-05-28,2,5,0,5
lccn/sn83045555/1900-01-10,1,5,6,-1
lccn/sn85058130/1909-02-10,1,6,10,-4
lccn/sn85058130/1909-05-27,1,5,5,0
lccn/sn85058130/1909-02-28,2,12,1,11
lccn/sn85058130/1909-03-07,1,6,6,0
lccn/sn85058140/1910-10-11,2,7,0,7
lccn/sn85058140/1910-10-12,2,7,0,7
lccn/sn85058140/1910-10-15,2,8,2,6
lccn/sn85058140/1910-10-02,1,2,5,-3
lccn/sn85058140/1910-10-05,2,7,0,7
lccn/sn85058140/1910-10-06,2,7,0,7
lccn/sn85058140/1910-10-08,2,7,0,7
lccn/sn85058140/1910-10-09,2,9,4,5
lccn/sn85058140/1910-10-10,2,7,0,7
lccn/sn85058140/1910-10-03,1,5,7,-2
lccn/sn85058140/1910-10-04,2,7,0,7
lccn/sn83045462/1897-06-05,1,0,0,0
lccn/sn85058140/1910-10-17,2,7,1,6
lccn/sn85058140/1910-10-25,2,7,0,7
lccn/sn85058140/1910-10-27,2,7,1,6
lccn/sn85058130/1903-10-18,2,4,2,2
lccn/sn85058130/1906-03-25,1,3,3,0
lccn/sn85058130/1905-09-19,2,6,4,2
lccn/sn84024441/1902-02-18,1,7,9,-2
lccn/sn83030214/1866-08-15,1,5,9,-4
lccn/sn83045462/1922-06-04,2,13,1,12
lccn/sn83045462/1921-12-02,2,7,1,6
lccn/sn83045462/1888-11-09,1,8,13,-5
lccn/sn84023200/1878-07-10,1,2,2,0
lccn/sn98060050/1859-11-05,2,7,5,2
lccn/sn83045462/1907-08-21,2,13,2,11
lccn/sn85058130/1905-03-28,2,5,1,4
lccn/sn85058130/1905-04-14,2,9,5,4
lccn/sn85058130/1904-09-03,2,6,2,4
lccn/sn85058130/1904-09-05,1,3,7,-4
lccn/sn85058130/1904-10-05,2,11,9,2
lccn/sn85058130/1904-08-31,1,3,3,0
lccn/sn83030272/1904-08-21,2,13,12,1
lccn/sn83045160/1880-09-21,2,7,3,4
lccn/sn83045160/1880-11-07,2,9,4,5
lccn/sn83030272/1878-12-08,1,3,5,-2
lccn/sn83045462/1923-02-25,2,13,2,11
lccn/sn83045462/1923-02-18,2,8,2,6
lccn/sn83045462/1923-01-14,2,11,1,10
lccn/sn84027691/1879-03-27,2,7,6,1
lccn/sn84031490/1864-04-22,1,0,0,0
lccn/sn84031490/1864-04-24,2,7,4,3
lccn/sn84031490/1863-08-06,2,25,3,22
lccn/sn83045462/1907-08-12,2,8,1,7
lccn/sn83045462/1907-08-18,2,2,1,1
lccn/sn83045462/1907-08-24,2,1,0,1
lccn/sn83045462/1917-05-08,2,26,1,25
lccn/sn83045462/1917-05-11,2,10,1,9
lccn/sn83045462/1917-05-09,2,21,1,20
lccn/sn85066387/1909-09-19,2,12,4,8
lccn/sn85066387/1909-09-26,2,9,2,7
lccn/sn85066387/1909-10-27,2,13,0,13
lccn/sn85066387/1909-10-24,2,7,2,5
lccn/sn83045462/1913-06-09,1,0,0,0
lccn/sn83045462/1913-06-06,2,5,1,4
lccn/sn83045462/1913-06-07,2,10,0,10
lccn/sn83045462/1912-10-11,2,9,2,7
lccn/sn84031490/1862-06-04,2,10,7,3
lccn/sn88053046/1885-07-23,1,5,7,-2
lccn/sn94052989/1891-01-13,2,19,9,10
lccn/sn94052989/1893-03-09,2,9,4,5
lccn/sn83045462/1910-06-30,2,5,2,3
lccn/sn83045462/1910-06-29,2,17,1,16
lccn/sn83045462/1910-06-27,2,16,1,15
lccn/sn83045462/1873-06-11,1,3,5,-2
lccn/sn83045462/1871-08-29,2,4,2,2
lccn/sn83030214/1893-10-10,1,1,7,-6
lccn/sn83045462/1871-06-24,2,3,2,1
lccn/sn83045462/1885-09-26,2,19,4,15
lccn/sn83045462/1886-02-17,1,0,2,-2
lccn/sn86053573/1874-02-10,2,26,11,15
lccn/sn86053573/1874-02-11,2,2,0,2
lccn/sn86053573/1874-03-23,2,8,2,6
lccn/sn86053573/1873-09-15,2,25,14,11
lccn/sn82014301/1846-12-26,2,5,3,2
lccn/sn83045462/1932-08-21,2,9,0,9
lccn/sn83045462/1932-10-22,2,17,3,14
lccn/sn83045462/1932-10-15,2,15,0,15
lccn/sn83045462/1945-01-09,2,21,2,19
lccn/sn83045462/1945-01-11,2,15,3,12
lccn/sn83045462/1945-01-28,2,13,1,12
lccn/sn83045462/1945-01-28,2,8,2,6
lccn/sn83045462/1945-01-25,2,19,1,18
lccn/sn83045462/1945-01-22,2,20,1,19
lccn/sn83045462/1945-01-23,2,19,1,18
lccn/sn83045462/1945-01-24,2,17,0,17
lccn/sn83045462/1945-01-27,2,32,2,30
lccn/sn83045462/1945-01-26,2,19,2,17
lccn/sn83045462/1945-06-28,2,20,0,20
lccn/sn83045462/1945-06-29,2,6,1,5
lccn/sn83045462/1945-02-19,2,24,0,24
lccn/sn83045462/1945-02-15,2,7,0,7
lccn/sn83045462/1945-02-20,2,18,3,15
lccn/sn83045462/1945-02-17,2,16,4,12
lccn/sn83045462/1945-02-14,2,16,2,14
lccn/sn83045462/1945-08-28,2,16,0,16
lccn/sn83045462/1945-04-18,2,12,1,11
lccn/sn83045462/1945-05-17,2,11,2,9
lccn/sn83045462/1945-05-16,2,7,0,7
lccn/sn83045462/1945-03-10,2,16,3,13
lccn/sn83045462/1945-02-16,2,20,3,17
lccn/sn83045462/1945-02-18,2,8,1,7
lccn/sn83045462/1945-04-19,2,11,0,11
lccn/sn83045462/1945-06-05,2,7,2,5
lccn/sn83045462/1945-06-21,2,3,0,3
lccn/sn83045462/1940-09-05,2,10,0,10
lccn/sn83045462/1941-07-09,1,0,0,0
lccn/sn83045462/1943-05-04,1,0,0,0
lccn/sn83045462/1944-06-27,2,23,1,22
lccn/sn83045462/1944-07-12,2,14,2,12
lccn/sn83045462/1940-02-25,2,2,0,2
lccn/sn83045462/1944-11-25,2,9,1,8
lccn/sn83045462/1944-10-21,2,20,3,17
lccn/sn83045462/1944-11-09,2,24,1,23
lccn/sn83045462/1944-11-07,2,19,2,17
lccn/sn83045462/1944-10-23,2,14,1,13
lccn/sn83045462/1944-10-22,2,14,1,13
lccn/sn83045462/1933-09-17,2,7,1,6
lccn/sn83045462/1937-09-22,2,21,0,21
lccn/sn83045462/1937-09-11,2,9,2,7
lccn/sn83045462/1937-11-21,2,10,4,6
lccn/sn83045462/1929-11-24,1,0,0,0
lccn/sn83045462/1933-05-18,2,13,3,10
lccn/sn83045462/1933-05-28,1,2,2,0
lccn/sn83045462/1931-06-07,2,20,1,19
lccn/sn83045462/1931-05-31,2,29,3,26
lccn/sn83016025/1890-02-20,2,20,8,12
lccn/sn83045462/1939-01-15,2,5,4,1
lccn/sn83045462/1939-03-05,2,30,3,27
lccn/sn83045462/1939-03-05,2,11,4,7
lccn/sn83045462/1939-01-22,2,18,3,15
lccn/sn83045462/1939-03-19,2,6,1,5
lccn/sn83045462/1941-08-10,2,5,0,5
lccn/sn83045462/1944-04-29,1,0,0,0
lccn/sn83045462/1944-02-06,2,13,4,9
lccn/sn83045462/1944-02-13,2,23,1,22
lccn/sn83045462/1944-02-20,2,13,5,8
lccn/sn83045462/1944-04-16,1,0,0,0
lccn/sn83045462/1944-04-12,2,16,1,15
lccn/sn83045462/1944-04-15,2,20,3,17
lccn/sn83045462/1944-02-27,2,7,0,7
lccn/sn83045462/1947-06-27,2,11,1,10
lccn/sn83045462/1938-10-15,2,5,0,5
lccn/sn83045462/1947-08-17,2,22,2,20
lccn/sn83045462/1946-09-01,2,8,0,8
lccn/sn83045462/1947-08-20,2,20,1,19
lccn/sn83045462/1947-08-19,2,11,0,11
lccn/sn83045462/1946-09-02,2,11,1,10
lccn/sn83045462/1947-08-25,2,7,2,5
lccn/sn83045462/1946-08-27,2,15,2,13
lccn/sn83045462/1946-08-08,2,13,1,12
lccn/sn83045462/1946-08-10,2,6,4,2
lccn/sn83045462/1946-09-10,2,14,0,14
lccn/sn83045462/1946-04-28,2,13,0,13
lccn/sn83045462/1946-04-29,2,10,2,8
lccn/sn83045462/1946-04-27,2,15,2,13
lccn/sn83045462/1946-04-26,2,8,1,7
lccn/sn83045462/1939-01-01,2,23,7,16
lccn/sn83045462/1946-09-29,2,11,1,10
lccn/sn83045462/1948-08-15,2,9,6,3
lccn/sn83045462/1948-08-15,2,15,1,14
lccn/sn83045462/1946-11-16,2,10,1,9
lccn/sn83045462/1946-12-01,2,12,1,11
lccn/sn83045462/1946-12-03,2,7,0,7
lccn/sn83045462/1946-11-21,1,0,0,0
lccn/sn83045462/1946-10-26,2,14,2,12
lccn/sn83045462/1946-11-10,2,13,3,10
lccn/sn83045462/1947-01-01,2,11,7,4
lccn/sn83045462/1946-12-29,2,19,1,18
lccn/sn83045462/1946-12-28,2,5,1,4
lccn/sn83045462/1938-07-31,1,0,0,0
lccn/sn83045462/1947-08-31,2,9,2,7
lccn/sn83045462/1947-08-31,2,15,1,14
lccn/sn83045462/1947-09-26,2,6,4,2
lccn/sn83045462/1948-04-29,2,21,0,21
lccn/sn83045462/1946-09-28,2,8,0,8
lccn/sn83045462/1946-09-11,2,12,0,12
lccn/sn83045462/1947-08-29,2,24,4,20
lccn/sn83045462/1947-09-01,2,11,2,9
lccn/sn83045462/1948-04-28,2,15,0,15
lccn/sn83045462/1948-04-27,2,15,1,14
lccn/sn83045462/1947-01-19,2,9,2,7
lccn/sn83045462/1947-01-20,2,16,1,15
lccn/sn83045462/1931-04-26,2,16,4,12
lccn/sn83045462/1931-04-05,2,19,3,16
lccn/sn83045462/1931-06-28,2,9,0,9
lccn/sn83045462/1931-07-05,2,16,1,15
lccn/sn83045462/1931-07-19,2,13,1,12
lccn/sn83045462/1931-04-12,2,16,2,14
lccn/sn83045462/1931-05-10,2,15,0,15
lccn/sn83045462/1931-05-24,2,8,1,7
lccn/sn83045462/1933-06-18,2,11,2,9
lccn/sn82015137/1884-02-10,2,6,4,2
lccn/sn78000873/1885-04-02,2,15,9,6
lccn/sn78000873/1887-04-28,2,14,10,4
lccn/sn78000873/1883-10-11,1,3,14,-11
lccn/sn83045462/1942-07-19,2,12,1,11
lccn/sn83045462/1942-08-23,2,7,1,6
lccn/sn83045462/1942-08-23,2,17,2,15
lccn/sn83045462/1942-08-30,2,11,0,11
lccn/sn83045462/1949-10-02,2,11,0,11
lccn/sn83045462/1949-11-20,2,11,0,11
lccn/sn83045462/1949-11-20,2,7,5,2
lccn/sn83045462/1950-08-30,2,13,1,12
lccn/sn83045462/1950-11-26,2,9,1,8
lccn/sn83045462/1950-11-26,1,0,0,0
lccn/sn83045462/1950-10-29,2,9,1,8
lccn/sn83045462/1950-12-17,1,0,0,0
lccn/sn83045462/1950-12-17,2,10,2,8
lccn/sn83045462/1950-12-31,2,7,1,6
lccn/sn83045462/1950-12-03,2,13,5,8
lccn/sn83045462/1950-12-03,2,18,2,16
lccn/sn83045462/1950-12-10,2,5,4,1
lccn/sn83045462/1950-12-10,1,0,0,0
lccn/sn83045462/1948-12-11,2,13,3,10
lccn/sn83045462/1949-01-10,2,18,2,16
lccn/sn83045462/1948-12-09,2,14,1,13
lccn/sn83045462/1948-12-07,2,4,2,2
lccn/sn83045462/1948-12-06,2,10,2,8
lccn/sn83045462/1948-12-08,2,9,0,9
lccn/sn83045462/1948-12-10,1,0,0,0
lccn/sn83045462/1949-02-01,2,13,2,11
lccn/sn83045462/1948-11-22,2,18,0,18
lccn/sn83045462/1949-01-02,2,14,0,14
lccn/sn83045462/1948-11-21,2,10,4,6
lccn/sn83045462/1949-01-28,2,11,0,11
lccn/sn83045462/1937-04-18,2,14,4,10
lccn/sn83045462/1939-09-03,2,11,0,11
lccn/sn83045462/1938-05-17,2,14,0,14
lccn/sn83045462/1942-05-29,2,3,1,2
lccn/sn83045462/1949-10-09,2,12,2,10
lccn/sn83045462/1949-09-18,2,8,2,6
lccn/sn83045462/1949-09-18,2,17,1,16
lccn/sn83045462/1950-07-09,2,6,0,6
lccn/sn83045462/1950-10-04,2,10,0,10
lccn/sn83045462/1950-10-03,2,10,1,9
lccn/sn83045462/1950-10-02,2,13,0,13
lccn/sn83045462/1949-12-18,1,0,0,0
lccn/sn83045462/1949-12-04,2,20,2,18
lccn/sn83045462/1948-08-31,2,15,3,12
lccn/sn83045462/1948-10-05,2,14,0,14
lccn/sn83045462/1948-10-29,2,13,1,12
lccn/sn83045462/1948-10-28,2,20,2,18
lccn/sn83045462/1948-10-27,2,17,3,14
lccn/sn83045462/1948-10-26,2,8,0,8
lccn/sn83045462/1949-11-27,2,17,1,16
lccn/sn83045462/1948-10-24,2,17,0,17
lccn/sn83045462/1948-10-25,2,17,4,13
lccn/sn83045462/1949-05-01,2,17,5,12
lccn/sn83045462/1949-05-02,1,2,4,-2
lccn/sn83045462/1949-04-21,2,13,1,12
lccn/sn83045462/1949-02-26,2,19,1,18
lccn/sn83045462/1949-07-10,2,8,5,3
lccn/sn83045462/1947-10-29,2,4,0,4
lccn/sn83045462/1947-12-02,2,18,0,18
lccn/sn83045462/1947-11-30,2,11,0,11
lccn/sn83045462/1948-01-04,2,8,2,6
lccn/sn83045462/1948-01-04,2,11,0,11
lccn/sn83045462/1947-02-02,2,10,2,8
lccn/sn83045462/1950-05-26,2,17,2,15
lccn/sn83045462/1948-01-28,2,6,0,6
lccn/sn83045462/1950-04-29,2,10,2,8
lccn/sn83045462/1950-05-07,2,19,1,18
lccn/sn83045462/1946-04-30,2,20,1,19
lccn/sn83045462/1947-05-13,2,11,1,10
lccn/sn83045462/1949-12-11,1,0,0,0
lccn/sn83045462/1945-11-16,2,13,3,10
lccn/sn83045462/1945-11-17,2,22,1,21
lccn/sn83045462/1941-02-08,2,8,2,6
lccn/sn83045462/1941-02-09,2,4,1,3
lccn/sn83045462/1945-09-02,2,12,5,7
lccn/sn83045462/1945-09-15,2,9,1,8
lccn/sn83045462/1945-09-28,2,7,0,7
lccn/sn83045462/1945-09-04,2,17,1,16
lccn/sn83045462/1945-10-25,2,11,2,9
lccn/sn83045462/1945-10-26,2,13,2,11
lccn/sn83045462/1945-10-27,2,17,3,14
lccn/sn83045462/1946-03-24,2,22,1,21
lccn/sn83045462/1945-09-14,2,14,1,13
lccn/sn83045462/1941-03-16,2,12,4,8
lccn/sn83045462/1946-02-10,2,10,1,9
lccn/sn83045462/1946-03-19,2,17,3,14
lccn/sn83045462/1946-03-21,2,15,4,11
lccn/sn83045462/1946-03-20,2,18,1,17
lccn/sn84022374/1878-02-21,2,5,4,1
lccn/sn83030362/1850-09-01,1,0,0,0
lccn/sn84036012/1894-01-07,2,12,4,8
lccn/sn91068402/1894-08-23,2,12,7,5
lccn/sn91068402/1892-08-11,2,15,2,13
lccn/sn91068402/1889-07-04,2,15,3,12
lccn/sn91068402/1889-07-18,2,12,5,7
lccn/sn91068402/1889-07-25,2,8,1,7
lccn/sn91068402/1889-08-01,2,12,1,11
lccn/sn91068402/1889-09-12,2,8,4,4
lccn/sn91068402/1890-08-14,2,10,2,8
lccn/sn91068402/1890-09-04,2,19,5,14
lccn/sn91068402/1890-09-18,2,16,4,12
lccn/sn91068402/1887-10-06,2,21,12,9
lccn/sn91068402/1888-06-07,1,3,3,0
lccn/sn91068402/1888-07-12,2,19,6,13
lccn/sn91068245/1899-09-28,1,0,0,0
lccn/sn91068402/1902-10-02,1,3,8,-5
lccn/sn91068402/1898-08-11,2,16,4,12
lccn/sn91068402/1888-07-19,2,15,10,5
lccn/sn91068402/1888-08-09,2,11,5,6
lccn/sn91068402/1888-08-30,2,21,3,18
lccn/sn85033699/1875-08-31,2,9,2,7
lccn/sn85033699/1874-09-13,2,11,4,7
lccn/sn91068367/1897-12-03,1,4,16,-12
lccn/sn83045706/1860-10-31,2,11,10,1
lccn/sn87070095/1870-08-03,2,8,7,1
lccn/sn87070095/1870-08-10,1,3,3,0
lccn/sn83045706/1859-06-22,2,10,3,7
lccn/sn83045706/1859-04-20,2,23,9,14
lccn/sn85042146/1867-10-31,1,0,0,0
lccn/sn85042148/1867-11-06,1,0,0,0
lccn/sn83045706/1859-07-27,2,11,5,6
lccn/sn83045706/1859-09-21,2,7,3,4
lccn/sn83045706/1859-10-05,2,17,1,16
lccn/sn83045706/1859-10-12,2,17,3,14
lccn/sn83045706/1859-10-26,2,5,3,2
lccn/sn84038125/1883-06-15,2,6,5,1
lccn/sn87093407/1921-07-05,1,0,0,0
lccn/sn84036034/1887-10-15,1,5,8,-3
lccn/sn84036034/1889-04-27,1,3,4,-1
lccn/sn84036034/1888-07-21,1,0,0,0
lccn/sn85033437/1882-05-17,2,22,5,17
lccn/sn85033964/1887-01-13,2,8,5,3
lccn/sn83045450/1861-12-04,1,0,0,0
lccn/sn83045706/1859-09-07,2,21,3,18
lccn/sn83045706/1859-10-19,2,5,4,1
lccn/sn85033964/1889-05-02,2,12,7,5
lccn/sn85033964/1889-06-06,1,8,11,-3
lccn/sn85033964/1889-08-08,1,9,14,-5
lccn/sn82015483/1882-09-29,2,9,3,6
lccn/sn94053256/1894-03-07,2,17,11,6
lccn/sn99021999/1891-02-26,1,8,10,-2
lccn/sn99021999/1892-07-02,2,12,3,9
lccn/sn99021999/1893-07-15,2,8,4,4
lccn/sn99021999/1891-04-11,1,20,23,-3
lccn/sn99021999/1891-05-03,1,4,16,-12
lccn/sn99021999/1890-04-20,1,10,15,-5
lccn/sn99021999/1898-10-17,1,10,13,-3
lccn/sn99021999/1892-08-23,1,8,9,-1
lccn/sn94053256/1895-08-13,1,8,9,-1
lccn/sn94053256/1895-02-27,2,7,3,4
lccn/sn99021999/1890-09-22,2,8,4,4
lccn/sn82014681/1884-07-12,2,21,13,8
lccn/sn85066387/1897-02-12,2,7,2,5
lccn/sn83045389/1915-09-09,2,5,2,3
lccn/sn83045389/1915-09-12,2,5,1,4
lccn/sn86091060/1892-03-05,1,8,9,-1
lccn/sn83030214/1918-06-15,2,9,3,6
lccn/sn83030214/1918-06-23,2,2,0,2
lccn/sn83045389/1920-10-04,2,8,0,8
lccn/sn83045389/1920-10-09,2,17,4,13
lccn/sn83045389/1920-10-20,1,0,0,0
lccn/sn83045389/1920-01-05,2,1,0,1
lccn/sn87090488/1877-08-17,2,3,0,3
lccn/sn83045389/1920-04-05,2,1,0,1
lccn/sn84026749/1905-06-30,1,1,1,0
lccn/sn83045389/1916-01-13,2,13,2,11
lccn/sn84022835/1884-11-28,1,5,7,-2
lccn/sn85042462/1909-06-13,2,29,5,24
lccn/sn86058242/1922-01-28,2,8,3,5
lccn/sn85042462/1908-12-11,2,8,3,5
lccn/sn83030313/1875-09-02,2,8,4,4
lccn/sn84031081/1915-05-02,2,17,9,8
lccn/sn84031081/1915-05-23,2,10,6,4
lccn/sn84031081/1916-12-24,2,4,1,3
lccn/sn83030272/1913-10-10,1,8,16,-8
lccn/sn83045462/1924-12-27,2,18,1,17
lccn/sn83030272/1912-09-04,2,9,1,8
lccn/sn83030272/1912-09-04,2,8,7,1
lccn/sn83030272/1912-08-31,2,33,8,25
lccn/sn83030272/1912-12-28,1,8,10,-2
lccn/sn83045462/1925-05-24,2,15,0,15
lccn/sn85038292/1885-09-12,2,7,2,5
lccn/sn85038292/1885-09-05,2,6,2,4
lccn/sn83045462/1925-03-01,2,3,1,2
lccn/sn85038615/1904-03-16,2,2,0,2
lccn/sn85038615/1904-06-16,2,11,2,9
lccn/sn83045462/1927-01-16,2,8,3,5
lccn/sn83045462/1927-02-06,2,18,1,17
lccn/sn85038615/1903-11-20,2,4,2,2
lccn/sn83045462/1927-02-13,2,22,1,21
lccn/sn82014381/1885-07-14,2,5,0,5
lccn/sn82014381/1880-05-29,2,11,10,1
lccn/sn82014381/1881-09-23,1,4,4,0
lccn/sn82014381/1885-07-29,1,3,3,0
lccn/sn85042462/1909-12-02,2,6,3,3
lccn/sn85042462/1909-11-25,2,6,2,4
lccn/sn85042462/1909-12-01,1,7,9,-2
lccn/sn85042462/1909-11-28,2,9,1,8
lccn/sn85042462/1909-11-02,2,6,1,5
lccn/sn82014635/1891-09-12,2,11,5,6
lccn/sn82014635/1891-11-28,2,19,1,18
lccn/sn85042462/1909-11-22,1,6,11,-5
lccn/sn85042462/1909-11-23,1,2,4,-2
lccn/sn85042462/1909-11-21,2,13,6,7
lccn/sn85042462/1909-12-03,2,3,0,3
lccn/sn85042462/1909-11-14,2,8,4,4
lccn/sn85042462/1909-10-19,1,3,14,-11
lccn/sn85042462/1909-11-07,2,9,5,4
lccn/sn85042462/1909-10-31,2,5,3,2
lccn/sn85042462/1909-11-17,1,4,5,-1
lccn/sn82014381/1884-07-03,2,6,3,3
lccn/sn00065127/1907-08-16,1,4,8,-4
lccn/sn82015104/1898-10-07,2,8,2,6
lccn/sn82015104/1898-10-14,2,8,1,7
lccn/sn82015104/1898-10-15,2,5,3,2
lccn/sn82015104/1898-10-10,2,16,2,14
lccn/sn82015104/1898-10-19,2,3,0,3
lccn/sn83025440/1883-11-22,2,5,3,2
lccn/sn82014381/1880-02-28,2,22,2,20
lccn/sn82014381/1880-03-02,2,22,2,20
lccn/sn85042462/1910-05-22,2,3,1,2
lccn/sn85025715/1896-06-20,2,3,1,2
lccn/sn86069161/1896-05-20,1,1,7,-6
lccn/sn84024670/1872-06-20,2,5,1,4
lccn/sn88064250/1894-03-31,2,12,2,10
lccn/sn85025715/1895-08-03,2,7,3,4
lccn/sn84024670/1871-09-05,1,0,0,0
lccn/sn82015387/1895-08-31,2,9,2,7
lccn/sn84024670/1873-07-14,2,10,6,4
lccn/sn83016348/1856-07-19,1,0,0,0
lccn/sn83016348/1887-03-19,1,0,0,0
lccn/sn94060041/1886-11-27,2,9,1,8
lccn/sn84024670/1871-09-13,1,0,0,0
lccn/sn84024670/1871-09-08,1,0,0,0
lccn/sn84024670/1871-09-09,2,14,1,13
lccn/sn84024670/1871-09-22,2,9,0,9
lccn/sn84024670/1871-09-20,1,0,0,0
lccn/sn83016348/1878-03-23,2,16,13,3
lccn/sn83016348/1874-09-12,1,7,8,-1
lccn/sn83030272/1914-01-24,2,9,3,6
lccn/sn84024670/1873-07-12,2,1,0,1
lccn/sn84024670/1871-09-21,2,11,5,6
lccn/sn84024670/1871-09-23,1,0,0,0
lccn/sn82016187/1911-04-27,2,18,12,6
lccn/sn83030272/1914-03-01,1,6,7,-1
lccn/sn83030272/1914-04-30,1,0,5,-5
lccn/sn83030272/1914-10-01,2,14,7,7
lccn/sn92070582/1916-08-31,2,10,8,2
lccn/sn89060060/1884-01-25,2,12,8,4
lccn/sn84037890/1890-12-17,2,33,14,19
lccn/sn83045462/1923-12-09,1,1,2,-1
lccn/sn83045462/1923-12-16,1,1,6,-5
lccn/sn83045462/1923-12-18,2,8,3,5
lccn/sn83045462/1923-12-23,2,10,5,5
lccn/sn83045462/1924-03-30,2,11,6,5
lccn/sn84037890/1884-01-23,1,9,10,-1
lccn/sn83045462/1923-12-12,2,10,2,8
lccn/sn83045462/1923-10-21,1,5,7,-2
lccn/sn89060060/1887-08-12,2,15,8,7
lccn/sn83016348/1876-02-12,1,0,0,0
lccn/sn83016348/1884-12-06,1,0,0,0
lccn/sn86079068/1888-02-18,1,0,0,0
lccn/sn84029838/1890-06-13,2,9,4,5
lccn/sn84029838/1888-08-30,2,8,2,6
lccn/sn85066387/1905-05-27,2,5,2,3
lccn/sn84029838/1891-06-19,1,2,14,-12
lccn/sn85066387/1905-05-21,2,4,2,2
lccn/sn82014381/1883-09-25,2,11,1,10
lccn/sn82014381/1883-10-03,1,6,13,-7
lccn/sn82014381/1883-11-26,2,7,1,6
lccn/sn82014381/1884-02-26,2,9,4,5
lccn/sn82014381/1884-03-25,1,1,12,-11
lccn/sn82014381/1880-03-06,1,0,0,0
lccn/sn82014381/1885-07-13,2,5,2,3
lccn/sn82014381/1885-07-17,2,15,14,1
lccn/sn82014381/1885-07-16,2,13,2,11
lccn/2004260421/1903-11-27,2,5,0,5
lccn/2004260421/1909-12-10,2,5,2,3
lccn/sn84022644/1896-01-10,2,9,6,3
lccn/sn84022644/1896-07-31,2,8,2,6
lccn/sn84022644/1896-09-18,2,14,5,9
lccn/sn84022644/1896-12-18,1,3,8,-5
lccn/sn84022644/1896-12-25,1,4,4,0
lccn/sn84022644/1897-06-11,2,6,4,2
lccn/sn84022644/1899-04-21,2,10,5,5
lccn/sn84022644/1887-10-14,2,6,3,3
lccn/sn84022644/1896-08-28,2,10,9,1
lccn/sn84022644/1896-12-25,2,15,6,9
lccn/sn84022644/1897-02-12,2,11,5,6
lccn/sn84022644/1897-06-04,2,13,8,5
lccn/2013271051/1894-12-29,1,5,5,0
lccn/sn84022644/1895-08-30,1,4,5,-1
lccn/sn85038615/1914-01-30,2,12,5,7
lccn/sn85038615/1913-09-02,1,1,3,-2
lccn/sn84022644/1891-07-10,1,4,5,-1
lccn/sn84026844/1883-03-31,1,9,10,-1
lccn/sn84026844/1883-12-21,1,2,2,0
lccn/sn84026844/1889-01-10,2,32,20,12
lccn/sn84026844/1889-01-23,1,1,2,-1
lccn/sn84026844/1889-09-20,2,6,3,3
lccn/sn84026844/1878-11-26,2,9,3,6
lccn/sn84026844/1878-06-21,1,2,6,-4
lccn/sn84026844/1889-11-25,2,14,9,5
lccn/sn98060188/1920-02-25,2,9,3,6
lccn/sn84028745/1860-09-20,2,7,3,4
lccn/sn84026844/1870-09-03,2,17,1,16
lccn/sn84026844/1870-09-10,2,4,3,1
lccn/sn84026844/1869-06-17,2,14,7,7
lccn/sn86071719/1900-07-11,2,4,1,3
lccn/sn84026844/1875-10-26,1,4,9,-5
lccn/sn84026844/1874-01-06,1,0,0,0
lccn/sn84028821/1874-08-13,2,1,0,1
lccn/sn86071719/1901-05-01,1,2,5,-3
lccn/sn92070422/1901-04-06,2,10,2,8
lccn/sn92070422/1901-01-26,1,6,6,0
lccn/sn92070422/1901-06-22,2,9,3,6
lccn/sn83026389/1879-12-27,1,5,5,0
lccn/sn84026749/1920-05-01,1,2,2,0
lccn/sn92070464/1904-04-23,2,7,5,2
lccn/sn83026413/1878-06-28,1,9,10,-1
lccn/sn86091095/1886-06-12,1,4,5,-1
lccn/sn92070464/1905-05-27,1,4,18,-14
lccn/sn83045462/1902-03-20,1,0,0,0
lccn/sn84020109/1877-11-29,2,14,0,14
lccn/sn84020109/1878-02-07,2,2,0,2
lccn/sn84020109/1878-11-21,1,1,4,-3
lccn/sn84020594/1872-07-05,2,7,2,5
lccn/sn84020594/1875-01-12,1,2,8,-6
lccn/sn82014086/1911-11-10,2,16,3,13
lccn/sn82014086/1912-03-14,1,12,13,-1
lccn/sn82014086/1911-07-06,1,0,0,0
lccn/sn82014086/1912-01-11,1,4,7,-3
lccn/sn82014086/1912-01-27,2,13,0,13
lccn/sn82014086/1912-05-18,2,4,2,2
lccn/sn82014086/1912-06-22,2,11,2,9
lccn/sn82014086/1912-03-16,1,3,7,-4
lccn/sn82014086/1910-02-26,1,3,3,0
lccn/sn82014086/1910-02-19,1,3,12,-9
lccn/sn88053022/1888-06-23,1,12,12,0
lccn/sn82015080/1889-06-12,2,11,6,5
lccn/sn84020594/1875-09-03,2,1,0,1
lccn/sn84020594/1875-09-06,2,7,5,2
lccn/sn82014086/1910-06-25,2,4,1,3
lccn/sn82014086/1911-05-15,2,11,6,5
lccn/sn82014086/1912-04-02,2,11,2,9
lccn/sn82014086/1912-01-13,1,3,8,-5
lccn/sn85066387/1909-02-13,2,14,6,8
lccn/sn99021999/1889-05-18,1,9,20,-11
lccn/sn85029677/1886-09-18,1,0,0,0
lccn/sn85029677/1893-01-26,1,2,5,-3
lccn/sn85066387/1910-08-31,2,14,3,11
lccn/sn99021999/1886-07-26,2,13,6,7
lccn/sn99021999/1887-03-13,2,9,7,2
lccn/sn99021999/1888-01-22,2,16,5,11
lccn/sn99021999/1887-05-29,2,12,6,6
lccn/sn99021999/1887-02-13,1,1,1,0
lccn/sn99021999/1889-05-26,2,10,2,8
lccn/sn85066387/1910-08-04,1,4,6,-2
lccn/sn99021999/1887-06-11,2,6,3,3
lccn/sn84026749/1910-04-13,1,3,3,0
lccn/sn85066387/1911-08-15,1,2,2,0
lccn/sn83030214/1897-07-09,1,5,5,0
lccn/sn83030214/1897-05-16,2,15,6,9
lccn/sn83030214/1897-05-02,2,15,0,15
lccn/sn87055779/1920-08-03,1,4,5,-1
lccn/sn87055779/1920-04-02,2,12,3,9
lccn/sn85066387/1911-08-07,2,10,7,3
lccn/sn84026749/1910-10-07,1,0,4,-4
lccn/sn84026749/1910-10-09,1,4,14,-10
lccn/sn85032573/1882-04-06,2,23,4,19
lccn/sn85032573/1882-12-14,1,2,7,-5
lccn/sn85032575/1883-06-14,2,7,2,5
lccn/sn83045789/1886-01-03,2,10,8,2
lccn/sn98066392/1891-12-30,1,2,5,-3
lccn/sn85066387/1913-05-27,2,7,5,2
lccn/sn83045789/1885-04-19,1,9,12,-3
lccn/sn85066387/1899-02-24,1,1,6,-5
lccn/sn85066387/1899-04-14,2,14,5,9
lccn/sn83040340/1892-09-16,1,5,6,-1
lccn/sn83040340/1892-03-25,1,1,3,-2
lccn/sn90059523/1899-10-21,1,8,18,-10
lccn/sn90059523/1901-10-13,2,6,5,1
lccn/sn90059523/1901-11-06,1,6,18,-12
lccn/sn86063381/1920-12-22,1,6,6,0
lccn/sn86058250/1860-03-29,2,13,4,9
lccn/sn84026749/1904-04-16,2,14,6,8
lccn/sn90059523/1900-05-26,2,7,3,4
lccn/sn84026749/1907-09-29,2,16,8,8
lccn/sn90059522/1894-06-24,2,15,1,14
lccn/sn90059522/1892-12-27,1,6,7,-1
lccn/sn90059522/1892-09-15,2,17,4,13
lccn/sn90059523/1900-02-03,1,6,8,-2
lccn/sn90059523/1900-08-31,1,0,0,0
lccn/sn82015679/1888-04-06,2,16,7,9
lccn/sn82015679/1888-04-07,1,7,7,0
lccn/sn83045462/1889-03-02,2,3,2,1
lccn/sn85038614/1901-07-16,1,0,0,0
lccn/sn85038614/1901-07-17,2,14,6,8
lccn/sn85038614/1900-09-25,1,0,0,0
lccn/sn99061556/1907-04-16,2,22,7,15
lccn/sn84024670/1872-07-27,2,9,4,5
lccn/sn91090200/1887-11-10,2,17,4,13
lccn/sn97071110/1901-09-20,2,15,6,9
lccn/sn92072978/1892-07-16,2,15,6,9
lccn/sn92072978/1892-07-17,1,4,5,-1
lccn/sn92072978/1892-08-31,2,8,3,5
lccn/sn91090200/1885-10-16,2,11,5,6
lccn/sn91090200/1887-01-06,1,0,0,0
lccn/sn82014381/1889-03-25,1,2,5,-3
lccn/sn82014381/1888-09-29,2,25,2,23
lccn/sn82014381/1888-12-22,2,9,5,4
lccn/sn82014381/1889-01-01,1,1,7,-6
lccn/sn82014381/1889-01-03,1,6,8,-2
lccn/sn82014381/1888-12-03,1,0,0,0
lccn/sn82014635/1894-10-18,1,1,19,-18
lccn/sn82014381/1888-01-20,2,4,3,1
lccn/sn82014381/1888-05-12,2,15,3,12
lccn/sn82014381/1888-07-03,2,10,7,3
lccn/sn82014381/1888-01-02,2,11,2,9
lccn/sn82014381/1889-07-24,1,1,2,-1
lccn/sn82014381/1889-07-26,1,9,14,-5
lccn/sn82014381/1887-11-10,2,16,3,13
lccn/sn82014381/1887-11-11,2,11,7,4
lccn/sn82014381/1887-07-28,2,13,6,7
lccn/sn82014381/1887-08-27,2,14,3,11
lccn/sn82014381/1887-12-27,2,13,5,8
lccn/sn82014381/1886-12-09,2,3,1,2
lccn/sn82014381/1886-05-03,2,9,5,4
lccn/sn82014381/1886-02-08,2,10,9,1
lccn/sn82014381/1887-01-13,1,6,15,-9
lccn/sn82014381/1887-01-18,2,12,0,12
lccn/sn82014381/1887-01-17,2,10,0,10
lccn/sn82014381/1887-01-20,2,8,0,8
lccn/sn82014381/1887-01-26,1,4,7,-3
lccn/sn82014381/1887-01-15,2,24,6,18
lccn/sn82014381/1887-01-24,1,0,9,-9
lccn/sn82014381/1890-06-21,2,10,6,4
lccn/sn82014635/1895-04-06,2,12,9,3
lccn/sn82014381/1886-12-31,2,5,1,4
lccn/sn84020558/1921-12-06,2,9,3,6
lccn/sn84020558/1921-12-07,2,11,1,10
lccn/sn84020558/1921-12-09,2,9,5,4
lccn/sn84020558/1921-12-10,2,7,0,7
lccn/sn84020558/1921-12-15,2,12,0,12
lccn/sn84020558/1921-12-24,2,8,3,5
lccn/sn84020558/1921-12-26,2,14,2,12
lccn/sn84020558/1921-12-27,2,15,0,15
lccn/sn84020558/1921-12-28,2,15,1,14
lccn/sn84020558/1921-12-30,2,8,1,7
lccn/sn84020558/1921-12-11,1,12,13,-1
lccn/sn84020558/1921-12-12,2,11,1,10
lccn/sn84020558/1921-12-13,1,10,11,-1
lccn/sn84020558/1921-12-14,2,8,6,2
lccn/sn84020558/1921-12-23,2,11,1,10
lccn/sn84020558/1921-07-02,2,13,2,11
lccn/sn84020558/1921-06-12,2,12,1,11
lccn/sn84020558/1921-05-26,1,5,11,-6
lccn/sn84020558/1921-06-19,2,16,2,14
lccn/sn84020558/1921-06-25,2,15,3,12
lccn/sn84020558/1921-06-18,2,8,3,5
lccn/sn84020558/1921-11-20,2,13,3,10
lccn/sn99021999/1897-12-02,2,10,8,2
lccn/sn85026421/1883-06-21,2,18,2,16
lccn/sn85033637/1863-06-23,2,12,5,7
lccn/sn84020558/1921-12-08,2,6,2,4
lccn/sn85033637/1865-01-17,2,20,5,15
lccn/sn85026421/1875-07-22,2,18,6,12
lccn/sn85026421/1873-06-26,1,0,0,0
lccn/sn85038411/1914-11-25,1,0,0,0
lccn/sn83045433/1909-04-04,2,11,10,1
lccn/sn83045433/1913-08-17,2,16,7,9
lccn/sn83045433/1913-04-27,2,9,0,9
lccn/sn84026749/1919-06-26,2,4,0,4
lccn/sn86071045/1887-12-30,2,8,2,6
lccn/sn86071045/1881-06-01,1,3,3,0
lccn/sn83045366/1906-12-30,2,9,3,6
lccn/sn83025287/1878-01-22,2,35,19,16
lccn/sn83045462/1904-05-04,2,21,5,16
lccn/sn83045462/1904-06-25,1,4,9,-5
lccn/sn83045462/1904-05-06,2,24,3,21
lccn/sn83045462/1894-06-13,2,8,4,4
lccn/sn84020274/1903-03-19,2,12,2,10
lccn/sn83045462/1889-10-31,1,4,5,-1
lccn/sn83045366/1906-08-28,2,14,9,5
lccn/sn87096037/1884-03-21,2,6,1,5
lccn/sn83045462/1894-09-14,2,1,0,1
lccn/sn83045462/1894-06-22,2,4,1,3
lccn/sn84020274/1900-07-05,2,11,1,10
lccn/sn90059522/1888-12-03,1,8,10,-2
lccn/sn84020274/1905-11-03,1,0,0,0
lccn/sn87096040/1907-02-14,1,5,10,-5
lccn/sn85049554/1900-09-06,1,6,7,-1
lccn/sn85049554/1901-11-08,1,5,18,-13
lccn/sn85049554/1900-12-13,2,10,2,8
lccn/sn85049554/1901-01-10,1,8,8,0
lccn/sn84031492/1874-03-11,2,7,6,1
lccn/sn85049554/1902-05-15,2,12,9,3
lccn/sn88053055/1900-02-24,1,2,2,0
lccn/sn88053055/1899-04-07,1,6,6,0
lccn/sn82016014/1910-05-30,2,13,2,11
lccn/sn83025121/1918-07-05,1,0,2,-2
lccn/sn82016014/1911-02-15,2,10,8,2
lccn/sn85042460/1887-09-01,2,13,5,8
lccn/sn85042460/1887-09-02,2,4,2,2
lccn/sn99021999/1908-01-31,2,9,0,9
lccn/sn99021999/1907-11-25,2,6,2,4
lccn/sn99021999/1907-05-23,1,5,5,0
lccn/sn84031492/1874-05-03,1,10,11,-1
lccn/sn83025121/1914-07-24,2,3,2,1
lccn/sn83045462/1916-06-11,1,1,7,-6
lccn/sn83045462/1916-04-02,2,2,1,1
lccn/sn83045462/1916-05-03,1,2,4,-2
lccn/sn83045462/1916-05-07,2,10,2,8
lccn/sn83045462/1916-09-28,2,9,3,6
lccn/sn82015483/1894-04-20,2,10,2,8
lccn/sn82015483/1889-10-28,2,4,3,1
lccn/sn94052989/1895-03-02,1,4,6,-2
lccn/sn82015483/1889-07-04,1,8,10,-2
lccn/sn84038306/1915-03-24,1,2,2,0
lccn/sn84038306/1913-01-15,1,3,6,-3
lccn/sn94052989/1892-12-25,2,13,7,6
lccn/sn95047178/1902-06-05,2,4,2,2
lccn/sn82015483/1891-09-12,2,5,0,5
lccn/sn82015483/1891-05-13,1,5,9,-4
lccn/sn84024738/1878-10-03,1,0,7,-7
lccn/sn84024738/1874-12-05,1,3,6,-3
lccn/sn84024738/1868-09-14,2,2,1,1
lccn/sn84024738/1867-09-18,2,6,0,6
lccn/sn84024738/1867-09-18,2,7,1,6
lccn/sn84024738/1867-09-19,2,3,1,2
lccn/sn84024738/1868-07-13,2,10,0,10
lccn/sn84024738/1868-07-30,2,11,1,10
lccn/sn84024738/1868-07-17,2,11,2,9
lccn/sn84024738/1868-07-23,2,10,3,7
lccn/sn84024738/1868-07-28,2,3,2,1
lccn/sn84024738/1868-08-03,2,2,0,2
lccn/sn84024738/1867-07-15,2,5,3,2
lccn/sn84024738/1867-07-16,2,3,1,2
lccn/sn84024738/1867-07-29,1,3,5,-2
lccn/sn84024738/1867-07-30,2,7,4,3
lccn/sn84024738/1867-08-19,2,13,3,10
lccn/sn84024738/1867-08-20,2,6,2,4
lccn/sn84024738/1867-08-26,2,8,1,7
lccn/sn84026824/1895-06-20,2,9,7,2
lccn/sn84026824/1907-07-04,1,6,9,-3
lccn/sn84026824/1918-05-23,2,12,4,8
lccn/sn85026241/1894-05-17,1,9,13,-4
lccn/sn84023253/1883-11-02,1,2,4,-2
lccn/sn86071719/1899-02-08,2,3,1,2
lccn/sn84026847/1867-09-19,2,5,1,4
lccn/sn84026847/1867-09-20,2,12,3,9
lccn/sn84026847/1867-10-05,2,16,4,12
lccn/sn84026847/1867-08-09,1,3,4,-1
lccn/sn84026847/1867-08-12,2,4,1,3
lccn/sn84026847/1867-08-13,2,2,1,1
lccn/sn84026847/1867-09-09,1,5,10,-5
lccn/sn84026847/1866-08-18,2,7,6,1
lccn/sn84026847/1866-09-17,1,3,3,0
lccn/sn83030431/1916-09-17,1,6,6,0
lccn/sn85038615/1913-08-17,2,5,2,3
lccn/sn83030431/1916-09-29,2,9,7,2
lccn/sn85038615/1914-03-10,2,7,5,2
lccn/sn85038614/1897-11-24,1,4,5,-1
lccn/sn85038614/1898-01-30,1,0,0,0
lccn/sn85038615/1914-09-12,1,4,6,-2
lccn/sn85038615/1914-08-09,2,2,0,2
lccn/sn85034235/1917-04-12,1,10,16,-6
lccn/sn86069620/1905-03-09,2,11,10,1
lccn/sn86064187/1919-05-24,2,11,2,9
lccn/sn83045462/1910-09-12,2,13,5,8
lccn/sn83045462/1912-05-13,1,4,6,-2
lccn/sn83045462/1912-05-15,1,4,6,-2
lccn/sn83045462/1912-05-16,1,0,0,0
lccn/sn83045462/1911-09-20,2,7,0,7
lccn/sn83045462/1912-03-10,1,0,0,0
lccn/sn83045462/1911-01-14,2,16,10,6
lccn/sn86063615/1899-05-10,2,8,3,5
lccn/sn86063615/1899-04-24,1,2,6,-4
lccn/sn86063615/1899-02-04,2,7,5,2
lccn/sn86063615/1899-02-06,2,10,4,6
lccn/sn86063615/1899-02-11,2,25,8,17
lccn/sn86063615/1899-01-17,2,9,2,7
lccn/sn86063615/1899-04-08,1,2,3,-1
lccn/sn86063615/1899-11-17,2,14,9,5
lccn/sn86063615/1899-12-03,2,10,6,4
lccn/sn86063615/1899-11-12,2,15,1,14
lccn/sn85034447/1885-06-26,1,14,19,-5
lccn/sn85034447/1889-11-09,1,7,10,-3
lccn/sn84024718/1896-01-22,1,8,9,-1
lccn/sn85025715/1896-09-03,2,11,6,5
lccn/sn85025715/1896-08-12,2,8,7,1
lccn/sn85025715/1895-09-19,2,9,5,4
lccn/sn83045462/1900-10-18,2,11,4,7
lccn/sn85025715/1896-08-18,2,9,6,3
lccn/sn83025733/1883-01-20,1,2,3,-1
lccn/sn83030193/1890-02-14,1,3,7,-4
lccn/sn83021327/1875-04-29,2,11,9,2
lccn/sn83021327/1875-05-27,1,0,0,0
lccn/sn83021327/1878-02-14,1,8,9,-1
lccn/sn83021327/1876-02-24,2,15,7,8
lccn/sn83025733/1885-07-20,1,3,4,-1
lccn/sn83025733/1885-07-09,2,16,5,11
lccn/sn83045396/1905-11-21,2,8,5,3
lccn/sn83030214/1900-02-22,2,3,2,1
lccn/sn83030214/1900-06-24,2,14,5,9
lccn/sn83030214/1902-04-28,1,0,0,0
lccn/sn83030214/1905-04-30,1,0,0,0
lccn/sn83032011/1887-08-26,2,25,3,22
lccn/sn83032011/1888-03-02,2,7,6,1
lccn/sn83045396/1909-01-28,1,5,9,-4
lccn/sn83045396/1909-09-09,2,8,4,4
lccn/sn83030214/1907-03-05,1,0,0,0
lccn/sn83030214/1908-10-14,2,6,3,3
lccn/sn86053634/1884-05-28,2,13,7,6
lccn/sn85066387/1900-07-08,1,2,3,-1
lccn/sn85066387/1900-09-23,1,0,0,0
lccn/sn85038292/1879-08-16,2,8,1,7
lccn/sn85038292/1882-08-26,2,12,5,7
lccn/sn85038292/1867-08-22,1,7,13,-6
lccn/sn83045462/1924-09-28,2,15,6,9
lccn/sn85038292/1872-01-27,1,11,12,-1
lccn/sn85038292/1889-09-21,2,7,3,4
lccn/sn85052141/1880-08-06,2,9,1,8
lccn/sn85038292/1908-02-21,1,3,4,-1
lccn/sn85038292/1907-06-14,2,29,3,26
lccn/sn85038292/1907-08-09,2,8,5,3
lccn/sn85038292/1901-09-14,2,4,2,2
lccn/sn85034248/1907-01-19,1,4,4,0
lccn/sn83030272/1915-07-18,2,3,2,1
lccn/sn83045462/1924-09-22,1,3,9,-6
lccn/sn83045462/1924-09-23,2,9,6,3
lccn/sn83045462/1924-05-25,2,21,9,12
lccn/sn83030272/1915-12-28,1,0,0,0
lccn/sn83045462/1924-06-14,2,8,3,5
lccn/sn83045462/1924-06-21,2,4,0,4
lccn/sn85038292/1867-09-26,1,2,4,-2
lccn/sn85038292/1867-11-07,2,4,1,3
lccn/sn83045462/1924-05-11,2,4,3,1
lccn/sn85040344/1885-07-04,2,15,3,12
lccn/sn83045604/1892-08-06,2,5,3,2
lccn/sn85040344/1899-04-22,1,3,6,-3
lccn/sn85040344/1899-10-07,2,2,0,2
lccn/sn85040344/1897-02-06,1,8,10,-2
lccn/sn85040344/1898-02-19,1,0,1,-1
lccn/sn85040344/1898-02-19,1,0,0,0
lccn/sn85040344/1894-05-05,2,5,1,4
lccn/sn83045604/1892-10-22,2,9,1,8
lccn/sn83045604/1892-10-11,2,7,5,2
lccn/sn85040344/1889-05-25,1,2,9,-7
lccn/sn83030193/1893-04-14,2,16,14,2
lccn/sn83045160/1876-08-15,2,8,3,5
lccn/sn83030272/1899-06-05,2,22,6,16
lccn/sn83045604/1893-01-08,2,7,3,4
lccn/sn83045604/1893-07-13,2,23,20,3
lccn/sn83045604/1894-02-18,1,0,0,0
lccn/sn83045604/1893-05-07,1,0,0,0
lccn/sn84036034/1889-06-19,2,19,12,7
lccn/sn84036034/1889-09-25,2,9,6,3
lccn/sn83045604/1895-01-27,2,10,2,8
lccn/sn83045604/1893-08-14,1,5,6,-1
lccn/sn84026749/1921-05-24,2,6,1,5
lccn/sn84026749/1913-07-22,1,2,3,-1
lccn/sn83045462/1922-09-25,2,24,9,15
lccn/sn83045462/1922-09-26,2,20,6,14
lccn/sn84027352/1858-05-20,2,10,7,3
lccn/sn99021999/1900-07-02,2,7,6,1
lccn/sn99021999/1900-06-27,1,4,10,-6
lccn/sn99021999/1900-10-02,1,22,24,-2
lccn/sn99021999/1900-09-04,1,7,9,-2
lccn/sn99021999/1902-01-21,1,3,6,-3
lccn/sn99021999/1901-11-08,2,7,4,3
lccn/sn99021999/1900-09-15,1,5,5,0
lccn/sn99021999/1900-04-22,2,23,0,23
lccn/sn95047242/1904-04-12,2,5,4,1
lccn/sn99021999/1901-02-06,2,3,1,2
lccn/sn95026977/1906-11-02,1,7,8,-1
lccn/sn99021999/1900-10-24,1,0,0,0
lccn/sn84038112/1865-03-24,1,2,3,-1
lccn/sn84038112/1867-03-29,2,8,4,4
lccn/sn95026977/1906-10-07,2,8,3,5
lccn/sn99021999/1902-01-25,2,3,2,1
lccn/sn84020594/1875-08-12,1,5,7,-2
lccn/sn84020594/1875-06-25,2,5,2,3
lccn/sn84020594/1875-08-10,1,3,4,-1
lccn/sn86061215/1910-09-03,1,5,15,-10
lccn/sn96027172/1908-09-11,1,3,4,-1
lccn/sn96091104/1891-07-24,2,16,2,14
lccn/sn85033964/1880-08-05,2,16,12,4
lccn/sn85033964/1880-08-12,2,11,2,9
lccn/sn96091104/1892-07-15,2,10,1,9
lccn/sn85033964/1879-07-03,2,9,2,7
lccn/sn85033964/1879-07-10,1,8,8,0
lccn/sn85033964/1879-07-24,2,10,9,1
lccn/sn85033964/1879-09-04,2,13,11,2
lccn/sn85033964/1880-01-29,1,9,14,-5
lccn/sn85038615/1913-01-23,1,3,5,-2
lccn/sn85033964/1877-02-15,2,32,14,18
lccn/sn85033964/1877-07-26,2,19,14,5
lccn/sn85038615/1912-11-15,2,6,3,3
lccn/sn85033964/1885-09-10,2,7,5,2
lccn/sn85033964/1885-09-24,2,44,21,23
lccn/sn83016348/1889-08-31,2,8,7,1
lccn/sn83030272/1909-01-19,2,5,1,4
lccn/sn83030272/1904-11-13,1,8,8,0
lccn/sn85038614/1892-09-11,1,0,6,-6
lccn/sn97067613/1889-09-19,2,11,6,5
lccn/sn97067613/1890-06-12,1,10,10,0
lccn/sn97067613/1885-09-24,2,14,6,8
lccn/sn88078580/1878-07-05,1,10,12,-2
lccn/sn88078580/1878-07-12,1,0,0,0
lccn/sn88078580/1878-07-19,1,0,0,0
lccn/sn88078580/1878-07-26,2,8,5,3
lccn/sn88078580/1878-08-02,1,0,0,0
lccn/sn88078580/1878-08-09,2,14,10,4
lccn/sn88078580/1878-08-16,2,15,7,8
lccn/sn84023416/1875-05-08,1,0,0,0
lccn/sn84026844/1899-01-05,1,0,0,0
lccn/sn84026844/1899-05-29,1,0,0,0
lccn/sn88078580/1876-11-17,1,7,7,0
lccn/sn84026844/1881-10-27,1,0,0,0
lccn/sn83035216/1870-02-05,2,15,5,10
lccn/sn83035216/1870-02-12,1,6,8,-2
lccn/sn83035216/1870-06-04,1,0,0,0
lccn/sn83035216/1868-11-14,2,3,2,1
lccn/sn83035216/1868-11-21,2,11,2,9
lccn/sn83035216/1868-11-28,2,11,4,7
lccn/sn83035216/1869-09-04,2,11,2,9
lccn/sn97067613/1882-12-21,2,24,15,9
lccn/sn99063955/1897-06-23,2,17,3,14
lccn/sn88084272/1914-11-23,2,8,0,8
lccn/sn88084272/1915-01-21,2,7,2,5
lccn/sn88077272/1877-05-31,2,9,6,3
lccn/sn97067589/1908-08-14,2,7,3,4
lccn/sn88077272/1886-02-11,2,8,2,6
lccn/sn88077272/1878-06-20,2,9,2,7
lccn/sn97067589/1911-01-06,1,4,9,-5
lccn/sn84024546/1891-10-24,1,20,28,-8
lccn/sn83045555/1903-12-18,2,10,4,6
lccn/sn83045555/1904-05-30,1,3,6,-3
lccn/sn83045555/1904-06-03,1,2,5,-3
lccn/sn83045211/1919-11-01,2,13,12,1
lccn/sn83045211/1920-01-16,1,6,7,-1
lccn/sn83045555/1890-04-26,1,13,13,0
lccn/sn83045555/1902-06-12,1,11,11,0
lccn/sn83045555/1903-10-07,2,8,7,1
lccn/sn83045555/1902-08-16,2,13,5,8
lccn/sn83045555/1903-09-07,1,9,11,-2
lccn/sn83045211/1918-04-10,1,7,9,-2
lccn/sn2008058169/1890-04-,2,10,8,2
lccn/sn83045211/1918-04-24,2,12,4,8
lccn/sn83045211/1917-11-02,1,1,1,0
lccn/sn86053573/1879-09-10,2,4,0,4
lccn/sn84026749/1915-04-17,1,5,5,0
lccn/sn83045433/1915-07-07,2,7,3,4
lccn/sn83045211/1919-09-17,2,23,6,17
lccn/sn85058130/1891-01-10,2,18,5,13
lccn/sn85058130/1891-02-24,2,27,7,20
lccn/sn85058130/1890-11-23,2,10,3,7
lccn/sn85058130/1890-07-13,2,23,15,8
lccn/sn83045211/1919-04-23,2,11,8,3
lccn/sn85058130/1902-04-21,2,49,18,31
lccn/sn84026749/1912-05-12,2,14,4,10
lccn/sn83045462/1920-09-29,2,7,6,1
lccn/sn83045462/1920-09-29,2,20,8,12
lccn/sn85058140/1909-09-19,1,7,13,-6
lccn/sn85054468/1901-03-21,2,10,5,5
lccn/sn86053573/1884-01-28,2,15,7,8
lccn/sn82015483/1883-02-03,2,28,8,20
lccn/sn82015483/1883-05-04,2,10,6,4
lccn/sn82015483/1880-03-20,1,2,4,-2
lccn/sn82015483/1885-04-30,2,22,11,11
lccn/sn82015483/1884-11-10,2,9,1,8
lccn/sn83045232/1867-08-08,2,7,6,1
lccn/sn83045232/1867-08-24,2,4,2,2
lccn/sn87062245/1902-10-09,1,1,10,-9
lccn/sn87062245/1902-10-10,2,9,8,1
lccn/sn87007277/1886-08-07,2,10,5,5
lccn/sn87007277/1886-08-21,2,7,4,3
lccn/sn87007277/1889-09-13,1,4,5,-1
lccn/sn83045231/1866-07-15,2,7,1,6
lccn/sn83045231/1866-07-21,2,9,4,5
lccn/sn83045231/1866-07-17,2,10,4,6
lccn/sn83045231/1866-07-18,2,7,2,5
lccn/sn83045231/1866-07-19,2,7,3,4
lccn/sn83045231/1866-08-04,2,11,4,7
lccn/sn95026977/1909-05-27,2,9,1,8
lccn/sn82014086/1919-01-30,2,7,3,4
lccn/sn85066387/1897-07-09,1,8,12,-4
lccn/sn88074815/1903-06-19,2,8,5,3
lccn/sn85066387/1897-08-06,2,13,2,11
lccn/sn88074815/1908-02-14,2,6,1,5
lccn/sn88074815/1908-04-17,2,16,12,4
lccn/sn88074815/1908-04-17,1,2,3,-1
lccn/sn82014086/1918-03-04,2,8,0,8
lccn/sn82014086/1918-08-17,1,0,0,0
lccn/sn82014086/1918-09-03,2,9,1,8
lccn/sn85030287/1902-05-15,1,6,6,0
lccn/sn95026977/1909-03-09,1,8,11,-3
lccn/sn82014086/1917-03-09,2,10,6,4
lccn/sn82014086/1917-04-12,2,6,4,2
lccn/sn82014086/1917-04-21,1,2,6,-4
lccn/sn82014086/1917-03-01,2,2,1,1
lccn/sn82014086/1917-03-05,1,5,8,-3
lccn/sn82015133/1888-09-08,2,9,3,6
lccn/sn85030287/1906-09-27,1,4,8,-4
lccn/sn82014899/1873-05-03,2,15,5,10
lccn/sn99021999/1885-12-29,1,9,11,-2
lccn/sn99021999/1882-06-03,1,7,8,-1
lccn/sn82014897/1878-01-25,2,8,1,7
lccn/sn99021999/1882-08-04,2,10,5,5
lccn/sn95047416/1901-12-20,1,0,5,-5
lccn/sn85042344/1918-05-13,2,6,2,4
lccn/sn86063952/1895-02-21,1,4,7,-3
lccn/sn83025925/1871-02-02,2,3,2,1
lccn/sn84025891/1912-02-17,1,7,9,-2
lccn/sn84026409/1891-03-18,2,7,5,2
lccn/sn82014086/1920-12-09,2,5,3,2
lccn/sn82014086/1920-12-25,2,13,1,12
lccn/sn82014086/1920-06-05,2,16,5,11
lccn/sn82014086/1922-11-30,1,7,7,0
lccn/sn82014086/1921-05-05,2,16,4,12
lccn/sn82014086/1921-01-31,2,5,0,5
lccn/sn82014086/1922-09-13,1,0,0,0
lccn/sn82014086/1922-09-29,2,5,3,2
lccn/sn82014086/1922-09-30,2,9,1,8
lccn/sn82014086/1922-09-16,1,0,0,0
lccn/sn82014086/1922-09-12,1,0,0,0
lccn/sn82014086/1922-09-26,1,6,7,-1
lccn/sn82014086/1921-08-08,2,7,6,1
lccn/sn82014086/1921-06-14,2,7,6,1
lccn/sn82014086/1921-09-19,2,5,0,5
lccn/sn85066387/1907-07-31,1,2,2,0
lccn/sn82014086/1920-03-04,2,10,7,3
lccn/sn85066387/1907-08-07,1,3,6,-3
lccn/sn83025121/1870-07-13,2,7,1,6
lccn/sn83040198/1891-06-18,2,17,10,7
lccn/sn82014086/1921-11-15,2,11,7,4
lccn/sn85066387/1905-02-10,2,6,2,4
lccn/sn85032920/1903-09-02,2,5,1,4
lccn/sn85032920/1903-11-11,2,7,6,1
lccn/sn85066387/1905-03-11,2,16,2,14
lccn/sn83040198/1892-06-16,1,0,0,0
lccn/sn84022650/1897-08-27,2,10,6,4
lccn/sn84022650/1897-10-22,2,9,5,4
lccn/sn85038615/1908-10-27,1,0,0,0
lccn/sn85038615/1908-10-29,2,12,1,11
lccn/sn85038615/1908-11-13,1,0,0,0
lccn/sn84026758/1916-03-11,2,7,1,6
lccn/sn84026758/1881-10-29,2,13,3,10
lccn/sn84026758/1894-06-02,2,13,7,6
lccn/sn85025007/1902-05-15,2,20,9,11
lccn/sn85038615/1908-10-21,1,1,1,0
lccn/sn85038615/1908-10-22,2,4,0,4
lccn/sn85038615/1908-11-04,2,4,0,4
lccn/sn85038615/1908-11-08,2,13,2,11
lccn/sn85038615/1909-01-24,2,2,1,1
lccn/sn85038615/1908-09-29,2,2,0,2
lccn/sn85038615/1908-10-03,1,0,0,0
lccn/sn85038615/1908-10-08,2,7,2,5
lccn/sn84038125/1887-07-01,1,0,1,-1
lccn/sn85038615/1908-10-18,2,8,0,8
lccn/sn94060041/1907-04-20,1,2,9,-7
lccn/sn85038615/1908-10-20,1,1,1,0
lccn/sn85038615/1908-11-19,2,6,1,5
lccn/sn83030214/1907-08-26,1,10,10,0
lccn/sn83030214/1907-09-29,1,5,9,-4
lccn/sn83030214/1902-08-04,2,6,1,5
lccn/sn83030214/1902-08-12,1,0,0,0
lccn/sn83045433/1918-10-20,2,12,8,4
lccn/sn83045433/1919-03-26,1,0,0,0
lccn/sn83045433/1919-03-29,2,8,1,7
lccn/sn83045433/1919-10-03,1,2,2,0
lccn/sn83045433/1919-10-04,1,2,3,-1
lccn/sn86091038/1895-02-04,1,0,0,0
lccn/sn85058130/1906-01-19,2,9,4,5
lccn/sn84024437/1870-01-13,2,4,1,3
lccn/sn84026753/1872-09-05,2,35,10,25
lccn/sn83030214/1910-02-27,2,4,3,1
lccn/sn84038114/1889-01-31,2,3,1,2
lccn/sn82016014/1913-08-30,2,9,8,1
lccn/sn82016014/1913-09-25,1,4,4,0
lccn/sn82016014/1911-10-11,2,16,4,12
lccn/sn84031492/1874-12-17,1,6,9,-3
lccn/sn88053055/1895-01-07,2,9,8,1
lccn/sn88053055/1891-06-15,2,5,3,2
lccn/sn85042459/1883-06-20,1,0,0,0
lccn/sn85042459/1883-11-03,2,4,2,2
lccn/sn93052980/1903-06-12,2,5,3,2
lccn/sn85066387/1904-02-26,2,8,0,8
lccn/sn86063624/1896-07-29,1,0,0,0
lccn/sn85042373/1912-02-01,2,9,4,5
lccn/sn83045462/1911-10-05,2,2,0,2
lccn/sn83045462/1911-10-11,2,6,4,2
lccn/sn83030214/1894-03-03,2,8,6,2
lccn/sn86063615/1897-08-05,2,10,8,2
lccn/sn86063615/1897-08-05,2,10,8,2
lccn/sn86063615/1897-06-05,1,7,7,0
lccn/sn99021999/1899-08-23,1,5,10,-5
lccn/sn99021999/1899-08-24,2,13,9,4
lccn/sn99021999/1899-12-22,1,6,7,-1
lccn/sn99021999/1898-05-30,1,8,24,-16
lccn/sn99021999/1898-07-06,2,6,2,4
lccn/sn99021999/1898-07-08,2,8,5,3
lccn/sn99021999/1898-07-05,1,7,7,0
lccn/sn99021999/1898-07-20,1,4,4,0
lccn/sn99021999/1885-03-14,1,2,7,-5
lccn/sn85066387/1908-07-01,2,14,8,6
lccn/sn85066387/1908-07-05,1,0,0,0
lccn/sn99021999/1900-01-05,1,0,0,0
lccn/sn99021999/1900-01-05,2,5,4,1
lccn/sn83045462/1921-03-18,2,4,2,2
lccn/sn88064327/1894-05-12,2,9,8,1
lccn/sn88064327/1894-05-19,1,1,3,-2
lccn/sn93061701/1921-11-25,1,2,5,-3
lccn/sn85025007/1872-10-11,2,21,2,19
lccn/sn85025007/1872-10-12,1,2,5,-3
lccn/sn85025007/1872-10-15,2,17,1,16
lccn/sn85025007/1872-10-16,1,0,0,0
lccn/sn85025007/1872-10-17,1,0,0,0
lccn/sn85025007/1872-10-19,1,1,7,-6
lccn/sn85025007/1872-10-21,1,0,0,0
lccn/sn85025007/1872-10-18,2,6,5,1
lccn/sn83030214/1880-06-11,1,0,0,0
lccn/sn86069873/1902-02-11,2,7,6,1
lccn/sn83016943/1887-07-23,2,10,9,1
lccn/sn83045462/1921-08-14,1,10,12,-2
lccn/sn83045462/1921-09-19,2,12,10,2
lccn/sn88076013/1902-05-31,2,10,8,2
lccn/sn88076013/1896-12-12,2,10,3,7
lccn/sn88076013/1895-11-23,2,10,5,5
lccn/sn83045555/1907-02-08,2,9,3,6
lccn/sn83032058/1877-12-13,2,9,7,2
lccn/sn83045555/1908-06-13,2,8,3,5
lccn/sn83045555/1908-08-29,2,8,3,5
lccn/sn83045555/1908-09-12,2,6,4,2
lccn/sn83045555/1908-05-19,2,5,4,1
lccn/sn83045555/1906-04-28,1,10,11,-1
lccn/sn83045555/1904-09-15,1,1,7,-6
lccn/sn83045555/1904-04-25,1,4,6,-2
lccn/sn83045462/1895-06-08,2,13,0,13
lccn/sn83032300/1880-05-07,2,12,9,3
lccn/sn83032300/1882-09-08,1,11,13,-2
lccn/sn83032300/1882-10-06,1,12,14,-2
lccn/sn83032300/1880-09-15,1,6,8,-2
lccn/sn83032300/1880-09-17,1,5,6,-1
lccn/sn83032300/1881-09-23,2,5,1,4
lccn/sn83032300/1881-04-30,2,12,4,8
lccn/sn83045555/1902-11-12,1,6,7,-1
lccn/sn83008556/1881-10-27,2,7,5,2
lccn/sn82005159/1870-01-13,2,11,4,7
lccn/sn83032300/1884-11-11,1,8,8,0
lccn/sn83032300/1885-03-30,2,10,1,9
lccn/sn83032300/1883-06-19,2,18,4,14
lccn/sn83032300/1887-05-06,1,1,2,-1
lccn/sn83032300/1889-01-04,1,4,4,0
lccn/sn83032300/1889-02-19,2,11,10,1
lccn/sn83030214/1900-05-11,2,2,0,2
lccn/sn83030214/1900-04-15,2,13,6,7
lccn/sn83030214/1900-01-31,2,15,12,3
lccn/sn83045555/1907-05-23,1,9,9,0
lccn/sn83045555/1907-06-03,2,4,1,3
lccn/sn83045555/1907-06-06,1,3,3,0
lccn/sn83045555/1906-01-17,2,8,4,4
lccn/sn83025812/1934-09-28,2,10,9,1
lccn/sn86071158/1891-08-22,2,12,1,11
lccn/sn86071158/1891-09-01,2,18,6,12
lccn/sn86071158/1891-09-05,2,9,2,7
lccn/sn86071197/1902-03-29,1,2,9,-7
lccn/sn86071197/1902-03-30,2,20,2,18
lccn/sn86064205/1885-08-30,2,7,5,2
lccn/sn86064205/1890-08-01,1,2,2,0
lccn/sn86064205/1890-08-02,2,36,7,29
lccn/sn86064205/1890-08-04,2,40,9,31
lccn/sn86064205/1890-08-05,2,53,8,45
lccn/sn86064205/1890-08-06,2,19,4,15
lccn/sn86064205/1890-08-07,2,29,5,24
lccn/sn86064205/1890-08-08,2,11,3,8
lccn/sn86064205/1890-08-09,2,25,1,24
lccn/sn86064205/1890-08-10,2,23,1,22
lccn/sn86064205/1890-08-19,2,19,4,15
lccn/sn86064205/1890-08-21,2,15,2,13
lccn/sn86071197/1896-12-25,2,34,18,16
lccn/sn86071158/1891-07-16,2,12,1,11
lccn/sn86071158/1891-07-18,2,12,4,8
lccn/sn86071158/1891-07-21,2,12,1,11
lccn/sn86071158/1891-06-04,1,9,11,-2
lccn/sn86071158/1891-06-30,2,16,5,11
lccn/sn86071197/1897-01-27,1,7,9,-2
lccn/sn83030214/1910-01-23,2,16,4,12
lccn/sn83045433/1913-01-26,1,7,7,0
lccn/sn83045433/1912-09-28,2,7,1,6
lccn/sn83045433/1911-12-17,1,3,4,-1
lccn/sn83045462/1922-10-26,2,14,4,10
lccn/sn85054468/1897-09-15,1,3,4,-1
lccn/sn83045462/1922-09-16,2,3,0,3
lccn/sn83045462/1922-10-27,2,3,1,2
lccn/sn83045462/1922-10-29,2,9,2,7
lccn/sn83045462/1922-12-24,2,8,0,8
lccn/sn83045462/1922-12-24,2,12,6,6
lccn/sn83045462/1922-12-28,2,10,5,5
lccn/sn83045462/1922-09-02,2,5,2,3
lccn/sn83045462/1922-09-22,2,30,9,21
lccn/sn83045462/1922-09-23,1,1,1,0
lccn/sn83045462/1922-10-22,2,9,3,6
lccn/sn83045462/1922-09-09,1,3,7,-4
lccn/sn83045462/1922-10-06,2,4,0,4
lccn/sn83045462/1922-09-30,2,33,5,28
lccn/sn83045462/1922-10-02,2,7,6,1
lccn/sn83045462/1922-10-03,2,8,0,8
lccn/sn83045462/1922-10-04,2,20,9,11
lccn/sn84024441/1899-08-29,2,7,1,6
lccn/sn84024441/1899-08-05,2,15,3,12
lccn/sn83030213/1852-03-26,1,0,0,0
lccn/sn83045555/1899-07-22,2,9,6,3
lccn/sn83045462/1916-02-17,1,13,13,0
lccn/sn83045462/1915-07-04,2,12,6,6
lccn/sn83045462/1915-08-21,2,16,7,9
lccn/sn83045462/1916-02-06,1,3,3,0
lccn/sn83045462/1915-06-07,1,10,12,-2
lccn/sn83045462/1920-09-11,2,5,2,3
lccn/sn83045462/1915-04-04,1,6,8,-2
lccn/sn86081889/1905-05-24,1,6,9,-3
lccn/sn86081889/1905-07-26,2,17,8,9
lccn/sn83045462/1920-04-10,1,1,1,0
lccn/sn83045462/1920-09-17,2,7,1,6
lccn/sn83045462/1915-11-05,1,5,14,-9
lccn/sn83030214/1905-02-26,1,6,6,0
lccn/sn83045462/1915-06-02,1,0,0,0
lccn/sn83030272/1908-09-12,2,10,0,10
lccn/sn83030193/1905-11-06,1,3,7,-4
lccn/sn83030272/1908-09-24,2,8,7,1
lccn/sn84022644/1874-09-04,2,8,5,3
lccn/sn84022644/1877-08-17,2,8,4,4
lccn/sn90059523/1900-09-09,1,0,0,0
lccn/sn90059523/1902-10-05,2,22,4,18
lccn/sn90059523/1902-10-06,2,7,5,2
lccn/sn83045366/1901-04-19,2,6,3,3
lccn/sn86058250/1875-05-12,2,17,9,8
lccn/sn90059522/1895-06-14,2,15,6,9
lccn/sn89066818/1892-07-16,1,2,2,0
lccn/sn90059523/1902-08-31,2,18,7,11
lccn/sn90059523/1902-10-07,2,10,1,9
lccn/sn90059523/1903-01-30,2,5,4,1
lccn/sn90059523/1903-05-31,2,16,4,12
lccn/sn83045462/1904-02-03,2,17,6,11
lccn/sn83045462/1889-06-15,2,10,5,5
lccn/sn83045462/1889-08-17,2,8,4,4
lccn/sn84024738/1855-12-14,2,5,4,1
lccn/sn97071110/1916-08-03,2,1,0,1
lccn/sn83045396/1906-05-06,2,15,0,15
lccn/sn83045396/1906-03-17,2,10,2,8
lccn/sn83045396/1909-06-14,2,6,4,2
lccn/sn83045396/1907-07-03,2,17,3,14
lccn/sn83045396/1910-02-27,2,6,5,1
lccn/sn83045396/1910-10-30,2,9,3,6
lccn/sn83045462/1920-03-09,2,16,15,1
lccn/sn83030214/1920-09-09,2,23,5,18
lccn/sn83045396/1906-05-23,1,5,7,-2
lccn/sn83045462/1864-07-10,2,8,3,5
lccn/sn83045433/1918-03-01,1,2,7,-5
lccn/sn83045462/1920-01-06,2,7,2,5
lccn/sn83045462/1919-12-17,2,16,8,8
lccn/sn83045462/1920-02-01,1,1,10,-9
lccn/sn83045462/1920-03-02,2,10,5,5
lccn/sn83045396/1909-10-31,1,4,4,0
lccn/sn83045396/1909-11-15,2,3,0,3
lccn/sn83045396/1910-06-27,2,12,9,3
lccn/sn83045396/1910-05-14,2,9,5,4
lccn/sn83045462/1919-11-17,2,7,3,4
lccn/sn83045396/1911-09-30,2,13,8,5
lccn/sn83030214/1903-04-23,1,2,3,-1
lccn/sn83030214/1903-04-28,1,1,3,-2
lccn/sn83045396/1913-08-10,2,6,5,1
lccn/sn83045396/1913-05-01,1,4,5,-1
lccn/sn83045396/1913-07-08,2,2,0,2
lccn/sn83045396/1913-06-09,2,13,6,7
lccn/sn83045396/1913-12-23,2,35,1,34
lccn/sn84022472/1912-03-02,1,3,7,-4
lccn/sn94052989/1891-07-24,1,5,5,0
lccn/sn87062268/1905-09-10,1,4,5,-1
lccn/sn95047263/1911-07-06,1,0,3,-3
lccn/sn88074815/1909-04-02,2,5,3,2
lccn/sn82014086/1913-05-31,1,6,10,-4
lccn/sn84026820/1911-02-11,2,7,5,2
lccn/sn82015104/1893-02-06,2,7,2,5
lccn/sn82014381/1890-08-02,1,0,0,0
lccn/sn84024718/1864-03-15,2,11,8,3
lccn/sn84024718/1872-07-02,2,7,2,5
lccn/sn84024718/1873-05-27,2,11,7,4
lccn/sn84024718/1867-06-04,2,14,4,10
lccn/sn84024718/1868-06-23,2,13,9,4
lccn/sn84024718/1867-07-30,2,7,5,2
lccn/sn84024718/1868-06-30,2,7,6,1
lccn/sn84024718/1868-06-02,2,9,3,6
lccn/sn84024718/1868-06-16,2,18,2,16
lccn/sn84024718/1869-06-01,2,12,1,11
lccn/sn84024718/1868-07-07,2,9,3,6
lccn/sn84024718/1869-06-22,2,39,2,37
lccn/sn84024718/1869-06-22,2,14,2,12
lccn/sn84024718/1870-07-26,2,22,5,17
lccn/sn84024718/1870-09-20,1,0,0,0
lccn/sn84024718/1870-08-02,2,21,5,16
lccn/sn84024718/1870-09-27,2,2,0,2
lccn/sn84024718/1870-08-09,1,2,2,0
lccn/sn84024718/1870-10-04,1,3,4,-1
lccn/sn84024718/1870-08-30,2,11,4,7
lccn/sn84024718/1870-11-08,1,0,0,0
lccn/sn84024718/1870-10-11,2,6,0,6
lccn/sn84024718/1870-10-25,2,19,5,14
lccn/sn84024718/1867-08-06,1,12,12,0
lccn/sn84024718/1871-01-17,2,6,3,3
lccn/sn84024718/1868-07-14,2,13,3,10
lccn/sn84024718/1868-08-11,2,18,6,12
lccn/sn84024718/1870-11-15,1,0,0,0
lccn/sn84024718/1870-11-22,1,0,0,0
lccn/sn84024718/1869-08-31,2,7,3,4
lccn/sn84024718/1869-08-03,2,9,5,4
lccn/sn84024718/1870-08-16,2,14,0,14
lccn/sn84024718/1870-09-13,2,8,2,6
lccn/sn84024718/1869-09-07,2,14,0,14
lccn/sn84024718/1869-08-10,2,8,4,4
lccn/sn84024718/1870-08-23,2,9,2,7
lccn/sn84024718/1870-09-06,2,12,5,7
lccn/sn85066387/1895-09-18,1,2,3,-1
lccn/sn85066387/1895-12-04,2,5,3,2
lccn/sn85066387/1896-01-17,1,4,9,-5
lccn/sn85066387/1896-01-24,2,4,1,3
lccn/sn85066387/1896-02-05,2,6,3,3
lccn/sn85066387/1895-07-06,1,3,9,-6
lccn/sn85066387/1895-05-29,2,9,4,5
lccn/sn85066387/1895-06-10,2,14,1,13
lccn/sn99021999/1902-08-06,2,6,3,3
lccn/sn82015485/1893-01-21,1,4,8,-4
lccn/sn92051487/1892-09-23,2,5,0,5
lccn/sn83045774/1921-05-09,1,8,9,-1
lccn/sn92051487/1898-10-28,2,19,4,15
lccn/sn92051487/1900-02-23,1,0,0,0
lccn/sn92051487/1906-03-16,2,16,7,9
lccn/sn92051487/1906-11-30,1,7,7,0
lccn/sn85066387/1895-04-23,1,0,0,0
lccn/sn99021999/1903-04-03,1,5,9,-4
lccn/sn86063760/1902-11-19,2,8,2,6
lccn/sn86063760/1908-09-16,2,6,4,2
lccn/sn86063760/1908-11-11,2,11,10,1
lccn/sn84028490/1895-11-14,1,13,26,-13
lccn/sn84026897/1857-01-07,2,21,10,11
lccn/sn84026897/1857-01-07,2,19,13,6
lccn/sn84026897/1857-01-07,2,19,11,8
lccn/sn86063760/1911-07-19,2,11,8,3
lccn/sn93067777/1888-06-07,2,8,0,8
lccn/sn93067777/1888-06-14,1,7,13,-6
lccn/sn93067777/1884-09-25,2,7,1,6
lccn/sn93067777/1898-08-19,1,0,2,-2
lccn/sn84026913/1887-03-24,1,0,0,0
lccn/sn93067634/1897-10-28,2,7,2,5
lccn/2012218613/1898-07-27,2,13,0,13
lccn/2012218613/1897-01-06,1,4,5,-1
lccn/2012218613/1898-01-19,2,18,3,15
lccn/2012218613/1900-08-22,2,6,5,1
lccn/sn87076552/1918-03-01,2,13,4,9
lccn/sn87076552/1919-07-04,2,4,0,4
lccn/sn87076552/1914-01-16,1,1,1,0
lccn/sn83035595/1864-04-08,2,3,1,2
lccn/sn84026897/1857-01-07,2,18,14,4
lccn/sn82014635/1897-07-09,2,16,10,6
lccn/sn82014635/1897-09-05,2,10,7,3
lccn/sn82014635/1897-12-31,1,2,3,-1
lccn/sn94052364/1890-03-15,2,4,3,1
lccn/sn85066387/1906-06-13,1,3,3,0
lccn/sn95073194/1883-02-14,1,12,13,-1
lccn/sn85066387/1906-08-31,2,7,5,2
lccn/sn95073194/1892-03-02,2,8,7,1
lccn/sn95073194/1892-12-21,2,5,4,1
lccn/sn95073194/1898-08-31,1,3,4,-1
lccn/sn85038709/1895-03-08,2,14,8,6
lccn/sn95073194/1901-10-23,2,19,1,18
lccn/sn99068076/1886-09-03,2,12,3,9
lccn/sn99068076/1884-06-06,1,6,10,-4
lccn/sn99068076/1886-01-01,1,4,5,-1
lccn/sn85025007/1871-08-02,2,8,7,1
lccn/sn85025007/1867-03-28,1,5,7,-2
lccn/sn83016555/1874-01-09,1,0,0,0
lccn/sn83016555/1873-10-09,2,11,6,5
lccn/sn83016555/1874-03-10,1,11,19,-8
lccn/sn84031081/1921-08-22,2,14,4,10
lccn/sn84031081/1921-08-23,2,14,2,12
lccn/sn84031081/1921-08-24,2,19,2,17
lccn/sn83016555/1874-04-02,2,9,0,9
lccn/sn83016555/1874-10-10,2,10,6,4
lccn/sn83016555/1873-09-16,2,11,4,7
lccn/sn85025007/1866-09-10,1,0,3,-3
lccn/sn85025007/1866-09-12,2,22,10,12
lccn/sn85025007/1866-08-07,2,6,1,5
lccn/sn85025007/1866-08-15,2,7,3,4
lccn/sn85025007/1866-08-18,1,10,10,0
lccn/sn85025007/1866-08-20,2,6,1,5
lccn/sn85025007/1866-08-30,2,10,0,10
lccn/sn85025007/1866-08-31,2,9,0,9
lccn/sn85025007/1866-09-01,2,2,1,1
lccn/sn85025007/1866-09-04,2,4,2,2
lccn/sn85025007/1866-09-05,2,8,3,5
lccn/sn85025007/1866-09-06,2,10,0,10
lccn/sn85025007/1866-09-07,2,15,3,12
lccn/sn85025007/1866-09-08,2,6,5,1
lccn/sn85025007/1866-09-11,2,21,8,13
lccn/sn84031081/1920-08-20,2,13,2,11
lccn/sn84031081/1920-09-02,2,15,2,13
lccn/sn84031081/1920-08-30,2,15,5,10
lccn/sn84031081/1920-08-17,2,13,1,12
lccn/sn84031081/1920-08-18,2,12,4,8
lccn/sn84031081/1920-08-21,2,11,4,7
lccn/sn84031081/1920-08-23,2,13,10,3
lccn/sn84031081/1920-08-26,2,12,0,12
lccn/sn83016555/1870-12-20,1,1,5,-4
lccn/sn83016555/1870-08-19,2,10,4,6
lccn/sn83016555/1870-08-20,2,11,1,10
lccn/sn83016555/1870-08-21,2,7,0,7
lccn/sn83016555/1870-08-23,2,13,0,13
lccn/sn83016555/1871-06-07,1,0,0,0
lccn/sn85025007/1872-01-29,1,0,0,0
lccn/sn85025007/1872-01-31,2,9,4,5
lccn/sn85025007/1872-08-14,2,5,2,3
lccn/sn85025007/1872-08-16,2,6,3,3
lccn/sn85025007/1872-08-17,2,2,0,2
lccn/sn85025007/1872-08-19,2,6,1,5
lccn/sn85025007/1872-08-21,1,8,16,-8
lccn/sn85025007/1872-08-22,1,14,17,-3
lccn/sn85025007/1872-08-26,2,6,0,6
lccn/sn85025007/1872-08-29,1,3,4,-1
lccn/sn85025007/1872-09-03,2,12,8,4
lccn/sn85025007/1872-09-05,2,12,4,8
lccn/sn85025007/1872-09-06,2,9,6,3
lccn/sn85025007/1872-09-09,1,8,8,0
lccn/sn85025007/1872-09-11,1,2,4,-2
lccn/sn85025007/1872-09-12,1,4,5,-1
lccn/sn85025007/1872-09-13,2,13,1,12
lccn/sn85025007/1872-09-14,2,11,0,11
lccn/sn85025007/1872-09-25,2,5,4,1
lccn/sn85025007/1872-09-27,1,0,0,0
lccn/sn85025007/1872-09-28,1,6,11,-5
lccn/sn85025007/1872-09-30,1,9,9,0
lccn/sn85025007/1872-10-02,2,11,5,6
lccn/sn85025007/1872-10-03,2,6,4,2
lccn/sn85025007/1872-10-04,2,6,3,3
lccn/sn85025007/1872-10-07,2,6,5,1
lccn/sn85025007/1872-10-08,2,5,2,3
lccn/sn85025007/1872-01-27,2,7,4,3
lccn/sn85025007/1872-06-11,2,11,4,7
lccn/sn85025007/1875-01-21,1,0,0,0
lccn/sn86063624/1897-01-09,1,5,5,0
lccn/sn83025287/1883-08-19,1,12,14,-2
lccn/sn86063624/1895-08-05,2,15,6,9
lccn/sn86063615/1897-09-06,2,15,12,3
lccn/sn89074405/1915-05-08,2,9,5,4
lccn/sn83045366/1905-04-26,2,14,3,11
lccn/sn86063615/1897-03-11,2,6,0,6
lccn/sn83025287/1882-06-21,1,0,0,0
lccn/sn84022363/1852-10-21,1,0,0,0
lccn/sn84022367/1870-09-22,2,12,4,8
lccn/sn84022367/1873-09-04,2,10,4,6
lccn/sn86082061/1907-12-12,2,10,5,5
lccn/sn84022367/1869-09-09,2,12,7,5
lccn/sn84022367/1870-01-20,2,16,3,13
lccn/sn84022367/1870-02-17,1,6,7,-1
lccn/sn84022367/1870-02-24,1,4,4,0
lccn/sn84022367/1870-03-17,2,11,0,11
lccn/sn86072143/1890-09-05,2,4,3,1
lccn/sn86072143/1889-04-05,2,9,1,8
lccn/sn86072143/1909-02-04,2,3,2,1
lccn/sn83030214/1905-06-30,2,9,2,7
lccn/sn85042344/1917-09-10,2,29,19,10
lccn/sn84026355/1895-06-06,1,5,9,-4
lccn/sn85042345/1922-10-08,2,14,1,13
lccn/sn86053634/1889-01-16,2,14,7,7
lccn/sn83032041/1885-05-15,2,10,9,1
lccn/sn83032041/1869-05-13,1,2,8,-6
lccn/sn85066387/1900-05-26,2,11,4,7
lccn/sn85034438/1900-11-13,1,0,0,0
lccn/sn85034438/1900-11-15,1,0,0,0
lccn/sn85034438/1900-02-03,2,6,3,3
lccn/sn85034438/1900-02-11,1,9,10,-1
lccn/sn85034438/1900-06-17,1,2,2,0
lccn/sn84026536/1869-03-05,2,10,1,9
lccn/sn85034438/1902-01-01,1,4,8,-4
lccn/sn85033699/1872-11-17,2,14,7,7
lccn/sn85034438/1900-10-31,1,0,0,0
lccn/sn85033699/1869-04-07,1,3,5,-2
lccn/sn85033699/1870-07-30,2,13,2,11
lccn/sn85033699/1870-08-06,2,11,1,10
lccn/sn85033699/1870-09-07,1,10,10,0
lccn/sn85033699/1870-09-08,2,7,2,5
lccn/sn83045604/1896-03-08,2,4,3,1
lccn/sn85033699/1872-05-08,1,0,0,0
lccn/sn83045604/1895-05-20,2,5,3,2
lccn/sn83045604/1895-06-07,2,5,1,4
lccn/sn83045604/1895-09-12,2,2,0,2
lccn/sn83045462/1908-02-04,2,15,6,9
lccn/sn83045462/1908-01-14,2,11,3,8
lccn/sn83045462/1908-01-21,1,2,9,-7
lccn/sn83045462/1908-01-25,2,6,2,4
lccn/sn83045462/1908-01-11,2,18,2,16
lccn/sn83045462/1911-08-20,2,17,6,11
lccn/sn99021999/1917-08-05,2,8,6,2
lccn/sn92053944/1886-02-18,2,5,4,1
lccn/sn82015679/1895-11-12,1,8,12,-4
lccn/sn94052989/1891-05-27,2,6,2,4
lccn/sn94052989/1891-05-30,1,3,7,-4
lccn/sn99021999/1916-05-25,1,2,7,-5
lccn/sn82014381/1882-09-26,2,5,2,3
lccn/sn83045462/1910-06-02,2,4,1,3
lccn/sn83016620/1837-01-11,1,0,0,0
lccn/sn84024738/1869-09-13,2,12,3,9
lccn/sn84024738/1872-06-15,1,0,0,0
lccn/sn84024738/1873-02-01,2,9,0,9
lccn/sn84024738/1872-01-13,2,20,3,17
lccn/sn84024738/1867-09-12,1,2,4,-2
lccn/sn84024738/1869-06-29,1,6,9,-3
lccn/sn84024738/1869-07-15,1,0,0,0
lccn/sn84024738/1869-07-17,1,3,10,-7
lccn/sn84024738/1869-07-19,2,16,4,12
lccn/sn84024738/1869-07-29,2,11,1,10
lccn/sn84024738/1869-07-31,2,20,11,9
lccn/sn84024738/1869-08-02,2,11,2,9
lccn/sn84024738/1869-08-04,2,9,2,7
lccn/sn84024738/1869-08-07,1,4,5,-1
lccn/sn84024738/1869-08-20,2,15,3,12
lccn/sn84024738/1869-08-21,2,17,8,9
lccn/sn84024738/1869-08-27,2,17,4,13
lccn/sn84024738/1869-08-30,2,11,4,7
lccn/sn84024738/1869-07-16,2,20,6,14
lccn/sn84024738/1869-07-30,1,0,0,0
lccn/sn84024738/1869-08-12,2,13,4,9
lccn/sn84024738/1870-02-02,1,0,0,0
lccn/sn93051669/1894-06-30,2,1,0,1
lccn/sn84024738/1868-01-06,2,7,3,4
lccn/sn84024738/1868-01-16,2,14,6,8
lccn/sn84024738/1873-06-21,2,19,3,16
lccn/sn84024738/1873-09-10,1,0,1,-1
lccn/sn84024738/1867-03-21,1,13,14,-1
lccn/sn84024738/1870-01-28,2,3,0,3
lccn/sn93051669/1896-02-08,1,2,5,-3
lccn/sn93051669/1897-04-10,1,8,11,-3
lccn/sn93051669/1899-05-20,2,2,1,1
lccn/sn93051669/1899-08-12,2,11,3,8
lccn/sn93051669/1899-08-26,2,9,2,7
lccn/sn93051669/1899-12-23,1,6,9,-3
lccn/sn84026749/1909-11-16,2,19,14,5
lccn/sn89067274/1916-06-08,2,11,2,9
lccn/sn89067274/1903-05-14,2,12,3,9
lccn/sn89067274/1903-09-24,2,27,5,22
lccn/sn89067274/1910-02-17,2,10,3,7
lccn/sn89067274/1914-12-24,2,14,10,4
lccn/sn89067274/1915-07-22,2,8,6,2
lccn/sn89067274/1917-08-23,1,3,3,0
lccn/sn90059523/1898-02-06,1,3,4,-1
lccn/sn82016419/1880-07-02,2,12,2,10
lccn/sn82016419/1874-05-22,2,26,6,20
lccn/sn82016419/1873-09-26,2,5,4,1
lccn/sn82016419/1873-12-19,2,28,7,21
lccn/sn87055779/1917-07-23,1,0,0,0
lccn/sn87055779/1917-09-15,2,14,2,12
lccn/sn87055779/1917-09-21,2,7,4,3
lccn/sn87055779/1917-05-04,1,4,4,0
lccn/sn87055779/1917-03-05,2,19,1,18
lccn/sn87055779/1917-03-10,2,12,0,12
lccn/sn87055779/1917-01-29,2,4,3,1
lccn/sn87055779/1916-07-15,2,3,0,3
lccn/sn87055779/1916-11-13,1,2,4,-2
lccn/sn87055779/1916-09-22,1,0,0,0
lccn/sn87055779/1916-04-03,1,2,8,-6
lccn/sn83045462/1901-01-26,2,16,9,7
lccn/sn83045462/1880-03-10,1,4,7,-3
lccn/sn87055779/1922-05-20,2,4,1,3
lccn/sn92053943/1879-01-06,2,11,5,6
lccn/sn87055779/1922-08-29,2,5,3,2
lccn/sn84026749/1922-01-13,1,2,4,-2
lccn/sn82016419/1872-10-18,2,15,8,7
lccn/sn85030221/1888-03-15,2,7,6,1
lccn/sn82016419/1879-10-10,2,11,3,8
lccn/sn99021999/1896-09-06,2,11,2,9
lccn/sn84027670/1888-05-24,1,5,5,0
lccn/sn82014635/1890-09-30,2,7,5,2
lccn/sn99021999/1890-01-07,1,8,9,-1
lccn/sn99021999/1889-12-16,2,16,2,14
lccn/sn99021999/1889-11-22,1,7,7,0
lccn/sn99021999/1891-12-08,2,14,9,5
lccn/sn99021999/1899-05-21,2,2,1,1
lccn/sn83025121/1881-06-22,2,9,2,7
lccn/sn99021999/1899-12-03,1,4,5,-1
lccn/sn82014635/1892-06-08,2,8,7,1
lccn/sn82014635/1893-10-11,1,1,1,0
lccn/sn99021999/1896-04-05,2,12,5,7
lccn/sn84027670/1887-03-31,2,18,1,17
lccn/sn84027670/1887-11-03,2,10,5,5
lccn/sn99021999/1899-01-31,1,1,17,-16
lccn/sn85025007/1874-01-07,2,4,1,3
lccn/sn85025007/1874-01-12,2,20,1,19
lccn/sn85025007/1874-02-05,2,11,0,11
lccn/sn85025007/1874-02-09,1,0,3,-3
lccn/sn85025007/1872-10-22,2,10,0,10
lccn/sn85025007/1872-10-23,1,2,6,-4
lccn/sn85025007/1872-10-24,1,3,5,-2
lccn/sn85034374/1882-01-07,1,6,9,-3
lccn/sn85034374/1891-04-11,2,9,1,8
lccn/sn93061701/1921-05-06,2,7,1,6
lccn/sn87065532/1884-01-25,2,5,1,4
lccn/sn86069873/1908-03-27,2,12,5,7
lccn/sn85025007/1875-03-12,1,0,0,0
lccn/sn85025007/1860-06-04,1,2,5,-3
lccn/sn85025007/1860-06-16,2,2,0,2
lccn/sn85025007/1861-03-08,2,6,1,5
lccn/sn87076843/1877-08-10,1,3,3,0
lccn/sn87076843/1877-08-17,2,7,6,1
lccn/sn84020682/1888-04-07,2,17,5,12
lccn/sn91068076/1894-11-20,1,0,0,0
lccn/sn91068076/1893-11-13,2,14,2,12
lccn/sn84026547/1860-06-19,2,13,8,5
lccn/sn88084272/1912-11-06,1,1,5,-4
lccn/sn88085523/1893-09-14,2,7,0,7
lccn/sn88084272/1913-09-10,2,9,7,2
lccn/sn86071197/1902-08-11,2,14,5,9
lccn/sn87070038/1847-09-17,2,5,2,3
lccn/sn85026193/1863-03-18,1,4,13,-9
lccn/sn85026193/1863-03-25,2,29,3,26
lccn/sn85026050/1855-03-23,1,6,19,-13
lccn/sn87070038/1848-03-17,2,9,3,6
lccn/sn85026193/1867-05-17,1,5,12,-7
lccn/sn85026193/1862-11-19,2,38,7,31
lccn/sn85026193/1862-11-26,2,18,1,17
lccn/sn85026193/1862-12-03,2,26,7,19
lccn/sn85026193/1863-01-21,2,14,1,13
lccn/sn85026193/1863-02-04,2,15,1,14
lccn/sn85026193/1863-02-18,2,15,2,13
lccn/sn85026193/1863-02-25,2,15,3,12
lccn/sn85026193/1863-03-11,2,16,1,15
lccn/sn88084272/1917-02-24,2,12,1,11
lccn/sn88084272/1917-02-23,2,14,1,13
lccn/sn88084272/1914-09-04,1,5,6,-1
lccn/sn88084272/1914-09-05,1,4,5,-1
lccn/sn86071197/1896-01-26,2,32,6,26
lccn/sn86071197/1896-01-19,2,20,8,12
lccn/sn86071197/1897-05-07,1,6,6,0
lccn/sn87076843/1871-01-20,2,12,7,5
lccn/sn84024738/1859-12-17,1,0,0,0
lccn/sn84024738/1874-01-01,2,9,2,7
lccn/sn84024738/1874-01-07,2,19,7,12
lccn/sn84024738/1874-02-11,2,14,4,10
lccn/sn84024738/1874-02-19,1,3,3,0
lccn/sn84024738/1874-03-07,2,19,9,10
lccn/sn84024738/1874-04-07,2,7,2,5
lccn/sn84024738/1876-09-06,2,2,0,2
lccn/sn84024738/1876-01-01,1,2,2,0
lccn/sn84024738/1874-12-11,1,2,2,0
lccn/sn84024738/1875-01-09,1,0,0,0
lccn/sn84024738/1876-03-23,1,6,6,0
lccn/sn84024738/1874-09-02,2,9,1,8
lccn/sn84024738/1874-09-04,2,5,1,4
lccn/sn84024738/1874-09-07,2,2,0,2
lccn/sn84024738/1874-09-08,2,3,0,3
lccn/sn84024738/1874-09-09,2,8,5,3
lccn/sn84024738/1874-09-12,2,7,4,3
lccn/sn84024738/1875-08-27,1,0,0,0
lccn/sn84024738/1875-09-03,1,2,3,-1
lccn/sn85052141/1882-12-22,2,13,7,6
lccn/sn84024738/1878-03-06,2,15,4,11
lccn/sn84024738/1876-05-22,2,11,0,11
lccn/sn84024738/1878-08-01,2,5,3,2
lccn/sn84024738/1878-08-15,2,26,7,19
lccn/sn84024738/1878-08-29,2,7,0,7
lccn/sn84024738/1876-09-20,2,6,0,6
lccn/sn84024738/1877-04-03,1,0,0,0
lccn/sn86071719/1896-07-01,2,11,2,9
lccn/sn86071719/1896-12-16,2,6,3,3
lccn/sn98060050/1902-01-17,2,10,9,1
lccn/sn86071719/1896-01-22,1,2,3,-1
lccn/sn87076916/1885-02-09,2,11,10,1
lccn/sn86092536/1916-09-09,1,1,5,-4
lccn/sn84026847/1873-08-01,1,6,10,-4
lccn/sn86092536/1918-09-06,1,1,5,-4
lccn/sn86092536/1918-10-21,2,9,7,2
lccn/sn84026847/1870-12-14,2,12,5,7
lccn/sn84026847/1870-12-31,2,14,0,14
lccn/sn86071719/1894-11-28,2,3,0,3
lccn/sn98060050/1918-04-26,1,2,7,-5
lccn/sn85038161/1887-02-03,1,5,6,-1
lccn/sn87076917/1887-05-10,1,13,13,0
lccn/sn87076916/1886-11-28,1,10,10,0
lccn/sn87076917/1887-10-21,2,5,1,4
lccn/sn86092518/1878-11-20,1,0,0,0
lccn/sn87076843/1888-11-23,2,5,4,1
lccn/sn98060050/1916-06-09,1,2,6,-4
lccn/sn98060050/1916-06-02,2,4,3,1
lccn/sn86092536/1921-09-28,1,0,0,0
lccn/sn86092536/1921-01-26,1,3,10,-7
lccn/sn84028271/1879-06-26,1,1,1,0
lccn/sn84028271/1880-07-08,1,4,10,-6
lccn/sn84024207/1870-06-02,1,4,4,0
lccn/sn86071197/1900-01-08,2,11,6,5
lccn/sn86071197/1898-05-22,1,4,6,-2
lccn/sn83035102/1856-01-17,2,40,20,20
lccn/sn85038183/1857-01-13,2,5,3,2
lccn/sn85038183/1853-04-05,2,5,3,2
lccn/sn84028880/1853-04-12,2,12,10,2
lccn/sn88084272/1918-09-09,2,10,3,7
lccn/sn88084272/1918-09-13,1,4,6,-2
lccn/sn88084272/1918-09-19,1,6,15,-9
lccn/sn88084272/1917-11-30,2,13,2,11
lccn/sn84028817/1856-01-16,2,31,22,9
lccn/sn88084272/1917-07-30,1,2,4,-2
lccn/sn86071197/1901-11-27,1,4,4,0
lccn/sn83045396/1908-09-26,1,4,12,-8
lccn/sn84024441/1897-09-15,2,15,5,10
lccn/sn84024441/1897-11-13,2,9,6,3
lccn/sn83025925/1869-02-24,1,0,8,-8
lccn/sn83045396/1904-10-09,2,5,0,5
lccn/sn83045396/1908-02-15,1,5,5,0
lccn/sn83045396/1907-02-13,2,6,3,3
lccn/sn83045396/1905-06-11,2,19,3,16
lccn/sn83025925/1870-03-28,2,7,4,3
lccn/sn83045396/1905-02-06,2,12,7,5
lccn/sn85042461/1898-10-19,2,9,4,5
lccn/sn85042461/1898-09-20,2,10,5,5
lccn/sn99021999/1904-10-30,2,10,4,6
lccn/sn85042461/1898-10-29,2,5,4,1
lccn/sn91066782/1915-12-28,2,9,6,3
lccn/sn91066782/1919-03-13,1,3,9,-6
lccn/sn91066782/1919-04-08,1,7,9,-2
lccn/sn91066782/1919-05-16,2,21,3,18
lccn/sn84028490/1878-04-11,2,7,5,2
lccn/sn91066782/1915-03-12,2,9,8,1
lccn/sn91066782/1915-08-28,1,2,7,-5
lccn/sn91066782/1919-09-09,1,0,6,-6
lccn/sn91066782/1919-09-18,2,21,0,21
lccn/sn84038114/1885-01-13,1,7,8,-1
lccn/sn85049554/1912-08-26,2,6,4,2
lccn/sn85049554/1913-01-22,2,9,5,4
lccn/sn84038114/1886-03-09,1,0,0,0
lccn/sn82016014/1922-11-01,2,6,0,6
lccn/sn82016014/1922-05-10,2,16,6,10
lccn/sn82016014/1920-05-26,2,6,5,1
lccn/sn85042459/1883-02-11,2,19,11,8
lccn/sn99021999/1907-05-01,1,0,0,0
lccn/sn99021999/1907-05-05,2,10,0,10
lccn/sn99021999/1907-05-07,2,10,1,9
lccn/sn85066387/1908-08-12,2,18,17,1
lccn/sn86053369/1905-03-24,2,17,11,6
lccn/sn91099608/1888-04-17,1,5,9,-4
lccn/sn83030214/1905-07-02,2,12,10,2
lccn/sn86071045/1898-06-02,1,1,5,-4
lccn/sn86071045/1896-09-10,2,3,1,2
lccn/sn86071045/1896-10-01,2,6,2,4
lccn/sn86071045/1896-10-29,2,8,2,6
lccn/sn86071045/1900-05-17,2,5,1,4
lccn/sn86071045/1892-10-07,2,13,5,8
lccn/sn86071045/1892-10-28,2,20,4,16
lccn/sn86071045/1892-11-04,2,17,5,12
lccn/sn86071045/1892-11-25,1,6,10,-4
lccn/sn86071045/1903-05-28,1,15,18,-3
lccn/sn86071045/1890-03-28,1,5,7,-2
lccn/sn83030214/1906-03-17,2,7,5,2
lccn/sn83030214/1899-11-13,1,3,3,0
lccn/sn83030214/1904-11-08,1,0,0,0
lccn/sn83030214/1905-10-22,2,4,0,4
lccn/sn84026925/1884-08-21,2,9,2,7
lccn/sn84026925/1876-02-10,2,15,6,9
lccn/sn84026925/1879-01-02,2,6,3,3
lccn/sn84026925/1885-09-24,2,13,4,9
lccn/sn84026925/1881-12-08,2,8,3,5
lccn/sn84026925/1869-11-25,2,13,2,11
lccn/sn84026925/1867-01-17,2,7,4,3
lccn/sn84026925/1915-09-28,1,2,7,-5
lccn/sn84026925/1915-10-05,2,11,9,2
lccn/sn84023253/1885-04-02,2,5,1,4
lccn/sn85038119/1887-08-25,2,8,7,1
lccn/sn85038119/1896-01-30,2,13,6,7
lccn/sn84026925/1913-07-08,2,9,5,4
lccn/sn84026925/1922-05-09,1,5,10,-5
lccn/sn84026925/1922-05-16,2,6,5,1
lccn/sn84026925/1907-08-09,1,7,8,-1
lccn/sn84022871/1889-10-07,2,5,2,3
lccn/sn85066387/1900-08-04,2,4,1,3
lccn/sn85066387/1900-08-11,1,2,4,-2
lccn/sn99021999/1922-04-24,2,12,7,5
lccn/sn83016926/1867-01-17,2,11,3,8
lccn/sn86079018/1875-12-05,2,10,8,2
lccn/sn83016892/1866-01-11,2,16,7,9
lccn/sn85038603/1880-04-10,2,26,0,26
lccn/sn90059522/1884-06-30,2,13,2,11
lccn/sn90059523/1896-05-16,2,25,3,22
lccn/sn90059523/1896-05-16,2,11,1,10
lccn/sn83045462/1903-05-25,2,16,2,14
lccn/sn88068010/1886-07-16,2,7,3,4
lccn/sn88068010/1886-07-23,2,10,2,8
lccn/sn88068010/1886-07-30,2,18,2,16
lccn/sn88068010/1886-08-06,2,11,10,1
lccn/sn88068010/1885-10-30,2,16,6,10
lccn/sn90059522/1895-10-10,2,8,2,6
lccn/sn83045462/1904-09-30,1,3,8,-5
lccn/sn83045462/1902-10-03,2,3,2,1
lccn/sn83045462/1905-01-28,2,5,2,3
lccn/sn83025287/1884-01-14,1,3,16,-13
lccn/sn83025287/1879-08-28,1,0,0,0
lccn/sn84026749/1908-04-08,1,10,10,0
lccn/sn84026749/1908-04-05,2,5,2,3
lccn/sn83045462/1898-01-05,2,4,2,2
lccn/sn83045462/1898-01-29,1,0,0,0
lccn/sn85058130/1894-05-25,2,27,14,13
lccn/sn85058130/1894-07-26,1,12,16,-4
lccn/sn85058130/1892-04-05,2,16,2,14
lccn/sn84026749/1917-02-03,2,17,5,12
lccn/sn83045396/1909-10-10,2,3,2,1
lccn/sn84024441/1900-03-16,2,9,7,2
lccn/sn83045396/1908-01-23,2,7,4,3
lccn/sn83045396/1907-12-29,2,10,6,4
lccn/sn82014424/1882-01-21,2,18,7,11
lccn/sn82014424/1882-06-16,2,11,6,5
lccn/sn83032231/1885-04-11,2,10,8,2
lccn/sn83032231/1885-05-09,1,7,7,0
lccn/sn83045462/1898-12-05,2,7,3,4
lccn/sn83045462/1898-12-10,2,18,4,14
lccn/sn83045462/1899-02-11,1,5,10,-5
lccn/sn83045462/1899-02-18,2,9,1,8
lccn/sn83045462/1898-07-11,2,31,14,17
lccn/sn83045462/1895-11-25,2,5,1,4
lccn/sn83045462/1896-05-16,2,13,2,11
lccn/sn83045462/1895-12-13,2,15,5,10
lccn/sn83045462/1897-10-13,2,16,6,10
lccn/sn83045462/1917-10-07,2,4,1,3
lccn/sn83045462/1918-11-06,2,8,0,8
lccn/sn83045462/1918-10-06,2,6,3,3
lccn/sn85058130/1903-03-01,1,5,7,-2
lccn/sn83045433/1907-08-03,2,10,2,8
lccn/sn84026355/1901-02-02,1,4,5,-1
lccn/sn84026355/1901-05-04,2,16,3,13
lccn/sn83045462/1918-08-24,2,5,3,2
lccn/sn84026749/1916-12-04,2,11,1,10
lccn/sn84026749/1917-06-02,2,22,12,10
lccn/sn84026749/1917-06-30,2,5,3,2
lccn/sn83045462/1918-01-13,1,2,11,-9
lccn/sn84025891/1901-06-15,2,8,5,3
lccn/sn84026355/1901-03-29,2,7,3,4
lccn/sn83045433/1907-09-27,2,3,2,1
lccn/sn95067647/1911-03-09,1,6,14,-8
lccn/sn85034438/1902-09-23,1,8,8,0
lccn/sn85034438/1902-09-24,2,12,8,4
lccn/sn85034438/1902-09-27,2,11,5,6
lccn/sn85038615/1905-11-19,1,3,7,-4
lccn/sn85038615/1905-08-18,2,6,5,1
lccn/sn85038615/1905-08-13,2,9,1,8
lccn/sn85053181/1911-11-24,2,10,3,7
lccn/sn85033964/1874-05-28,1,11,17,-6
lccn/sn85038615/1908-05-16,2,11,0,11
lccn/sn85038615/1908-06-15,2,12,0,12
lccn/sn84026561/1853-09-07,2,20,7,13
lccn/sn84026561/1853-09-14,2,20,2,18
lccn/sn84026561/1853-09-28,2,8,3,5
lccn/sn84026561/1853-09-21,1,8,9,-1
lccn/sn84026561/1855-11-14,1,0,0,0
lccn/sn84026561/1855-11-21,1,0,0,0
lccn/sn84026561/1855-11-28,2,10,6,4
lccn/sn84026561/1855-12-05,2,11,6,5
lccn/sn85033306/1872-08-02,2,18,3,15
lccn/sn85033306/1872-08-09,2,15,4,11
lccn/sn85033306/1872-08-16,2,10,6,4
lccn/sn85033306/1872-08-23,1,3,3,0
lccn/sn85033306/1872-09-06,2,18,4,14
lccn/sn85033306/1872-09-13,2,17,3,14
lccn/sn85033306/1872-09-20,2,6,4,2
lccn/sn85033306/1872-09-27,2,13,2,11
lccn/sn85033306/1872-10-11,2,8,2,6
lccn/sn85033964/1872-08-29,2,9,3,6
lccn/sn85033964/1872-09-12,2,8,5,3
lccn/sn85033964/1872-10-03,2,10,5,5
lccn/sn85033306/1867-01-19,1,11,11,0
lccn/sn85033306/1867-01-26,1,9,10,-1
lccn/sn85033306/1878-05-09,2,9,7,2
lccn/sn85033306/1878-05-30,2,8,7,1
lccn/sn85033964/1870-07-29,2,7,5,2
lccn/sn85033964/1870-08-05,2,5,3,2
lccn/sn85033964/1870-08-19,2,15,6,9
lccn/sn87093407/1901-10-22,2,6,3,3
lccn/sn90059522/1888-08-29,2,7,4,3
lccn/sn90059522/1888-08-30,1,7,8,-1
lccn/sn83045366/1903-06-10,1,10,10,0
lccn/sn83045462/1910-10-19,1,4,21,-17
lccn/sn83045462/1910-10-20,2,11,0,11
lccn/sn88076523/1911-10-27,1,5,5,0
lccn/sn86063615/1899-03-02,1,0,0,0
lccn/sn86063615/1899-03-24,1,2,5,-3
lccn/sn86063615/1898-03-01,1,0,0,0
lccn/sn86063624/1895-04-26,2,7,4,3
lccn/sn88076741/1889-01-18,1,4,4,0
lccn/sn88076741/1890-10-31,1,2,2,0
lccn/sn83045366/1902-06-13,2,8,5,3
lccn/sn83045366/1902-04-24,2,15,4,11
lccn/sn83045366/1902-05-24,2,12,7,5
lccn/sn83045366/1902-03-20,1,1,4,-3
lccn/sn83045366/1902-08-23,1,2,5,-3
lccn/sn83045462/1911-04-24,2,8,6,2
lccn/sn83045462/1911-04-27,1,4,11,-7
lccn/sn83045462/1911-10-07,2,6,0,6
lccn/sn85038615/1910-12-18,2,10,0,10
lccn/sn85033437/1880-07-20,2,12,1,11
lccn/sn85038531/1920-11-04,2,11,0,11
lccn/sn84024738/1881-06-15,1,1,2,-1
lccn/sn88061082/1878-08-17,1,6,11,-5
lccn/sn88061082/1881-08-20,2,11,7,4
lccn/sn88061082/1877-09-15,1,6,9,-3
lccn/sn88061082/1877-09-29,2,7,0,7
lccn/sn88061082/1876-11-11,2,7,1,6
lccn/sn88061082/1877-09-01,2,12,4,8
lccn/sn88061082/1877-08-18,2,2,0,2
lccn/sn88061082/1877-09-08,2,5,1,4
lccn/sn84025841/1898-04-02,2,6,4,2
lccn/sn84025841/1898-03-19,2,9,7,2
lccn/sn83030272/1911-09-21,2,6,3,3
lccn/sn83030272/1911-12-20,1,4,6,-2
lccn/sn83045462/1925-11-22,2,8,3,5
lccn/sn83030272/1912-03-06,1,0,0,0
lccn/sn83030272/1912-02-24,2,7,0,7
lccn/sn82015775/1869-04-04,1,0,0,0
lccn/sn83030272/1912-05-13,1,6,7,-1
lccn/sn83030272/1911-01-21,2,12,3,9
lccn/sn86069161/1889-11-27,1,10,18,-8
lccn/sn86069161/1889-09-18,2,16,7,9
lccn/sn86069161/1889-09-25,1,4,11,-7
lccn/sn85038615/1903-10-16,1,3,5,-2
lccn/sn84025841/1897-11-06,1,4,5,-1
lccn/sn84025841/1897-12-11,1,10,10,0
lccn/sn84025841/1897-12-18,2,9,4,5
lccn/sn84025841/1897-12-25,2,8,7,1
lccn/sn83045462/1925-11-01,2,5,2,3
lccn/sn83045462/1925-06-07,2,6,0,6
lccn/sn87075213/1900-05-12,1,2,2,0
lccn/sn85038119/1903-04-02,1,5,16,-11
lccn/sn98060050/1857-07-25,2,9,8,1
lccn/sn84026853/1877-02-21,2,11,9,2
lccn/sn84026853/1877-05-16,2,14,1,13
lccn/sn88077067/1916-01-21,1,5,7,-2
lccn/2012218613/1886-10-27,2,5,4,1
lccn/2012218613/1887-07-06,2,14,6,8
lccn/2012218613/1890-08-06,2,15,10,5
lccn/sn84026853/1886-04-21,1,17,20,-3
lccn/sn84026907/1894-09-12,2,9,5,4
lccn/sn84026907/1889-01-09,2,2,1,1
lccn/sn82015104/1893-04-15,2,13,4,9
lccn/sn82015104/1892-03-26,1,1,3,-2
lccn/sn82015104/1892-07-27,1,1,1,0
lccn/sn82015104/1892-07-28,1,0,1,-1
lccn/sn82015104/1892-02-20,2,5,2,3
lccn/sn82015104/1892-02-08,1,4,7,-3
lccn/sn82016014/1918-09-07,2,4,1,3
lccn/sn82016014/1918-05-21,1,8,14,-6
lccn/sn82016014/1918-05-10,2,6,2,4
lccn/sn95026977/1907-07-11,2,10,7,3
lccn/sn84026820/1897-07-03,1,12,15,-3
lccn/sn99021999/1907-05-09,2,9,0,9
lccn/sn82014086/1913-03-17,2,8,4,4
lccn/sn82014086/1913-04-05,1,1,3,-2
lccn/sn99021999/1906-12-02,1,10,10,0
lccn/sn99021999/1907-03-19,2,20,1,19
lccn/sn99021999/1907-03-20,1,5,8,-3
lccn/sn99021999/1906-06-16,1,1,3,-2
lccn/sn99021999/1906-06-17,2,6,3,3
lccn/sn99021999/1906-06-18,1,2,4,-2
lccn/sn99021999/1906-06-19,1,2,5,-3
lccn/sn84026820/1912-12-28,2,9,4,5
lccn/sn84026820/1912-06-08,2,13,4,9
lccn/sn84026820/1894-07-07,2,7,3,4
lccn/sn84026820/1894-08-04,1,6,9,-3
lccn/sn82016014/1919-08-20,2,7,3,4
lccn/sn85038615/1913-05-14,1,0,0,0
lccn/sn88064339/1901-10-12,1,1,6,-5
lccn/sn85026941/1880-04-14,1,6,7,-1
lccn/sn84022644/1869-09-18,2,17,4,13
lccn/sn84022644/1869-11-12,2,4,1,3
lccn/sn85026941/1889-05-24,1,7,18,-11
lccn/sn85026941/1896-11-27,2,5,4,1
lccn/sn84026536/1856-07-18,2,17,5,12
lccn/sn84026536/1861-03-21,1,0,4,-4
lccn/sn83025308/1889-05-18,1,3,13,-10
lccn/sn83025308/1889-02-23,2,16,2,14
lccn/sn85026955/1871-06-02,1,11,15,-4
lccn/sn85033437/1873-03-07,1,0,0,0
lccn/sn85033437/1872-06-13,2,12,11,1
lccn/sn84026536/1871-07-14,1,8,8,0
lccn/sn84026536/1870-07-22,2,11,3,8
lccn/sn84026536/1876-09-29,1,2,7,-5
lccn/sn83016107/1872-08-16,2,12,6,6
lccn/sn83016107/1872-08-23,2,12,4,8
lccn/sn83016107/1872-08-30,2,14,4,10
lccn/sn88061082/1878-04-06,1,7,9,-2
lccn/sn89060124/1914-03-27,1,9,14,-5
lccn/sn85038615/1906-08-24,1,7,9,-2
lccn/sn85038615/1906-08-25,2,18,5,13
lccn/sn85038615/1906-01-15,2,9,4,5
lccn/sn85038615/1906-08-17,1,9,9,0
lccn/sn85038615/1906-08-22,2,6,3,3
lccn/sn85038615/1904-09-17,1,2,2,0
lccn/sn85038615/1904-12-16,2,8,0,8
lccn/sn83045462/1927-06-04,1,3,4,-1
lccn/sn83045462/1928-01-22,2,6,0,6
lccn/sn83045462/1927-12-24,2,9,2,7
lccn/sn83045462/1928-03-02,1,3,7,-4
lccn/sn83045462/1928-05-06,2,6,1,5
lccn/sn83045462/1928-05-19,1,1,3,-2
lccn/sn83045462/1927-09-02,1,4,14,-10
lccn/sn83045462/1927-08-14,2,17,6,11
lccn/sn83045462/1927-11-20,2,11,8,3
lccn/sn83045462/1927-11-10,1,5,5,0
lccn/sn85033153/1871-03-09,2,12,7,5
lccn/sn85033153/1869-12-02,1,0,0,0
lccn/sn85033153/1870-06-23,2,6,3,3
lccn/sn85033153/1871-06-08,2,17,6,11
lccn/sn85033139/1921-07-21,1,0,0,0
lccn/sn85033153/1876-02-10,2,18,1,17
lccn/sn86086769/1859-10-04,1,0,0,0
lccn/sn86053488/1880-11-04,1,0,0,0
lccn/sn85033078/1906-11-22,1,0,0,0
lccn/sn85033078/1907-12-05,1,8,10,-2
lccn/sn84031081/1911-09-09,1,2,4,-2
lccn/sn83045389/1918-09-08,2,18,3,15
lccn/sn86069162/1910-02-02,1,16,16,0
lccn/sn85038614/1903-01-18,1,1,2,-1
lccn/sn83045389/1918-08-28,2,10,1,9
lccn/sn83045389/1918-11-09,2,3,2,1
lccn/sn84031081/1913-05-26,2,2,1,1
lccn/sn83016943/1907-10-12,1,6,6,0
lccn/sn83016943/1901-02-16,1,7,8,-1
lccn/sn83030214/1901-10-16,2,9,7,2
lccn/sn85038614/1902-09-13,2,12,4,8
lccn/sn83045389/1919-09-03,2,5,4,1
lccn/sn83045389/1919-09-11,1,0,0,0
lccn/sn86069162/1910-06-01,2,11,5,6
lccn/sn86069162/1910-06-01,2,15,6,9
lccn/sn83030214/1901-10-14,1,9,18,-9
lccn/sn83030214/1901-10-22,1,3,6,-3
lccn/sn83030214/1901-10-27,2,14,10,4
lccn/sn83016926/1880-08-04,2,5,2,3
lccn/sn83016926/1880-08-18,2,5,4,1
lccn/sn83016926/1880-09-08,2,10,2,8
lccn/sn83016926/1877-08-22,1,5,8,-3
lccn/sn83016926/1874-02-19,2,4,3,1
lccn/sn83016926/1874-07-09,1,11,11,0
lccn/sn83016926/1872-07-25,2,11,4,7
lccn/sn83016926/1872-08-15,2,8,5,3
lccn/sn83016926/1872-08-29,2,7,0,7
lccn/sn83016926/1872-09-05,2,14,7,7
lccn/sn84038582/1849-09-28,2,12,3,9
lccn/sn90059522/1889-09-09,2,16,5,11
lccn/sn90059522/1890-11-08,1,5,9,-4
lccn/sn90059522/1890-10-07,2,9,6,3
lccn/sn90059522/1887-12-03,2,15,6,9
lccn/sn90059522/1887-12-29,2,12,5,7
lccn/sn90059523/1899-02-10,2,3,0,3
lccn/sn90059523/1898-09-04,2,6,4,2
lccn/sn90059523/1898-06-15,2,15,8,7
lccn/sn90059523/1898-06-19,2,7,2,5
lccn/sn86071197/1902-01-10,2,12,3,9
lccn/sn88084272/1918-04-03,1,1,1,0
lccn/sn86071197/1899-04-24,2,26,7,19
lccn/sn86071197/1900-01-05,2,5,3,2
lccn/sn86071197/1899-03-20,2,10,3,7
lccn/sn86071197/1898-06-03,2,6,4,2
lccn/sn86071197/1898-05-12,1,2,3,-1
lccn/sn83025733/1885-07-07,2,12,1,11
lccn/sn86088296/1884-06-19,2,23,17,6
lccn/sn86071197/1902-09-01,2,11,4,7
lccn/sn86071197/1902-09-02,2,9,2,7
lccn/sn86071197/1901-01-15,2,10,7,3
lccn/sn86071197/1900-07-28,1,6,8,-2
lccn/sn85038615/1909-09-28,2,5,3,2
lccn/sn85038615/1909-09-17,1,0,0,0
lccn/sn85038615/1909-08-22,2,9,1,8
lccn/sn99063955/1897-06-21,2,15,7,8
lccn/sn99063955/1897-06-28,2,13,6,7
lccn/sn85034438/1901-06-13,2,10,6,4
lccn/sn83045433/1913-10-05,2,12,0,12
lccn/sn82000205/1887-05-16,2,9,5,4
lccn/sn84024441/1896-08-08,1,2,5,-3
lccn/sn84024441/1899-10-30,1,0,0,0
lccn/sn84024442/1896-04-24,2,2,0,2
lccn/sn87062244/1895-04-19,1,0,0,0
lccn/sn84022279/1885-06-25,1,3,3,0
lccn/sn84022279/1874-11-28,1,0,0,0
lccn/sn83030193/1893-12-18,2,4,3,1
lccn/sn83030193/1894-09-24,1,4,7,-3
lccn/sn98069867/1919-10-13,2,10,2,8
lccn/sn98069867/1919-09-10,1,8,9,-1
lccn/sn83030214/1913-03-21,2,3,2,1
lccn/sn84031492/1878-04-21,1,11,11,0
lccn/sn84031492/1878-09-22,1,6,7,-1
lccn/sn85033139/1886-07-29,1,0,0,0
lccn/sn85033139/1886-08-19,1,4,6,-2
lccn/sn83045160/1873-01-06,2,7,3,4
lccn/sn83045160/1873-01-15,2,6,0,6
lccn/sn83045160/1873-01-22,2,5,2,3
lccn/sn83045160/1873-11-21,2,3,1,2
lccn/sn83045160/1874-07-18,1,0,0,0
lccn/sn83045160/1874-07-21,1,0,0,0
lccn/sn83045604/1896-10-13,2,4,2,2
lccn/sn83045604/1900-09-10,1,2,17,-15
lccn/sn91068245/1892-08-25,1,3,6,-3
lccn/sn91068245/1890-07-24,2,6,3,3
lccn/sn85033139/1877-12-27,2,9,6,3
lccn/sn85033139/1886-02-11,2,5,4,1
lccn/sn85033139/1888-08-23,1,0,0,0
lccn/sn85033139/1881-08-25,1,0,0,0
lccn/sn85033139/1881-09-01,1,0,0,0
lccn/sn85033139/1881-09-08,1,0,0,0
lccn/sn83045160/1875-09-15,1,5,18,-13
lccn/sn83045604/1899-05-01,2,14,1,13
lccn/sn84026965/1877-07-19,2,16,6,10
lccn/sn84026965/1877-09-06,2,6,4,2
lccn/sn86072143/1903-07-23,1,5,5,0
lccn/sn98060050/1891-05-08,1,3,10,-7
lccn/sn86072143/1866-02-09,1,0,0,0
lccn/sn86072143/1896-02-20,1,11,16,-5
lccn/sn86072143/1911-11-30,1,5,6,-1
lccn/sn86072143/1911-12-21,2,8,2,6
lccn/sn86072143/1908-07-02,1,4,15,-11
lccn/sn86072143/1908-11-26,1,0,2,-2
lccn/sn86072143/1904-01-21,1,2,7,-5
lccn/sn86072143/1905-12-21,2,11,5,6
lccn/sn86072143/1906-04-05,1,3,4,-1
lccn/sn86072143/1907-10-24,2,10,3,7
lccn/sn86072143/1907-11-07,2,11,3,8
lccn/sn86072143/1906-08-30,2,5,4,1
lccn/sn86072143/1906-09-27,1,2,9,-7
lccn/sn86072143/1905-07-13,2,10,2,8
lccn/sn86072143/1904-06-09,1,2,2,0
lccn/sn98060050/1897-07-30,2,7,3,4
lccn/sn98060050/1897-08-06,2,26,11,15
lccn/sn98060050/1895-01-18,2,7,2,5
lccn/sn98060050/1895-04-05,2,11,4,7
lccn/sn98060050/1892-09-30,2,10,1,9
lccn/sn98060050/1893-11-24,2,5,3,2
lccn/sn98060050/1905-10-13,1,7,13,-6
lccn/sn98060050/1906-01-05,1,17,17,0
lccn/sn98060050/1906-03-30,1,0,1,-1
lccn/sn98060050/1910-01-14,1,10,16,-6
lccn/sn98060050/1910-02-11,2,7,3,4
lccn/sn98060050/1901-07-19,1,0,7,-7
lccn/sn98060050/1901-08-16,2,7,4,3
lccn/sn98060050/1899-02-17,1,4,4,0
lccn/sn98060050/1899-06-02,2,6,3,3
lccn/sn98060050/1899-06-16,2,5,3,2
lccn/sn98060050/1910-07-22,1,5,10,-5
lccn/sn98060050/1910-08-19,2,8,3,5
lccn/sn86072143/1887-07-22,1,5,5,0
lccn/sn83045462/1885-03-04,2,12,3,9
lccn/sn83045462/1881-09-05,2,2,0,2
lccn/sn83045462/1881-09-06,2,8,2,6
lccn/sn83045462/1881-09-19,1,0,0,0
lccn/sn83045462/1881-09-22,1,0,0,0
lccn/sn83030214/1895-06-09,2,7,6,1
lccn/sn83045462/1914-11-08,2,5,3,2
lccn/sn83045211/1922-09-01,2,13,5,8
lccn/sn83045211/1920-09-28,2,9,8,1
lccn/sn83045211/1921-09-02,2,9,3,6
lccn/sn83045211/1922-12-18,1,2,2,0
lccn/sn83045462/1914-10-15,2,15,6,9
lccn/sn83045211/1922-10-18,2,11,7,4
lccn/sn83045211/1922-06-07,2,9,2,7
lccn/sn83045462/1921-01-17,2,5,1,4
lccn/sn84020274/1900-01-05,1,3,7,-4
lccn/sn84020274/1902-06-22,1,5,7,-2
lccn/sn84020274/1900-12-06,1,8,8,0
lccn/sn84020274/1900-06-24,2,17,7,10
lccn/sn83045366/1903-09-22,2,10,9,1
lccn/sn83045366/1903-09-23,2,14,3,11
lccn/sn83025287/1883-09-07,1,9,16,-7
lccn/sn83025287/1883-01-07,1,0,0,0
lccn/sn83045462/1904-03-10,2,15,0,15
lccn/sn90059522/1884-08-23,2,8,7,1
lccn/sn90059522/1884-08-27,2,7,4,3
lccn/sn90059522/1884-08-28,2,9,5,4
lccn/sn90059522/1885-11-17,2,4,1,3
lccn/sn84020274/1900-06-26,2,6,2,4
lccn/sn84020274/1900-06-16,1,7,13,-6
lccn/sn84020274/1900-06-17,1,4,5,-1
lccn/sn84020274/1900-06-19,2,8,3,5
lccn/sn84020274/1900-06-21,2,5,4,1
lccn/sn84020274/1900-06-23,2,14,11,3
lccn/sn84020274/1901-10-01,1,5,15,-10
lccn/sn90059522/1884-03-27,1,5,10,-5
lccn/sn90059522/1885-02-24,2,13,3,10
lccn/sn83025287/1883-10-07,1,1,1,0
lccn/sn83030214/1906-01-07,2,8,5,3
lccn/sn83045366/1906-03-01,2,17,1,16
lccn/sn85058130/1907-06-29,2,5,3,2
lccn/sn85058130/1906-11-11,2,13,5,8
lccn/sn85058130/1899-02-15,1,12,17,-5
lccn/sn85058130/1899-02-22,2,16,10,6
lccn/sn85058130/1899-03-12,2,13,9,4
lccn/sn85058130/1899-11-05,1,7,13,-6
lccn/sn85058130/1899-01-04,2,22,10,12
lccn/sn85058130/1898-09-12,2,30,23,7
lccn/sn85058130/1898-09-22,2,7,1,6
lccn/sn85058130/1898-09-23,1,17,20,-3
lccn/sn85058130/1908-04-01,2,12,5,7
lccn/sn83045433/1915-02-22,1,2,7,-5
lccn/sn85058130/1899-09-17,1,4,10,-6
lccn/sn85058130/1899-07-13,1,11,12,-1
lccn/sn85058130/1899-05-19,2,13,5,8
lccn/sn85058130/1899-05-20,2,14,4,10
lccn/sn85058130/1896-06-07,1,5,7,-2
lccn/sn85058130/1896-06-12,1,11,13,-2
lccn/sn85058130/1897-01-03,2,30,1,29
lccn/sn85058130/1899-08-04,2,17,7,10
lccn/sn84026749/1915-01-15,2,5,3,2
lccn/sn85058130/1906-09-18,2,13,4,9
lccn/sn84026749/1913-12-20,2,11,2,9
lccn/sn84026749/1913-12-21,2,8,3,5
lccn/sn84026749/1913-12-23,2,7,2,5
lccn/sn84026749/1913-12-24,2,7,0,7
lccn/sn84026749/1913-11-18,2,11,8,3
lccn/sn84026749/1913-10-22,2,10,5,5
lccn/sn84026749/1913-10-23,2,12,3,9
lccn/sn84026749/1913-10-24,2,16,1,15
lccn/sn84026749/1913-10-25,2,9,1,8
lccn/sn84026749/1913-10-27,1,2,2,0
lccn/sn84026749/1913-10-28,1,0,0,0
lccn/sn84026749/1913-10-31,2,11,0,11
lccn/sn84026749/1913-11-03,2,7,2,5
lccn/sn84026749/1913-11-04,2,5,0,5
lccn/sn84026749/1913-11-05,2,6,3,3
lccn/sn84026749/1913-11-06,2,13,2,11
lccn/sn84026749/1913-11-07,2,7,1,6
lccn/sn84026749/1913-11-09,1,4,5,-1
lccn/sn84026749/1913-11-12,2,11,6,5
lccn/sn84026749/1913-11-20,1,1,10,-9
lccn/sn84026749/1913-11-21,2,11,1,10
lccn/sn84026749/1913-11-25,2,9,2,7
lccn/sn84026749/1913-12-05,2,7,0,7
lccn/sn84026749/1913-12-13,2,16,2,14
lccn/sn84026749/1913-12-15,2,6,0,6
lccn/sn83045450/1855-11-07,2,13,7,6
lccn/sn83045450/1855-12-08,1,0,0,0
lccn/sn86075261/1889-12-07,1,1,7,-6
lccn/sn83045450/1855-10-27,1,0,0,0
lccn/sn83045450/1856-12-06,2,3,2,1
lccn/sn83045450/1856-12-10,2,11,2,9
lccn/sn83045450/1856-12-13,2,4,2,2
lccn/sn83045450/1857-01-03,2,8,0,8
lccn/sn83045450/1857-02-21,2,11,0,11
lccn/sn83045450/1856-12-03,2,13,2,11
lccn/sn83045450/1856-12-24,2,7,3,4
lccn/sn83045450/1857-01-07,2,2,0,2
lccn/sn83045450/1857-02-28,2,10,0,10
lccn/sn83045450/1857-09-26,2,10,1,9
lccn/sn83045450/1857-09-30,2,10,1,9
lccn/sn83045450/1857-11-04,2,13,3,10
lccn/sn83045450/1857-11-11,2,4,2,2
lccn/sn83045450/1857-12-05,2,4,0,4
lccn/sn83045450/1857-12-09,2,5,0,5
lccn/sn83045450/1857-12-12,2,4,2,2
lccn/sn83045450/1857-12-30,2,16,6,10
lccn/sn83045450/1858-01-06,2,5,2,3
lccn/sn83045450/1858-01-09,2,12,5,7
lccn/sn83045450/1858-01-20,1,4,7,-3
lccn/sn83045450/1858-01-27,1,5,7,-2
lccn/sn83045450/1858-01-30,1,4,7,-3
lccn/sn83045450/1858-02-03,2,5,3,2
lccn/sn83045450/1858-02-06,2,9,3,6
lccn/sn83045450/1857-09-23,2,8,2,6
lccn/sn83045450/1857-10-17,2,13,10,3
lccn/sn83045450/1857-10-28,2,9,1,8
lccn/sn83045450/1857-11-07,2,7,1,6
lccn/sn83045450/1858-01-13,2,9,3,6
lccn/sn83045450/1858-01-23,2,8,3,5
lccn/sn83045450/1858-02-10,2,5,0,5
lccn/sn83045450/1860-06-16,2,16,3,13
lccn/sn83045450/1860-06-27,2,11,3,8
lccn/sn83045450/1860-07-04,2,8,3,5
lccn/sn83045450/1860-10-31,2,11,10,1
lccn/sn83045450/1860-06-23,1,1,4,-3
lccn/sn83045450/1860-07-07,2,10,1,9
lccn/sn84026844/1875-11-19,1,3,5,-2
lccn/sn84023209/1850-07-04,1,8,11,-3
lccn/sn84026844/1876-03-03,2,3,2,1
lccn/sn84026844/1867-02-02,2,6,4,2
lccn/sn84026844/1870-08-06,2,3,1,2
lccn/sn84026844/1870-08-08,2,7,2,5
lccn/sn84026844/1870-08-13,2,8,5,3
lccn/sn84026844/1870-08-15,2,8,5,3
lccn/sn84026844/1870-08-22,1,1,2,-1
lccn/sn84026844/1870-08-26,2,14,0,14
lccn/sn84026844/1866-10-29,1,3,4,-1
lccn/sn84026844/1871-08-25,2,5,4,1
lccn/sn84026844/1871-08-29,2,4,2,2
lccn/sn84026844/1871-09-08,2,6,2,4
lccn/sn84026844/1872-12-16,2,8,2,6
lccn/sn84026844/1870-09-17,1,4,5,-1
lccn/sn84026844/1870-09-27,2,2,0,2
lccn/sn84026844/1870-10-07,1,0,0,0
lccn/sn84026844/1873-06-05,1,3,9,-6
lccn/sn84026844/1875-04-28,1,0,3,-3
lccn/sn84026844/1875-06-21,1,6,8,-2
lccn/sn84028385/1862-02-05,2,15,7,8
lccn/sn84028385/1862-10-01,1,7,8,-1
lccn/sn86053573/1880-04-23,2,18,6,12
lccn/sn84024442/1897-02-16,2,13,4,9
lccn/sn84026749/1905-06-04,2,14,4,10
lccn/sn86053573/1883-11-14,1,3,12,-9
lccn/sn83030214/1906-06-30,2,3,0,3
lccn/sn83030214/1908-07-17,2,3,0,3
lccn/sn83045433/1911-06-06,1,4,10,-6
lccn/sn83045433/1911-02-13,1,5,5,0
lccn/sn83045555/1899-06-20,2,20,17,3
lccn/sn86053573/1875-12-02,2,24,7,17
lccn/sn87062244/1894-09-16,1,0,0,0
lccn/sn83045555/1898-09-09,1,6,7,-1
lccn/sn87062244/1895-03-09,2,7,4,3
lccn/sn85054468/1899-09-15,1,7,8,-1
lccn/sn83045433/1913-09-21,1,1,7,-6
lccn/sn83045211/1916-04-20,2,11,3,8
lccn/sn83045555/1900-10-12,2,7,5,2
lccn/sn83030214/1909-01-19,1,0,0,0
lccn/sn83045211/1916-08-24,1,4,15,-11
lccn/sn85058130/1909-06-13,2,4,0,4
lccn/sn83045211/1916-06-06,1,6,7,-1
lccn/sn85058130/1909-05-21,1,8,13,-5
lccn/sn83045211/1916-02-22,2,6,3,3
lccn/sn83045211/1916-06-15,2,7,4,3
lccn/sn83045211/1916-06-20,2,4,0,4
lccn/sn83045211/1916-06-22,2,9,3,6
lccn/sn83045211/1916-06-24,2,6,1,5
lccn/sn83045211/1916-07-01,2,10,3,7
lccn/sn83045211/1916-04-18,2,11,2,9
lccn/sn82016014/1899-10-17,2,10,2,8
lccn/sn82015679/1896-02-03,2,10,1,9
lccn/sn82015679/1895-05-16,2,7,5,2
lccn/sn82015679/1895-06-15,2,23,3,20
lccn/sn82015679/1895-12-11,2,15,12,3
lccn/sn82015104/1893-12-23,2,9,8,1
lccn/sn82015679/1897-03-25,1,0,0,0
lccn/sn82015679/1897-04-18,1,10,12,-2
lccn/sn82015679/1897-02-17,2,7,0,7
lccn/sn82015679/1897-02-22,1,6,9,-3
lccn/sn82015679/1897-02-06,2,7,4,3
lccn/sn82015679/1897-02-12,1,4,10,-6
lccn/sn82015679/1896-12-28,1,10,11,-1
lccn/sn82015679/1896-04-09,2,6,1,5
lccn/sn82015679/1896-03-14,2,4,2,2
lccn/sn82015679/1896-03-22,2,10,8,2
lccn/sn82015679/1896-05-31,1,3,5,-2
lccn/sn82015679/1896-06-05,1,1,8,-7
lccn/sn82015679/1896-06-06,1,1,11,-10
lccn/sn89064525/1889-10-18,2,10,6,4
lccn/sn92053943/1881-08-03,2,13,9,4
lccn/sn94052989/1894-02-01,1,5,11,-6
lccn/sn94052989/1894-01-09,2,12,9,3
lccn/sn89064525/1892-04-22,2,15,4,11
lccn/sn94052989/1894-04-29,2,9,8,1
lccn/sn94052989/1894-05-12,2,22,12,10
lccn/sn82015679/1895-05-20,2,13,10,3
lccn/sn84024546/1890-02-16,2,15,4,11
lccn/sn84024546/1890-02-23,1,8,11,-3
lccn/sn84024546/1889-12-08,2,12,3,9
lccn/sn84024546/1889-05-18,1,12,21,-9
lccn/sn84024546/1890-10-10,2,8,2,6
lccn/sn83045462/1895-02-04,1,7,13,-6
lccn/sn85058130/1908-12-04,2,15,8,7
lccn/sn83045462/1895-09-18,2,7,2,5
lccn/sn83045462/1895-10-12,2,7,2,5
lccn/sn83045462/1896-01-02,1,3,4,-1
lccn/sn85058140/1909-10-09,2,12,1,11
lccn/sn83045462/1897-07-08,1,8,13,-5
lccn/sn83045462/1896-11-23,2,7,3,4
lccn/sn83045462/1896-11-09,2,8,7,1
lccn/sn85058130/1908-09-20,1,0,0,0
lccn/sn83045462/1896-12-15,2,13,2,11
lccn/sn83045462/1896-07-01,2,4,3,1
lccn/sn85058130/1909-05-06,1,12,13,-1
lccn/sn83045462/1897-01-13,2,10,7,3
lccn/sn83045462/1897-02-26,2,9,5,4
lccn/sn83045462/1897-02-26,1,0,0,0
lccn/sn83045555/1910-06-16,2,3,1,2
lccn/sn83045555/1910-06-18,2,4,3,1
lccn/sn83045555/1910-06-18,1,9,9,0
lccn/sn83045555/1910-06-25,1,2,6,-4
lccn/sn83045555/1906-06-07,2,5,3,2
lccn/sn84026844/1887-05-10,1,0,0,0
lccn/sn84026844/1890-11-07,2,10,3,7
lccn/sn83045604/1891-09-05,2,1,0,1
lccn/sn83045604/1891-03-29,2,9,3,6
lccn/sn83045604/1891-04-15,2,7,2,5
lccn/sn83045604/1890-10-31,1,0,0,0
lccn/sn83045604/1890-09-18,2,17,1,16
lccn/sn84026844/1879-01-30,2,4,1,3
lccn/sn84026844/1879-02-01,1,0,0,0
lccn/sn84026844/1879-02-24,1,3,7,-4
lccn/sn83045604/1890-09-16,2,11,1,10
lccn/sn83045604/1892-01-15,2,11,3,8
lccn/sn83045604/1891-10-20,1,0,0,0
lccn/sn83045604/1891-09-23,2,16,4,12
lccn/sn83035487/1854-05-06,2,9,1,8
lccn/sn83030214/1903-12-06,2,14,0,14
lccn/sn84020274/1901-03-20,1,0,0,0
lccn/sn84020274/1901-06-07,1,5,7,-2
lccn/sn83045366/1903-01-27,2,19,12,7
lccn/sn84020274/1901-06-22,2,14,10,4
lccn/sn84031492/1880-12-30,1,4,4,0
lccn/sn83025287/1880-06-15,2,11,6,5
lccn/sn83025287/1881-03-10,2,9,3,6
lccn/sn83025287/1882-09-18,2,9,6,3
lccn/sn84020274/1903-01-20,2,6,1,5
lccn/sn83045366/1905-03-25,2,11,3,8
lccn/sn83045366/1902-12-26,2,11,10,1
lccn/sn83045366/1902-09-20,1,9,11,-2
lccn/sn83045366/1906-07-13,1,4,9,-5
lccn/sn83045366/1906-05-26,1,3,5,-2
lccn/sn83045366/1903-03-24,2,15,13,2
lccn/sn85058130/1906-03-11,2,4,2,2
lccn/sn85058130/1906-06-14,2,7,3,4
lccn/sn85058130/1906-06-17,2,8,0,8
lccn/sn85058130/1906-06-22,2,4,0,4
lccn/sn85058130/1906-05-14,2,17,6,11
lccn/sn85058130/1906-04-14,1,7,12,-5
lccn/sn83045555/1903-06-23,2,27,6,21
lccn/sn83045555/1905-01-31,1,5,10,-5
lccn/sn83045555/1905-03-28,2,10,6,4
lccn/sn83045555/1905-01-20,1,4,12,-8
lccn/sn83045555/1910-12-21,1,3,6,-3
lccn/sn83045555/1901-08-22,2,19,16,3
lccn/sn83045555/1901-09-07,2,14,10,4
lccn/sn83045555/1901-09-14,1,6,7,-1
lccn/sn83045555/1909-03-06,2,16,5,11
lccn/sn83045555/1901-07-19,1,5,10,-5
lccn/sn83045555/1905-08-15,1,6,12,-6
lccn/sn83045555/1905-09-22,2,16,9,7
lccn/sn83045555/1905-08-30,1,3,9,-6
lccn/sn83045555/1905-08-29,1,1,10,-9
lccn/sn83045555/1910-05-10,2,7,5,2
lccn/sn84026847/1871-01-24,1,5,10,-5
lccn/sn84026847/1871-01-30,2,17,1,16
lccn/sn84026847/1871-02-01,1,0,1,-1
lccn/sn84026847/1872-03-12,2,7,4,3
lccn/sn84026847/1872-05-04,1,0,0,0
lccn/sn84026847/1871-01-10,2,8,5,3
lccn/sn84026847/1871-01-12,1,5,9,-4
lccn/sn84026847/1871-01-13,2,7,6,1
lccn/sn84026847/1871-01-14,2,12,8,4
lccn/sn84026847/1871-01-19,2,6,0,6
lccn/sn84026847/1870-09-20,2,8,7,1
lccn/sn84026847/1870-10-05,1,6,8,-2
lccn/sn84026847/1870-10-19,2,6,2,4
lccn/sn84026847/1870-10-31,2,19,5,14
lccn/sn84026847/1870-11-01,2,13,5,8
lccn/sn84026847/1870-11-05,2,14,8,6
lccn/sn84026847/1870-11-09,2,11,4,7
lccn/sn84026847/1870-11-10,2,14,6,8
lccn/sn84026847/1870-11-23,2,19,6,13
lccn/sn84026824/1880-11-27,2,14,5,9
lccn/sn84026824/1882-04-01,2,15,3,12
lccn/sn84026824/1882-07-29,2,14,3,11
lccn/sn84026847/1870-07-21,2,4,2,2
lccn/sn84026847/1870-07-22,1,5,6,-1
lccn/sn84026847/1870-07-23,2,9,2,7
lccn/sn84026847/1870-08-04,2,7,2,5
lccn/sn84026847/1870-08-05,2,5,4,1
lccn/sn84026847/1870-08-10,2,5,3,2
lccn/sn98060001/1883-01-19,2,4,1,3
lccn/sn84026824/1875-07-24,2,20,7,13
lccn/sn83045555/1906-01-30,2,8,7,1
lccn/sn83030214/1902-01-02,2,9,3,6
lccn/sn83030214/1907-06-02,2,5,4,1
lccn/sn83030214/1902-01-09,1,0,0,0
lccn/sn85058130/1897-09-29,2,11,3,8
lccn/sn85058130/1897-05-27,2,19,8,11
lccn/sn85058130/1897-07-10,2,35,21,14
lccn/sn85058130/1897-12-22,1,8,8,0
lccn/sn85058130/1898-01-06,2,29,19,10
lccn/sn85058130/1896-12-25,2,15,4,11
lccn/sn85058130/1898-07-02,2,18,2,16
lccn/sn85058130/1898-08-20,2,19,5,14
lccn/sn85058130/1895-05-20,2,8,7,1
lccn/sn85058130/1895-06-10,2,11,4,7
lccn/sn85058130/1895-11-27,1,7,7,0
lccn/sn85058130/1896-04-09,1,0,0,0
lccn/sn83016483/1867-06-05,2,15,5,10
lccn/sn83045389/1921-04-24,2,12,8,4
lccn/sn83045389/1921-05-15,1,0,0,0
lccn/sn83025287/1879-09-09,2,14,6,8
lccn/sn83025287/1879-11-09,2,6,4,2
lccn/sn83025287/1879-07-18,1,9,9,0
lccn/sn83016810/1890-07-12,2,7,5,2
lccn/sn83016758/1899-02-16,2,12,4,8
lccn/sn84026749/1904-11-11,2,7,4,3
lccn/sn84026749/1909-08-24,2,8,4,4
lccn/sn83030214/1906-10-04,1,0,0,0
lccn/sn83030214/1906-10-27,1,5,5,0
lccn/sn83045433/1914-01-25,2,15,1,14
lccn/sn83045462/1922-07-29,2,3,0,3
lccn/sn83045462/1922-02-04,2,13,0,13
lccn/sn83045462/1922-07-20,1,0,0,0
lccn/sn83045462/1922-04-12,2,4,2,2
lccn/sn84022770/1888-02-03,1,2,7,-5
lccn/sn85026034/1877-03-23,1,0,0,0
lccn/sn91066782/1911-10-26,2,12,8,4
lccn/sn91066782/1907-01-16,2,16,6,10
lccn/sn85026241/1874-01-08,2,17,7,10
lccn/sn85026241/1878-01-03,2,5,1,4
lccn/sn85026241/1869-12-02,1,6,6,0
lccn/sn85026241/1870-06-16,2,19,3,16
lccn/sn85026241/1870-07-07,2,9,1,8
lccn/sn85026241/1870-07-14,2,4,2,2
lccn/sn85026241/1870-07-21,2,7,1,6
lccn/sn85026241/1870-07-28,2,7,3,4
lccn/sn85026241/1870-08-11,2,8,3,5
lccn/sn85026241/1870-08-18,2,11,2,9
lccn/sn85026241/1870-09-01,2,8,3,5
lccn/sn85026241/1870-10-06,2,5,4,1
lccn/sn85026241/1870-10-13,2,13,2,11
lccn/sn85026241/1870-10-20,2,8,0,8
lccn/sn85026241/1875-08-19,2,11,5,6
lccn/sn85026241/1876-03-02,1,0,3,-3
lccn/sn85026241/1856-01-17,2,8,2,6
lccn/sn85026241/1860-02-16,2,8,4,4
lccn/sn85026241/1891-02-19,1,4,7,-3
lccn/sn85026241/1886-09-09,2,5,4,1
lccn/sn85026241/1886-09-16,2,7,6,1
lccn/sn85026241/1887-01-20,1,9,16,-7
lccn/sn85026241/1892-06-09,2,13,11,2
lccn/sn85026241/1889-03-28,2,13,8,5
lccn/sn85026241/1889-07-18,1,2,4,-2
lccn/sn85026241/1884-02-07,1,10,10,0
lccn/sn84023253/1890-10-23,2,12,5,7
lccn/sn85026241/1870-10-27,2,13,3,10
lccn/sn85026241/1870-11-03,2,6,4,2
lccn/sn82003410/1852-04-13,2,12,6,6
lccn/sn83030214/1883-11-08,2,7,6,1
lccn/sn83030214/1883-12-14,2,8,6,2
lccn/sn86053573/1883-05-29,2,28,10,18
lccn/sn83045462/1901-11-30,1,0,0,0
lccn/sn83045462/1899-06-03,2,7,4,3
lccn/sn83045462/1900-07-24,2,5,2,3
lccn/sn83045462/1901-06-14,2,7,5,2
lccn/sn83045462/1901-06-20,2,9,3,6
lccn/sn83045462/1901-10-19,1,2,3,-1
lccn/sn83045462/1901-12-14,2,7,2,5
lccn/sn83045462/1901-09-26,1,6,17,-11
lccn/sn83032199/1872-04-10,2,4,3,1
lccn/sn83032199/1873-01-29,2,4,2,2
lccn/sn85054616/1857-12-23,2,12,2,10
lccn/sn81004761/1867-09-04,2,2,1,1
lccn/sn84026749/1906-02-18,2,4,3,1
lccn/sn84026749/1909-09-15,1,8,9,-1
lccn/sn84026749/1909-09-17,1,3,9,-6
lccn/sn85025620/1882-11-16,1,2,4,-2
lccn/sn90059522/1887-05-28,1,4,6,-2
lccn/sn90059522/1895-04-19,2,5,3,2
lccn/sn90059522/1895-04-19,1,6,7,-1
lccn/sn90059522/1896-04-29,2,14,3,11
lccn/sn90059522/1895-02-06,1,2,3,-1
lccn/sn89066163/1866-08-24,1,3,6,-3
lccn/sn89066163/1866-08-31,2,7,4,3
lccn/sn83045462/1903-09-12,2,9,1,8
lccn/sn83045462/1903-09-14,2,11,10,1
lccn/sn83045462/1903-09-16,2,9,3,6
lccn/sn83045462/1903-09-18,2,15,9,6
lccn/sn83045462/1903-12-10,2,5,2,3
lccn/sn83045462/1903-12-12,2,10,4,6
lccn/sn83045462/1903-09-22,2,15,6,9
lccn/sn82015679/1887-07-15,1,2,2,0
lccn/sn83045462/1903-10-24,2,6,3,3
lccn/sn83045462/1903-10-31,1,11,17,-6
lccn/sn83045462/1903-11-06,1,1,7,-6
lccn/sn83045462/1904-01-02,2,7,3,4
lccn/sn83045462/1903-12-01,2,12,3,9
lccn/sn83045462/1903-12-02,2,8,2,6
lccn/sn83045462/1903-12-08,1,1,2,-1
lccn/sn83045462/1903-11-30,2,3,2,1
lccn/sn83045462/1903-12-03,2,6,3,3
lccn/sn83045462/1903-12-09,1,2,2,0
lccn/sn83045462/1903-11-19,2,4,3,1
lccn/sn83045462/1903-11-24,2,1,0,1
lccn/sn83045462/1903-11-27,2,10,7,3
lccn/sn83045462/1903-11-17,2,10,9,1
lccn/sn83045462/1903-11-26,2,8,6,2
lccn/sn83045462/1903-11-28,2,17,9,8
lccn/sn83045462/1903-09-23,2,11,6,5
lccn/sn83045462/1903-09-25,1,3,4,-1
lccn/sn83045462/1903-10-01,1,4,4,0
lccn/sn83045462/1903-10-02,1,0,0,0
lccn/sn83045462/1903-10-07,1,1,3,-2
lccn/sn83045462/1903-12-22,2,4,1,3
lccn/sn83045462/1903-12-23,2,7,6,1
lccn/sn83045462/1903-10-05,1,3,5,-2
lccn/sn83045462/1903-10-08,1,2,5,-3
lccn/sn83045462/1903-10-09,1,7,9,-2
lccn/sn83045462/1903-12-21,2,5,0,5
lccn/sn86071719/1883-06-20,1,1,5,-4
lccn/sn86071719/1885-04-15,1,2,9,-7
lccn/sn86071719/1888-05-09,2,5,3,2
lccn/sn86071719/1887-09-14,2,2,0,2
lccn/sn86071719/1883-11-14,2,3,1,2
lccn/sn86072143/1913-05-01,1,3,3,0
lccn/sn86072143/1919-10-30,2,2,0,2
lccn/sn86072143/1920-03-11,1,4,7,-3
lccn/sn86072143/1920-07-15,1,0,0,0
lccn/sn86072143/1920-10-14,2,12,4,8
lccn/sn86072143/1920-12-02,2,4,3,1
lccn/sn86072143/1916-05-18,1,3,5,-2
lccn/sn86072143/1916-06-01,1,4,7,-3
lccn/sn98060050/1872-05-17,1,9,9,0
lccn/sn98060050/1911-03-03,2,6,3,3
lccn/sn98060050/1911-03-10,1,2,3,-1
lccn/sn98060050/1912-01-12,1,4,4,0
lccn/sn98060050/1912-05-10,2,6,2,4
lccn/sn98060050/1912-05-17,2,11,7,4
lccn/sn86072143/1916-07-13,1,0,4,-4
lccn/sn86072143/1919-03-20,1,6,10,-4
lccn/sn86072143/1919-04-17,1,5,9,-4
lccn/sn86072143/1919-06-12,2,8,2,6
lccn/sn86072143/1914-12-10,2,5,3,2
lccn/sn86072143/1915-01-07,1,2,6,-4
lccn/sn86072143/1916-01-13,1,2,2,0
lccn/sn86072143/1916-05-11,1,3,6,-3
lccn/sn86072143/1917-11-08,2,15,1,14
lccn/sn86072143/1917-11-15,2,6,4,2
lccn/sn86072143/1918-01-03,2,9,4,5
lccn/sn86072143/1918-01-10,2,7,0,7
lccn/sn86072143/1915-04-29,2,14,5,9
lccn/sn86072143/1915-09-16,1,2,9,-7
lccn/sn86072143/1913-09-18,1,1,9,-8
lccn/sn86072143/1913-12-11,2,7,1,6
lccn/sn86072143/1913-12-25,1,1,7,-6
lccn/sn86072143/1913-12-25,2,6,2,4
lccn/sn86072143/1914-02-26,2,11,2,9
lccn/sn86072143/1914-06-11,2,5,1,4
lccn/sn86072143/1914-06-18,1,5,10,-5
lccn/sn83045462/1907-03-06,2,10,3,7
lccn/sn89067274/1897-04-01,1,9,13,-4
lccn/sn89067274/1897-08-19,1,3,13,-10
lccn/sn89067274/1905-05-25,2,17,13,4
lccn/sn89067274/1905-07-13,1,12,13,-1
lccn/sn89067274/1900-12-27,2,20,2,18
lccn/sn89067274/1912-04-25,2,6,5,1
lccn/sn82015679/1890-01-30,1,6,15,-9
lccn/sn82015679/1890-03-22,2,9,6,3
lccn/sn84026749/1909-03-14,2,12,5,7
lccn/sn82015679/1888-07-18,2,6,3,3
lccn/sn89067274/1918-05-09,1,3,11,-8
lccn/sn89067274/1914-03-19,2,11,3,8
lccn/sn82015483/1886-10-16,1,0,0,0
lccn/sn82015483/1889-04-10,1,7,8,-1
lccn/sn82015483/1887-08-05,1,4,4,0
lccn/sn82015483/1888-11-17,1,9,12,-3
lccn/sn85054468/1900-09-13,2,25,7,18
lccn/sn85025007/1881-02-03,2,10,2,8
lccn/sn84031081/1922-09-02,1,5,5,0
lccn/sn85025007/1878-07-13,2,8,4,4
lccn/sn85025007/1879-08-05,2,5,0,5
lccn/sn85025007/1879-09-22,2,8,4,4
lccn/sn84020631/1890-12-30,1,1,5,-4
lccn/sn85034039/1870-09-30,1,2,3,-1
lccn/sn90059522/1893-02-06,2,21,14,7
lccn/sn90059522/1893-02-06,2,23,11,12
lccn/sn90059522/1892-02-10,1,3,3,0
lccn/sn90059522/1891-11-08,1,8,8,0
lccn/sn90059522/1891-09-28,2,13,2,11
lccn/sn90059522/1891-09-29,2,10,3,7
lccn/sn90059522/1886-06-17,2,17,2,15
lccn/sn90059522/1886-08-31,2,19,7,12
lccn/sn90059523/1902-01-26,2,15,4,11
lccn/sn90059523/1902-02-02,1,3,3,0
lccn/sn90059523/1902-02-02,2,5,3,2
lccn/sn90061417/1893-11-03,1,4,4,0
lccn/sn90061417/1898-08-05,2,5,2,3
lccn/sn90061417/1897-09-03,1,9,15,-6
lccn/sn90061417/1898-02-04,2,9,5,4
lccn/sn85034039/1879-02-28,1,8,11,-3
lccn/sn85034039/1879-03-28,1,3,3,0
lccn/sn90059522/1886-05-24,2,27,7,20
lccn/sn84024735/1842-02-22,2,17,11,6
lccn/sn87065532/1893-08-18,2,15,7,8
lccn/sn93061407/1893-08-03,2,13,3,10
lccn/sn93061407/1893-08-10,2,9,5,4
lccn/sn83045555/1904-02-13,2,14,4,10
lccn/sn83045555/1904-02-25,2,9,3,6
lccn/sn83045555/1904-01-27,2,13,8,5
lccn/sn86053573/1884-12-06,2,7,5,2
lccn/sn86053573/1885-01-10,2,9,6,3
lccn/sn86053573/1884-09-15,1,4,7,-3
lccn/sn82000205/1888-03-10,2,11,4,7
lccn/sn84026355/1898-10-17,2,6,2,4
lccn/sn85058398/1909-04-22,1,7,17,-10
lccn/sn86053573/1879-06-20,2,11,3,8
lccn/sn86053573/1879-05-30,2,8,7,1
lccn/sn84036276/1897-06-26,2,5,4,1
lccn/sn83045180/1866-07-18,2,6,2,4
lccn/sn83016926/1866-12-27,2,7,5,2
lccn/sn87065677/1889-08-24,2,4,1,3
lccn/sn90061371/1922-11-01,1,0,3,-3
lccn/sn89066695/1902-04-02,1,4,4,0
lccn/sn89066695/1905-11-23,1,5,8,-3
lccn/sn90061371/1922-10-11,1,1,9,-8
lccn/sn85058130/1906-07-02,2,12,10,2
lccn/sn85058130/1906-07-11,2,12,5,7
lccn/sn85058130/1906-07-17,2,14,8,6
lccn/sn85054468/1899-06-22,2,46,16,30
lccn/sn82016187/1896-03-26,1,0,0,0
lccn/sn85058130/1908-04-23,1,2,5,-3
lccn/sn85058130/1908-04-25,1,6,6,0
lccn/sn85058130/1908-05-03,2,4,2,2
lccn/sn83045433/1920-09-23,2,7,0,7
lccn/sn83045433/1920-09-26,2,7,2,5
lccn/sn82014296/1870-06-15,1,5,6,-1
lccn/sn82014296/1868-07-09,2,13,4,9
lccn/sn82015679/1894-03-31,2,9,2,7
lccn/sn82015679/1893-11-02,1,2,9,-7
lccn/sn82014635/1903-11-22,1,11,15,-4
lccn/sn82014635/1903-07-05,2,11,8,3
lccn/sn82014635/1902-07-06,1,0,0,0
lccn/sn92053933/1922-09-15,2,9,4,5
lccn/sn85066387/1905-01-27,2,8,1,7
lccn/sn85033673/1869-07-29,2,9,1,8
lccn/sn85033673/1869-07-22,2,7,6,1
lccn/sn99063952/1892-09-19,2,10,2,8
lccn/sn99063952/1892-03-04,2,1,0,1
lccn/sn84020716/1849-10-12,1,4,4,0
lccn/sn84026561/1854-01-11,2,9,0,9
lccn/sn84026561/1854-07-12,2,12,6,6
lccn/sn84026561/1854-07-19,2,9,6,3
lccn/sn84026561/1854-07-26,2,11,7,4
lccn/sn84026561/1854-08-02,2,21,3,18
lccn/sn84026561/1854-08-09,2,11,4,7
lccn/sn84026561/1854-08-30,1,0,0,0
lccn/sn84026561/1853-08-10,2,9,5,4
lccn/sn84026561/1853-08-17,2,7,5,2
lccn/sn85038615/1911-03-08,1,0,0,0
lccn/sn84026561/1855-10-24,2,17,1,16
lccn/sn84026561/1855-10-31,2,16,2,14
lccn/sn84026561/1855-11-07,1,0,0,0
lccn/sn84026561/1856-01-16,2,17,4,13
lccn/sn84026561/1857-01-07,1,2,13,-11
lccn/sn84026561/1856-03-12,2,17,3,14
lccn/sn84026561/1857-01-14,2,12,1,11
lccn/sn84026561/1858-12-22,2,15,7,8
lccn/sn84026561/1859-07-06,2,9,2,7
lccn/sn84026561/1859-07-13,2,11,7,4
lccn/sn84026561/1859-06-29,2,14,12,2
lccn/sn84026561/1859-08-03,2,11,6,5
lccn/sn84026561/1859-08-10,2,5,3,2
lccn/sn84026561/1861-08-21,1,0,0,0
lccn/sn84026561/1858-01-27,2,10,2,8
lccn/sn83045555/1898-01-17,1,6,6,0
lccn/sn83045211/1920-03-23,2,8,4,4
lccn/sn83045211/1920-04-03,2,12,7,5
lccn/sn85058130/1880-08-22,2,7,3,4
lccn/sn83045211/1921-02-03,2,15,6,9
lccn/sn83045555/1897-06-04,2,11,8,3
lccn/sn83045211/1921-06-07,2,10,8,2
lccn/sn83045211/1921-09-15,1,2,3,-1
lccn/sn91068247/1891-01-16,2,15,1,14
lccn/sn91068247/1891-01-23,2,12,5,7
lccn/sn91068247/1891-01-30,2,11,6,5
lccn/sn91068247/1891-03-27,2,19,0,19
lccn/sn91068247/1891-04-03,2,10,2,8
lccn/sn83030431/1919-11-16,2,11,2,9
lccn/sn84026522/1869-01-14,2,2,0,2
lccn/sn84026522/1869-01-28,2,7,4,3
lccn/sn84020714/1886-06-18,1,2,4,-2
lccn/sn83030272/1906-05-28,1,0,1,-1
lccn/sn83030272/1906-11-25,2,13,6,7
lccn/sn83030272/1906-11-25,2,18,4,14
lccn/sn85038614/1901-10-23,2,7,5,2
lccn/sn85038615/1908-08-24,2,14,0,14
lccn/sn85038615/1908-08-25,2,12,4,8
lccn/sn85038615/1908-09-22,2,14,4,10
lccn/sn85038615/1908-09-23,2,7,1,6
lccn/sn85038615/1908-09-26,1,3,4,-1
lccn/sn85038615/1908-09-16,2,8,1,7
lccn/sn85038615/1908-08-28,2,8,4,4
lccn/sn85038615/1908-09-04,2,6,1,5
lccn/sn85038615/1908-09-06,2,5,0,5
lccn/sn85038615/1908-09-09,2,6,2,4
lccn/sn85038615/1908-09-13,2,4,2,2
lccn/sn85038615/1908-09-16,2,5,1,4
lccn/sn85038615/1908-09-19,2,11,2,9
lccn/sn85038615/1908-09-20,2,5,1,4
lccn/sn85038615/1908-09-08,2,5,1,4
lccn/sn85038615/1908-09-12,2,17,6,11
lccn/sn85038615/1908-09-18,2,5,4,1
lccn/sn85038615/1908-10-13,2,3,1,2
lccn/sn85038615/1908-10-15,2,6,3,3
lccn/sn85038615/1908-08-31,1,3,3,0
lccn/sn85038615/1908-09-01,2,11,6,5
lccn/sn85038615/1908-09-11,2,5,2,3
lccn/sn83045160/1877-02-20,2,21,11,10
lccn/sn85038615/1908-08-14,2,3,0,3
lccn/sn85038615/1908-08-15,2,1,0,1
lccn/sn85038615/1908-08-19,2,5,0,5
lccn/sn85038615/1908-08-21,2,10,1,9
lccn/sn85038614/1902-07-17,2,12,7,5
lccn/sn83030431/1918-06-23,1,2,4,-2
lccn/sn85034336/1875-04-16,2,8,3,5
lccn/sn85032490/1890-02-22,2,5,3,2
lccn/sn87052143/1885-07-11,2,16,6,10
lccn/sn87052143/1886-03-06,2,16,7,9
lccn/sn93060416/1897-09-04,2,14,7,7
lccn/sn93060416/1895-06-08,1,3,8,-5
lccn/sn89066695/1891-07-30,1,1,3,-2
lccn/sn85038088/1877-03-01,2,8,3,5
lccn/sn85032490/1888-10-18,2,8,5,3
lccn/sn85032490/1889-05-21,2,10,7,3
lccn/sn85032490/1889-10-22,2,14,2,12
lccn/sn85032490/1889-04-09,1,6,7,-1
lccn/sn85032490/1889-12-29,2,18,1,17
lccn/sn83030431/1917-09-23,1,3,3,0
lccn/sn83030431/1917-05-13,2,15,0,15
lccn/sn86071158/1891-04-20,1,13,13,0
lccn/sn86071158/1891-05-29,1,8,8,0
lccn/sn86071158/1894-06-29,1,7,8,-1
lccn/sn86071158/1894-09-13,1,6,8,-2
lccn/sn86071158/1895-10-29,2,5,4,1
lccn/sn86071158/1895-12-27,2,21,2,19
lccn/sn86071158/1892-09-18,2,10,6,4
lccn/sn82015679/1892-01-21,2,11,5,6
lccn/sn82015679/1892-02-01,1,6,10,-4
lccn/sn82015679/1892-02-20,2,7,5,2
lccn/sn82015679/1899-11-10,2,12,8,4
lccn/sn82015679/1899-09-20,1,3,13,-10
lccn/sn82015679/1899-09-15,1,0,0,0
lccn/sn82015679/1899-05-10,2,21,16,5
lccn/sn82015679/1899-06-09,2,16,9,7
lccn/sn83045462/1907-10-14,2,6,1,5
lccn/sn83045462/1907-10-09,2,20,12,8
lccn/sn83045462/1907-10-26,2,15,4,11
lccn/sn99021999/1921-05-19,2,4,1,3
lccn/sn85025620/1899-12-22,2,16,9,7
lccn/sn85066387/1896-08-16,2,14,6,8
lccn/sn82016014/1916-02-19,1,7,10,-3
lccn/sn82016014/1916-05-13,1,3,4,-1
lccn/sn82016014/1916-10-28,2,10,4,6
lccn/sn82016014/1916-04-05,2,13,7,6
lccn/sn82015672/1859-02-15,1,0,0,0
lccn/sn83045462/1923-03-18,2,4,2,2
lccn/sn84027670/1882-11-30,2,10,2,8
lccn/sn84027670/1882-12-07,2,16,6,10
lccn/sn83045462/1923-01-26,2,5,2,3
lccn/sn84027670/1890-07-31,1,7,7,0
lccn/sn84027670/1881-01-20,2,6,4,2
lccn/sn82015672/1853-08-17,1,6,7,-1
lccn/sn85066387/1913-02-22,1,5,6,-1
lccn/sn85066387/1913-02-22,2,10,7,3
lccn/sn83045462/1923-06-10,2,41,17,24
lccn/sn83045462/1923-06-10,2,21,11,10
lccn/sn82015672/1853-08-22,1,0,1,-1
lccn/sn83045462/1923-05-27,1,6,7,-1
lccn/sn84026749/1904-05-01,2,14,4,10
lccn/sn90059522/1892-08-23,2,8,2,6
lccn/sn90059522/1892-08-29,1,8,10,-2
lccn/sn90059522/1892-08-29,1,7,10,-3
lccn/sn90059522/1892-08-31,2,10,4,6
lccn/sn90059522/1893-05-21,2,6,2,4
lccn/sn90059522/1886-02-18,2,6,1,5
lccn/sn87055779/1914-04-21,2,7,6,1
lccn/sn87055779/1914-04-22,2,3,2,1
lccn/sn87055779/1914-04-20,2,4,1,3
lccn/sn87055779/1914-06-15,2,19,1,18
lccn/sn87055779/1914-06-16,2,13,2,11
lccn/sn90059523/1901-06-04,1,2,4,-2
lccn/sn87055779/1913-07-22,2,11,5,6
lccn/sn87055779/1913-07-24,2,6,3,3
lccn/sn83045462/1891-06-17,2,2,0,2
lccn/sn86058226/1922-02-18,2,8,2,6
lccn/sn85038158/1880-10-07,2,11,6,5
lccn/sn85038158/1884-10-15,1,0,0,0
lccn/sn85026309/1864-02-24,2,10,3,7
lccn/sn92065637/1907-08-23,1,10,10,0
lccn/sn92065637/1907-08-23,1,9,9,0
lccn/sn92065637/1907-08-23,2,13,8,5
lccn/sn85038158/1872-04-18,1,6,11,-5
lccn/sn85038158/1872-10-17,1,6,6,0
lccn/sn84026912/1893-04-13,2,8,3,5
lccn/sn85038158/1882-10-11,1,6,6,0
lccn/sn84026994/1867-04-27,1,2,5,-3
lccn/sn84026965/1886-04-01,2,23,11,12
lccn/sn84026965/1887-07-27,2,10,4,6
lccn/sn84026965/1891-10-29,2,7,3,4
lccn/sn84026965/1891-11-26,2,11,8,3
lccn/sn84026965/1891-12-03,2,10,4,6
lccn/sn84026965/1891-12-10,2,25,7,18
lccn/sn84026965/1892-05-19,2,43,15,28
lccn/sn84026965/1893-05-10,2,8,1,7
lccn/sn84026965/1888-03-22,2,30,6,24
lccn/sn84026965/1888-05-03,2,19,13,6
lccn/sn84026965/1889-08-08,2,10,3,7
lccn/sn84026965/1889-08-15,2,15,2,13
lccn/sn84026965/1891-02-19,2,33,16,17
lccn/sn85038158/1879-01-09,2,4,2,2
lccn/sn93067846/1881-08-09,2,15,2,13
lccn/sn93067846/1886-05-11,2,17,3,14
lccn/sn93067846/1886-05-18,2,15,5,10
lccn/sn93067846/1888-06-27,2,6,1,5
lccn/sn93067846/1888-12-19,2,8,0,8
lccn/sn85033673/1881-12-23,1,0,0,0
lccn/sn85033673/1877-05-01,1,2,2,0
lccn/sn85033429/1887-03-17,1,0,0,0
lccn/sn83027097/1896-12-19,2,7,2,5
lccn/sn83027097/1897-05-01,2,19,13,6
lccn/sn83027097/1898-01-01,2,10,3,7
lccn/sn83027097/1898-01-15,2,18,7,11
lccn/sn84024670/1873-02-01,1,0,0,0
lccn/sn84024670/1873-01-03,1,11,23,-12
lccn/sn83027097/1897-05-08,2,17,7,10
lccn/sn83027097/1897-12-04,2,12,2,10
lccn/sn85033673/1881-11-14,2,9,3,6
lccn/sn85038615/1912-01-29,1,2,2,0
lccn/sn85038615/1912-03-03,1,9,13,-4
lccn/sn91068476/1904-08-02,2,12,9,3
lccn/sn85038615/1912-09-08,2,5,2,3
lccn/sn95068565/1872-01-25,2,12,4,8
lccn/sn95068565/1872-02-22,2,10,1,9
lccn/sn85038615/1912-09-15,1,0,2,-2
lccn/sn85042461/1893-05-07,1,4,6,-2
lccn/sn85049554/1908-08-13,2,10,8,2
lccn/sn85049554/1908-01-23,2,12,5,7
lccn/sn99021999/1908-06-22,2,5,2,3
lccn/sn85049554/1907-03-14,1,7,9,-2
lccn/sn85049554/1908-10-21,2,13,3,10
lccn/sn85042461/1896-02-26,1,2,6,-4
lccn/sn99021999/1909-07-01,1,0,0,0
lccn/sn99021999/1910-01-01,1,5,14,-9
lccn/sn99021999/1909-08-28,2,9,2,7
lccn/sn99021999/1909-08-31,2,10,2,8
lccn/sn99021999/1909-08-29,2,4,1,3
lccn/sn99021999/1909-09-10,1,0,0,0
lccn/sn99021999/1909-08-12,2,13,6,7
lccn/sn99021999/1909-08-16,2,10,1,9
lccn/sn99021999/1909-08-17,2,9,2,7
lccn/sn99021999/1909-08-07,2,16,5,11
lccn/sn99021999/1909-08-22,2,19,1,18
lccn/sn99021999/1909-10-11,2,6,0,6
lccn/sn99021999/1909-08-24,2,6,4,2
lccn/sn99021999/1909-08-25,2,6,5,1
lccn/sn99021999/1909-08-27,2,7,2,5
lccn/sn99021999/1909-08-26,2,8,3,5
lccn/sn99021999/1909-03-20,2,20,3,17
lccn/sn85032938/1900-06-13,2,14,7,7
lccn/sn99021999/1910-04-10,2,6,1,5
lccn/sn99021999/1910-04-30,2,4,0,4
lccn/sn99021999/1909-08-03,2,8,5,3
lccn/sn99021999/1909-08-13,2,10,6,4
lccn/sn99021999/1909-08-14,2,14,4,10
lccn/sn99021999/1909-08-18,1,0,0,0
lccn/sn99021999/1909-08-23,2,6,3,3
lccn/sn99021999/1909-08-05,2,24,1,23
lccn/sn99021999/1909-08-08,2,15,3,12
lccn/sn99021999/1909-08-11,2,14,3,11
lccn/sn99021999/1909-08-18,2,9,0,9
lccn/sn99021999/1909-08-21,2,6,1,5
lccn/sn99021999/1909-07-17,2,5,3,2
lccn/sn99021999/1909-09-01,2,8,2,6
lccn/sn82016014/1907-05-14,1,9,22,-13
lccn/sn99021999/1909-03-19,2,14,1,13
lccn/sn99021999/1909-03-24,2,27,2,25
lccn/sn99021999/1909-03-25,2,26,3,23
lccn/sn99021999/1909-04-05,2,26,2,24
lccn/sn99021999/1909-04-01,2,21,4,17
lccn/sn99021999/1909-04-04,2,15,5,10
lccn/sn99021999/1909-07-05,2,14,2,12
lccn/sn99021999/1908-11-26,2,9,4,5
lccn/sn99021999/1908-11-27,2,20,3,17
lccn/sn82016014/1909-01-08,2,10,7,3
lccn/sn83045462/1907-06-21,1,2,10,-8
lccn/sn83045462/1907-06-30,1,0,0,0
lccn/sn83045462/1907-05-31,2,6,2,4
lccn/sn83045462/1907-06-02,1,0,0,0
lccn/sn83045462/1907-02-21,1,8,12,-4
lccn/sn83045462/1906-10-04,1,0,0,0
lccn/sn89064939/1884-07-09,2,20,6,14
lccn/sn83045462/1906-09-29,2,8,3,5
lccn/sn83045462/1908-01-01,2,7,4,3
lccn/sn90059228/1893-10-19,2,9,3,6
lccn/sn85038411/1918-02-23,2,6,1,5
lccn/sn85038411/1917-10-06,2,4,2,2
lccn/sn83045462/1909-12-03,2,5,2,3
lccn/sn83045462/1909-12-10,2,15,4,11
lccn/sn83045462/1909-04-03,2,6,4,2
lccn/sn83045462/1917-07-15,2,17,4,13
lccn/sn83045462/1908-10-25,1,7,8,-1
lccn/sn85042303/1918-02-04,2,5,4,1
lccn/sn85042303/1918-05-08,2,5,2,3
lccn/sn83045462/1908-11-09,1,1,5,-4
lccn/sn85038411/1919-08-19,1,5,6,-1
lccn/sn85038411/1919-11-14,1,0,0,0
lccn/sn85038411/1919-02-22,1,3,7,-4
lccn/sn85038411/1919-06-11,2,6,3,3
lccn/sn88076679/1895-04-06,2,11,8,3
lccn/sn83045462/1913-09-09,2,8,0,8
lccn/sn85025431/1872-07-18,2,10,8,2
lccn/sn85025431/1872-12-26,2,11,6,5
lccn/sn92053934/1918-04-03,2,13,2,11
lccn/sn85025431/1883-03-28,2,9,8,1
lccn/sn85025431/1884-09-03,2,5,0,5
lccn/sn85025431/1882-03-01,2,11,2,9
lccn/sn92053934/1919-07-19,2,9,1,8
lccn/sn85025431/1885-07-15,2,14,1,13
lccn/sn85025431/1885-08-26,2,4,3,1
lccn/sn85025431/1885-01-28,1,6,6,0
lccn/sn85025431/1883-02-14,2,13,5,8
lccn/sn82015104/1895-07-24,1,1,2,-1
lccn/sn85042462/1908-09-14,1,4,4,0
lccn/sn82014635/1902-01-05,1,2,2,0
lccn/sn82014635/1902-04-13,2,6,3,3
lccn/sn99021999/1888-04-05,1,8,8,0
lccn/sn99021999/1888-05-08,1,12,13,-1
lccn/sn99021999/1885-09-01,2,20,6,14
lccn/sn82014381/1889-11-16,2,5,3,2
lccn/sn82014381/1890-02-15,2,12,3,9
lccn/sn82014381/1890-02-18,2,13,6,7
lccn/sn99021999/1889-11-01,1,10,31,-21
lccn/sn99021999/1889-11-05,1,9,10,-1
lccn/sn99021999/1883-06-23,1,6,9,-3
lccn/sn82014805/1881-05-04,2,15,7,8
lccn/sn85042461/1895-11-12,2,10,1,9
lccn/sn99021999/1903-11-20,1,10,16,-6
lccn/sn99021999/1904-05-15,2,10,3,7
lccn/sn95047324/1904-10-28,2,8,6,2
lccn/sn85042461/1895-09-18,2,12,6,6
lccn/sn84038306/1908-04-29,2,12,11,1
lccn/sn84038306/1910-07-20,2,8,5,3
lccn/sn82014805/1883-02-09,2,13,10,3
lccn/sn82014805/1883-10-20,2,8,2,6
lccn/sn99021999/1905-02-22,2,2,1,1
lccn/sn99021999/1904-11-27,2,14,2,12
lccn/sn95047324/1902-04-04,1,3,3,0
lccn/sn99021999/1904-09-11,2,7,5,2
lccn/sn82014635/1901-04-27,1,3,4,-1
lccn/sn99021999/1894-05-15,2,9,3,6
lccn/sn99021999/1893-04-23,2,11,2,9
lccn/sn99021999/1898-04-06,1,0,0,0
lccn/sn99021999/1895-01-18,1,7,9,-2
lccn/sn99021999/1895-01-22,1,2,5,-3
lccn/sn82014635/1900-01-05,2,7,2,5
lccn/sn82014635/1899-04-16,2,13,8,5
lccn/sn85066387/1898-07-02,2,2,1,1
lccn/sn85066387/1898-04-17,2,28,2,26
lccn/sn99021999/1895-05-20,2,16,3,13
lccn/sn99021999/1891-05-28,1,7,7,0
lccn/sn85066387/1898-05-06,1,4,6,-2
lccn/sn85066387/1898-02-28,2,5,2,3
lccn/sn99021999/1898-05-04,2,5,2,3
lccn/sn99021999/1898-04-24,1,2,5,-3
lccn/sn99021999/1898-02-21,2,14,13,1
lccn/sn99021999/1891-06-07,2,8,5,3
lccn/sn99021999/1894-08-26,2,7,6,1
lccn/sn99021999/1894-07-08,2,8,2,6
lccn/sn90059522/1892-06-14,2,14,4,10
lccn/sn83045462/1908-04-17,1,1,2,-1
lccn/sn83045462/1908-02-08,2,14,3,11
lccn/sn83045462/1908-03-14,1,5,11,-6
lccn/sn83045462/1908-03-18,2,5,4,1
lccn/sn83045462/1908-03-07,1,9,9,0
lccn/sn87056600/1879-01-15,2,15,6,9
lccn/sn83045462/1908-06-29,1,0,0,0
lccn/sn83045462/1913-01-05,2,23,9,14
lccn/sn83045462/1908-05-10,2,8,2,6
lccn/sn83045462/1893-11-06,2,13,3,10
lccn/sn83045462/1893-09-09,2,11,2,9
lccn/sn83045462/1894-01-27,2,18,6,12
lccn/sn83045462/1894-02-21,2,12,0,12
lccn/sn83045462/1894-03-27,1,11,12,-1
lccn/sn83045462/1892-06-10,1,1,3,-2
lccn/sn83045462/1892-06-10,2,5,4,1
lccn/sn90059522/1890-07-10,1,6,6,0
lccn/sn82015104/1898-10-03,2,11,1,10
lccn/sn82015104/1898-10-01,2,1,0,1
lccn/sn82015104/1898-10-04,2,13,3,10
lccn/sn83040340/1891-01-30,2,1,0,1
lccn/sn94056415/1888-07-13,2,16,3,13
lccn/sn82015104/1898-10-22,2,2,1,1
lccn/sn82015104/1898-10-24,2,10,1,9
lccn/sn82015104/1898-10-25,2,6,4,2
lccn/sn82015104/1898-10-26,1,4,4,0
lccn/sn82015104/1898-10-26,2,6,4,2
lccn/sn82015104/1898-10-29,1,0,0,0
lccn/sn82015104/1898-10-17,2,5,2,3
lccn/sn82015104/1898-10-18,2,6,2,4
lccn/sn82015104/1898-10-20,2,9,1,8
lccn/sn84029386/1914-09-10,2,13,3,10
lccn/sn84029386/1914-09-10,2,13,3,10
lccn/sn99021999/1896-10-19,1,0,0,0
lccn/sn99021999/1896-12-06,2,6,4,2
lccn/sn83045774/1922-09-26,1,4,6,-2
lccn/sn85042462/1910-08-10,2,14,9,5
lccn/sn85042462/1910-02-23,1,9,9,0
lccn/sn85042462/1910-10-05,2,15,1,14
lccn/sn85042462/1910-10-06,2,5,1,4
lccn/sn83030431/1919-04-06,1,11,11,0
lccn/sn85033139/1907-02-07,1,0,0,0
lccn/sn85038145/1874-08-13,2,24,4,20
lccn/sn83045450/1857-07-11,2,15,11,4
lccn/sn83045450/1857-07-22,1,7,7,0
lccn/sn83045450/1857-08-01,1,7,8,-1
lccn/sn83045450/1857-08-08,1,8,8,0
lccn/sn83045450/1857-08-12,2,9,8,1
lccn/sn83045450/1857-07-11,2,11,6,5
lccn/sn83045450/1857-07-15,2,10,6,4
lccn/sn83045450/1857-07-18,2,10,7,3
lccn/sn83045450/1857-07-25,2,10,7,3
lccn/sn83045450/1857-07-29,2,9,8,1
lccn/sn83045450/1857-08-05,2,9,7,2
lccn/sn83045450/1857-08-15,2,12,2,10
lccn/sn83045450/1857-08-26,2,11,4,7
lccn/sn83045450/1857-09-02,2,9,1,8
lccn/sn83045450/1857-09-09,2,11,4,7
lccn/sn84045030/1856-12-03,2,11,4,7
lccn/sn84045030/1856-12-10,2,9,2,7
lccn/sn84045030/1856-12-17,2,12,8,4
lccn/sn84045030/1856-12-24,2,6,0,6
lccn/sn84045030/1856-12-31,2,7,1,6
lccn/sn84045030/1857-01-07,2,13,1,12
lccn/sn84045030/1857-01-14,2,6,4,2
lccn/sn84045030/1857-02-18,2,9,7,2
lccn/sn84045030/1857-02-25,2,5,2,3
lccn/sn84045030/1857-03-04,2,12,7,5
lccn/sn84045030/1857-03-11,2,22,9,13
lccn/sn84045030/1857-08-19,2,11,2,9
lccn/sn84045030/1857-08-26,2,18,6,12
lccn/sn84045030/1855-11-07,2,13,4,9
lccn/sn84045030/1855-12-12,1,0,0,0
lccn/sn85033395/1879-10-02,2,7,1,6
lccn/sn85038145/1878-04-11,1,2,10,-8
lccn/sn85038145/1867-03-28,1,0,0,0
lccn/sn85038145/1868-08-06,2,10,5,5
lccn/sn85038145/1868-08-27,2,10,0,10
lccn/sn85038145/1868-09-17,1,3,5,-2
lccn/sn85038145/1868-10-22,2,8,6,2
lccn/sn85038145/1868-11-05,2,7,4,3
lccn/sn85038145/1868-11-19,2,5,4,1
lccn/sn85038145/1879-09-11,2,8,3,5
lccn/sn85038145/1879-10-09,2,5,2,3
lccn/sn85038145/1872-09-12,2,13,2,11
lccn/sn85038145/1872-10-17,2,10,5,5
lccn/sn85038145/1872-10-24,2,16,10,6
lccn/sn84038114/1882-09-26,1,8,14,-6
lccn/sn84038114/1881-03-29,2,6,3,3
lccn/sn85042461/1896-11-30,2,13,3,10
lccn/sn82015418/1870-06-04,1,0,0,0
lccn/sn82014086/1909-03-30,1,4,19,-15
lccn/sn82014086/1909-12-06,1,5,12,-7
lccn/sn82014086/1909-05-18,1,0,0,0
lccn/sn88053055/1901-06-27,1,12,19,-7
lccn/sn88053055/1901-06-24,1,4,4,0
lccn/sn82016014/1910-04-18,1,4,10,-6
lccn/sn85049554/1903-04-30,2,9,4,5
lccn/sn82016014/1909-12-01,1,6,8,-2
lccn/sn84038114/1879-07-05,1,8,8,0
lccn/sn84038114/1879-07-18,2,5,2,3
lccn/sn84038114/1879-07-21,1,2,8,-6
lccn/sn84038114/1879-07-23,2,2,0,2
lccn/sn84038114/1879-08-11,2,13,3,10
lccn/sn84038114/1879-08-15,2,6,2,4
lccn/sn84038114/1879-09-01,1,2,11,-9
lccn/sn84038114/1879-09-03,1,6,7,-1
lccn/sn88053055/1898-02-09,1,7,8,-1
lccn/sn88053046/1889-07-04,2,18,8,10
lccn/sn88053046/1894-01-18,1,7,13,-6
lccn/sn88053046/1891-02-19,2,11,4,7
lccn/sn88053046/1892-06-30,1,6,7,-1
lccn/sn88053046/1895-08-29,1,5,13,-8
lccn/sn88053046/1894-07-12,1,6,7,-1
lccn/sn88053046/1901-05-23,2,29,8,21
lccn/sn85049554/1920-07-31,2,8,5,3
lccn/sn82014086/1915-07-08,2,6,4,2
lccn/sn82014086/1915-06-17,2,8,7,1
lccn/sn82014086/1916-02-28,2,8,4,4
lccn/sn89058426/1907-03-15,2,10,3,7
lccn/sn92062121/1909-03-19,2,11,7,4
lccn/sn82014086/1916-02-09,2,11,9,2
lccn/sn84026822/1868-12-17,1,8,12,-4
lccn/sn82014086/1914-11-19,2,25,6,19
lccn/sn82014086/1915-01-11,2,11,3,8
lccn/sn88053046/1900-06-07,2,9,5,4
lccn/sn88053046/1900-06-21,1,3,12,-9
lccn/sn88053046/1889-01-31,2,11,2,9
lccn/sn94052989/1890-12-25,2,6,0,6
lccn/sn99021999/1900-06-02,2,11,3,8
lccn/sn94052989/1893-03-08,2,9,1,8
lccn/sn82014086/1916-08-31,2,13,5,8
lccn/sn95026977/1905-06-17,1,4,4,0
lccn/sn95026977/1907-05-10,2,12,9,3
lccn/sn88061076/1860-08-31,1,5,6,-1
lccn/sn88061076/1860-09-14,1,3,6,-3
lccn/sn88061076/1860-09-28,2,14,3,11
lccn/sn88061076/1860-10-05,2,6,2,4
lccn/sn88061076/1860-10-26,2,13,0,13
lccn/sn88061076/1860-11-02,2,10,1,9
lccn/sn88061076/1860-11-09,2,10,2,8
lccn/sn88061076/1860-11-16,2,9,3,6
lccn/sn88061076/1860-11-23,2,9,3,6
lccn/sn88061076/1860-11-30,1,0,0,0
lccn/sn88061076/1860-11-30,2,10,2,8
lccn/sn88061076/1860-12-07,2,10,5,5
lccn/sn88061076/1860-12-14,2,8,3,5
lccn/sn88061076/1860-12-21,2,10,2,8
lccn/sn88061076/1861-01-11,2,9,6,3
lccn/sn88061076/1861-01-18,2,8,6,2
lccn/sn88061076/1861-03-22,2,12,7,5
lccn/sn88061076/1861-04-05,2,12,6,6
lccn/sn88061076/1861-04-12,2,8,4,4
lccn/sn88061076/1861-05-03,2,8,1,7
lccn/sn86086852/1894-11-22,2,11,6,5
lccn/sn86086852/1883-03-16,1,9,12,-3
lccn/sn86086852/1909-12-09,1,7,7,0
lccn/sn86086770/1909-12-09,2,5,4,1
lccn/sn88061082/1875-05-08,1,0,0,0
lccn/sn88061076/1860-06-29,2,14,1,13
lccn/sn88061076/1860-07-13,2,5,3,2
lccn/sn88061076/1860-07-27,2,6,1,5
lccn/sn88061076/1860-08-03,2,11,3,8
lccn/sn88061076/1860-08-10,2,13,7,6
lccn/sn88061076/1860-08-17,2,13,3,10
lccn/sn99021999/1919-08-19,2,7,3,4
lccn/sn99021999/1919-01-07,2,12,1,11
lccn/sn99021999/1919-01-10,2,23,2,21
lccn/sn99021999/1919-01-09,2,7,0,7
lccn/sn99021999/1919-01-11,2,18,2,16
lccn/sn99021999/1919-01-13,2,11,4,7
lccn/sn99021999/1918-03-03,2,16,1,15
lccn/sn83045462/1908-08-17,1,0,0,0
lccn/sn99021999/1918-06-16,1,3,14,-11
lccn/sn83045462/1909-02-12,2,18,16,2
lccn/sn83045462/1908-12-13,2,3,1,2
lccn/sn83045462/1910-07-15,2,9,7,2
lccn/sn83045462/1908-12-12,2,4,0,4
lccn/sn85066387/1905-11-16,1,2,3,-1
lccn/sn99021999/1919-01-08,1,6,7,-1
lccn/sn83045462/1910-06-26,2,8,7,1
lccn/sn83045462/1910-06-26,2,8,7,1
lccn/sn84027670/1872-10-17,1,4,8,-4
lccn/sn84026749/1918-11-05,2,14,5,9
lccn/sn84026749/1918-06-28,2,9,1,8
lccn/sn84026749/1918-07-03,1,8,14,-6
lccn/sn84026749/1918-07-16,2,2,0,2
lccn/sn83045462/1900-02-15,2,5,3,2
lccn/sn83045462/1899-04-21,2,9,7,2
lccn/sn99021999/1911-02-19,1,14,14,0
lccn/sn99021999/1911-02-20,2,5,2,3
lccn/sn99021999/1911-01-22,1,4,6,-2
lccn/sn88059319/1899-09-15,2,5,2,3
lccn/sn99021999/1911-04-09,2,12,2,10
lccn/sn99021999/1911-03-11,2,12,3,9
lccn/sn99021999/1911-03-26,2,12,0,12
lccn/sn88059319/1907-02-01,1,10,15,-5
lccn/sn85042460/1887-08-05,2,16,2,14
lccn/sn85042460/1887-08-08,2,13,0,13
lccn/sn85042460/1887-08-09,2,10,4,6
lccn/sn85042460/1887-08-10,2,10,1,9
lccn/sn85042460/1887-08-11,2,7,3,4
lccn/sn85042460/1887-08-17,2,4,2,2
lccn/sn85042460/1887-08-19,1,3,3,0
lccn/sn85042460/1887-08-20,2,9,1,8
lccn/sn85042460/1887-08-21,2,5,4,1
lccn/sn85042460/1887-08-23,2,7,4,3
lccn/sn85042460/1887-08-27,2,10,2,8
lccn/sn85042460/1887-08-29,2,5,3,2
lccn/sn85042460/1887-08-04,2,15,1,14
lccn/sn85042460/1887-08-06,2,9,0,9
lccn/sn85042460/1887-08-18,1,1,2,-1
lccn/sn85042460/1887-08-22,2,16,8,8
lccn/sn85042460/1887-08-24,2,7,2,5
lccn/sn85042460/1887-08-25,2,8,3,5
lccn/sn85042460/1887-08-26,1,4,4,0
lccn/sn85042460/1887-08-12,2,5,1,4
lccn/sn85042460/1887-08-13,2,5,1,4
lccn/sn85042460/1887-08-16,2,4,2,2
lccn/sn89070049/1887-05-18,1,0,0,0
lccn/sn85042460/1888-04-20,1,7,8,-1
lccn/sn85042460/1887-08-15,2,10,5,5
lccn/sn84038306/1902-01-08,1,18,20,-2
lccn/sn84020274/1901-05-29,1,10,10,0
lccn/sn84020274/1904-02-15,2,10,2,8
lccn/sn88076421/1922-06-15,1,6,6,0
lccn/sn85042405/1885-01-01,2,21,7,14
lccn/sn84020274/1904-07-28,2,9,3,6
lccn/sn84020274/1902-05-31,2,12,8,4
lccn/sn85033681/1876-07-26,2,12,9,3
lccn/sn85033681/1878-08-28,2,29,2,27
lccn/sn83016107/1916-06-23,2,10,5,5
lccn/sn83016107/1916-12-15,1,6,6,0
lccn/sn83016107/1907-06-07,1,2,8,-6
lccn/sn83016107/1910-04-22,2,8,3,5
lccn/sn83016107/1903-02-13,2,13,5,8
lccn/sn83016107/1895-10-11,2,10,2,8
lccn/sn83016107/1875-03-12,2,9,1,8
lccn/sn83016107/1875-03-19,1,6,11,-5
lccn/sn85038615/1906-04-09,1,0,0,0
lccn/sn83045217/1922-03-17,2,9,6,3
lccn/sn83045217/1921-10-12,2,16,4,12
lccn/sn83045217/1921-10-13,2,11,3,8
lccn/sn83045217/1921-10-15,2,23,2,21
lccn/sn83045217/1921-10-16,2,13,1,12
lccn/sn85038615/1908-05-20,1,0,0,0
lccn/sn86079077/1875-06-11,1,0,0,0
lccn/sn83045433/1914-08-23,1,12,12,0
lccn/sn83045433/1912-05-12,2,14,6,8
lccn/sn83045433/1914-11-29,2,6,2,4
lccn/sn84031081/1910-12-17,2,3,2,1
lccn/sn86092536/1922-04-20,2,2,0,2
lccn/sn87055779/1918-02-24,2,6,1,5
lccn/sn84038034/1870-09-01,2,16,12,4
lccn/sn84038034/1878-03-07,1,4,6,-2
lccn/sn86058541/1858-02-04,2,12,7,5
lccn/sn86058541/1858-03-25,2,19,5,14
lccn/sn86058541/1858-04-01,2,8,2,6
lccn/sn86058541/1858-04-08,1,9,9,0
lccn/sn86058541/1858-04-22,1,0,0,0
lccn/sn86058541/1858-05-06,1,3,3,0
lccn/sn86058541/1858-06-10,1,5,8,-3
lccn/sn86058541/1858-05-20,2,12,3,9
lccn/sn86058541/1858-05-27,1,0,0,0
lccn/sn86058541/1858-07-08,2,5,2,3
lccn/sn84027490/1882-03-18,2,13,4,9
lccn/sn86058541/1858-03-04,2,17,13,4
lccn/sn86058541/1858-03-11,1,3,5,-2
lccn/sn86058541/1858-07-15,2,12,6,6
lccn/sn86058541/1858-09-23,2,11,5,6
lccn/sn86058541/1858-09-30,1,3,8,-5
lccn/sn86058541/1858-08-26,1,0,0,0
lccn/sn86058541/1858-09-09,2,15,10,5
lccn/sn82015679/1903-08-02,2,11,9,2
lccn/sn83045462/1905-05-13,2,10,3,7
lccn/sn83045462/1905-07-02,1,2,5,-3
lccn/sn83045462/1905-07-15,2,17,11,6
lccn/sn83030214/1869-03-26,2,12,1,11
lccn/sn83045462/1905-11-03,2,7,2,5
lccn/sn83045462/1905-09-07,2,10,6,4
lccn/sn83045462/1905-09-18,1,3,7,-4
lccn/sn83045462/1905-04-15,1,3,6,-3
lccn/sn83045462/1906-08-15,2,5,0,5
lccn/sn83045462/1926-08-03,2,5,1,4
lccn/sn82015133/1896-09-12,1,6,7,-1
lccn/sn82015133/1890-05-17,1,3,5,-2
lccn/sn82015133/1894-06-09,2,3,1,2
lccn/sn83045462/1928-12-30,2,13,0,13
lccn/sn83045462/1928-12-22,2,11,5,6
lccn/sn83045462/1926-01-24,2,8,3,5
lccn/sn83045462/1928-08-05,1,0,0,0
lccn/sn83045462/1926-09-14,2,4,3,1
lccn/sn83045462/1925-12-31,1,0,0,0
lccn/sn83045462/1926-06-12,1,9,22,-13
lccn/sn82015679/1901-06-16,1,9,9,0
lccn/sn82015679/1901-06-14,2,3,2,1
lccn/sn82015679/1902-07-30,1,4,10,-6
lccn/sn82015679/1902-07-10,2,7,4,3
lccn/sn82015679/1903-01-15,2,7,6,1
lccn/sn82015679/1903-03-08,1,5,16,-11
lccn/sn82015679/1904-03-27,1,13,15,-2
lccn/sn82015679/1904-03-26,1,7,7,0
lccn/sn82015679/1903-05-08,2,7,3,4
lccn/sn82015679/1900-01-17,1,3,10,-7
lccn/sn82015679/1901-11-08,1,0,0,0
lccn/sn82015679/1902-01-16,1,4,8,-4
lccn/sn82015679/1902-10-19,1,5,7,-2
lccn/sn82015679/1902-10-24,2,11,2,9
lccn/sn82015679/1901-01-30,2,15,7,8
lccn/sn82015679/1901-02-16,2,12,5,7
lccn/sn82015679/1901-01-19,2,19,7,12
lccn/sn82015679/1901-01-25,2,7,5,2
lccn/sn82015679/1901-12-27,2,10,6,4
lccn/sn82015679/1901-12-06,2,13,4,9
lccn/sn82015679/1903-11-17,2,15,2,13
lccn/sn87056600/1878-10-09,2,19,4,15
lccn/sn87056600/1892-02-10,2,17,2,15
lccn/sn82015679/1903-11-27,2,13,3,10
lccn/sn86083444/1856-09-12,2,4,1,3
lccn/sn86083264/1905-03-23,2,10,4,6
lccn/sn83035083/1882-06-01,2,8,6,2
lccn/sn84026118/1866-07-11,2,8,3,5
lccn/sn83035083/1873-07-03,2,11,0,11
lccn/sn84020613/1898-06-14,1,11,14,-3
lccn/sn83035366/1855-11-15,1,7,7,0
lccn/sn83035366/1849-04-13,2,9,3,6
lccn/sn85025759/1879-06-30,1,2,8,-6
lccn/sn85038180/1870-11-17,1,2,8,-6
lccn/sn85033681/1881-06-15,2,17,7,10
lccn/sn85033681/1883-01-31,2,20,5,15
lccn/sn85033681/1883-01-10,2,4,2,2
lccn/sn84024448/1889-05-26,2,12,3,9
lccn/sn85033681/1884-04-30,1,7,10,-3
lccn/sn91066782/1920-07-10,1,1,5,-4
lccn/sn91066782/1921-07-13,2,8,7,1
lccn/sn83045160/1872-06-28,2,11,2,9
lccn/sn91066782/1922-05-06,1,5,14,-9
lccn/sn91066782/1922-04-29,1,0,5,-5
lccn/sn91066782/1921-04-23,1,4,6,-2
lccn/sn83045160/1865-11-21,1,2,9,-7
lccn/sn91066782/1922-10-25,2,4,3,1
lccn/sn91066782/1922-10-30,2,6,1,5
lccn/sn91066782/1922-10-31,2,8,3,5
lccn/sn84020613/1898-05-31,1,4,10,-6
lccn/sn85025759/1877-08-22,1,0,0,0
lccn/sn84020613/1899-03-08,2,8,3,5
lccn/sn84020613/1899-05-24,1,4,9,-5
lccn/sn84026483/1897-03-31,2,14,2,12
lccn/sn92073232/1897-02-11,1,7,11,-4
lccn/sn92073232/1894-08-16,2,14,8,6
lccn/sn83045160/1872-12-12,2,14,1,13
lccn/sn83045160/1872-12-13,2,5,3,2
lccn/sn85059652/1854-09-16,1,4,4,0
lccn/sn83045160/1872-12-19,2,9,3,6
lccn/sn84026788/1872-02-20,1,5,6,-1
lccn/sn97067589/1909-06-11,2,10,9,1
lccn/sn84022549/1860-12-14,1,3,5,-2
lccn/sn96086441/1893-03-17,1,3,4,-1
lccn/sn84022548/1870-02-22,2,3,2,1
lccn/sn84022871/1875-08-23,2,16,10,6
lccn/sn84022871/1874-10-12,1,12,12,0
lccn/sn84026788/1896-06-09,1,7,9,-2
lccn/sn84026788/1896-06-23,2,7,2,5
lccn/sn84026788/1896-09-22,2,8,2,6
lccn/sn84026788/1896-09-29,2,7,2,5
lccn/sn84026788/1896-10-13,2,5,4,1
lccn/sn84026788/1896-12-01,2,12,9,3
lccn/sn84026788/1896-10-27,2,11,7,4
lccn/sn84026788/1896-11-17,2,7,4,3
lccn/sn84026788/1896-11-24,2,11,3,8
lccn/sn84026788/1896-09-01,2,7,2,5
lccn/sn84026788/1896-09-08,2,7,2,5
lccn/sn84026788/1896-12-29,2,10,3,7
lccn/sn84022549/1896-10-31,2,7,2,5
lccn/sn84026788/1895-12-10,2,12,5,7
lccn/sn84026788/1895-12-17,2,9,5,4
lccn/sn84026788/1895-11-19,2,9,1,8
lccn/sn84026788/1895-11-26,2,7,4,3
lccn/sn84026788/1895-12-03,2,7,5,2
lccn/sn84026788/1896-01-21,1,3,6,-3
lccn/sn84026788/1896-03-03,2,8,3,5
lccn/sn84026788/1896-03-17,1,0,0,0
lccn/sn84026788/1896-03-24,2,9,3,6
lccn/sn84026788/1896-03-31,2,8,2,6
lccn/sn84026788/1896-01-07,2,4,0,4
lccn/sn84026788/1896-04-28,2,9,3,6
lccn/sn84026788/1896-02-04,2,8,1,7
lccn/sn84026788/1896-02-11,2,13,5,8
lccn/sn84026788/1896-06-30,2,11,3,8
lccn/sn84026788/1896-07-07,2,10,8,2
lccn/sn84026788/1896-07-14,1,0,0,0
lccn/sn84026788/1896-07-21,2,10,3,7
lccn/sn84026788/1896-07-28,2,8,3,5
lccn/sn84026788/1896-08-04,2,12,4,8
lccn/sn84026788/1896-05-05,2,7,2,5
lccn/sn84026788/1896-05-12,2,8,3,5
lccn/sn84026788/1896-05-19,2,6,2,4
lccn/sn84026788/1896-05-26,2,7,1,6
lccn/sn84026788/1896-06-02,2,7,1,6
lccn/sn84026788/1896-08-18,2,6,2,4
lccn/sn84026788/1896-08-25,2,8,1,7
lccn/sn84026788/1896-04-07,2,6,2,4
lccn/sn84026788/1895-11-12,2,23,1,22
lccn/sn84022871/1886-12-06,2,18,2,16
lccn/sn84026788/1895-12-31,2,3,1,2
lccn/sn84026788/1896-08-11,2,8,2,6
lccn/sn84022549/1859-12-09,2,4,1,3
lccn/sn84026788/1880-03-02,2,3,2,1
lccn/sn84022548/1867-01-18,2,16,10,6
lccn/sn85059716/1858-09-24,2,2,1,1
lccn/sn84022548/1868-01-31,1,7,11,-4
lccn/sn84022549/1896-07-01,1,5,6,-1
lccn/sn92073232/1893-03-09,1,5,11,-6
lccn/sn84026912/1881-08-11,1,0,0,0
lccn/sn84026965/1877-09-06,2,6,5,1
lccn/sn84026497/1896-11-25,2,7,5,2
lccn/sn84026925/1918-10-04,1,5,5,0
lccn/sn84026918/1893-12-15,2,8,5,3
lccn/sn84024448/1886-09-11,2,10,4,6
lccn/sn84024448/1886-09-15,2,11,1,10
lccn/sn84024448/1886-09-08,2,7,3,4
lccn/sn93067846/1922-02-22,1,4,8,-4
lccn/sn84026918/1893-12-15,1,6,10,-4
lccn/sn84026918/1877-05-11,1,5,5,0
lccn/sn83045160/1865-11-14,2,11,3,8
lccn/sn83045160/1865-11-15,1,1,5,-4
lccn/sn85038180/1879-03-13,1,1,1,0
lccn/sn84026965/1879-01-16,1,4,4,0
lccn/sn85038115/1875-03-30,2,4,1,3
lccn/sn88076013/1889-11-30,2,12,8,4
lccn/sn84026965/1882-03-23,2,22,5,17
lccn/sn84026403/1872-06-01,2,7,4,3
lccn/sn85038180/1875-09-02,2,12,10,2
lccn/sn84026965/1877-07-19,2,13,2,11
lccn/sn84026965/1877-07-19,2,17,4,13
lccn/sn85038115/1869-08-31,2,5,0,5
lccn/sn85038115/1885-07-14,2,6,1,5
lccn/sn85038115/1886-01-05,2,7,6,1
lccn/sn85038115/1884-12-23,2,2,0,2
lccn/sn85038115/1885-06-23,1,9,14,-5
lccn/sn84026497/1895-06-05,1,0,0,0
lccn/sn85038115/1886-07-27,2,5,1,4
lccn/sn84026403/1873-08-29,1,0,0,0
lccn/sn85038115/1885-07-07,1,4,4,0
lccn/sn83045462/1934-05-05,2,6,1,5
lccn/sn83045462/1932-09-06,2,13,4,9
lccn/sn83045462/1930-11-06,2,3,2,1
lccn/sn83045462/1930-11-08,2,15,0,15
lccn/sn83045462/1934-09-17,2,8,5,3
lccn/sn83045462/1930-10-23,1,13,28,-15
lccn/sn83045462/1934-05-12,2,7,3,4
lccn/sn83045462/1934-04-28,1,1,3,-2
lccn/sn83045462/1934-04-21,2,3,1,2
lccn/sn83045462/1932-10-08,2,11,3,8
lccn/sn83045462/1934-09-12,2,20,0,20
lccn/sn83045462/1934-09-15,2,6,3,3
lccn/sn83045462/1934-09-28,2,11,0,11
lccn/sn83045462/1934-09-24,2,17,1,16
lccn/sn87068097/1891-02-13,2,6,2,4
lccn/sn87068097/1892-02-03,1,1,12,-11
lccn/sn87068097/1891-12-15,1,4,8,-4
lccn/sn78000873/1917-04-05,1,3,4,-1
lccn/sn83016025/1864-02-20,2,1,0,1
lccn/sn78000873/1914-03-05,2,1,0,1
lccn/sn83045462/1945-08-14,2,16,2,14
lccn/sn83045462/1945-08-15,2,12,2,10
lccn/sn83045462/1945-07-01,2,12,2,10
lccn/sn86092518/1887-09-26,2,10,3,7
lccn/sn86092518/1887-09-17,2,8,4,4
lccn/sn86092518/1887-09-20,1,0,0,0
lccn/sn86092518/1887-09-21,2,10,2,8
lccn/sn86092518/1887-10-05,1,5,8,-3
lccn/sn86092518/1887-09-09,1,0,0,0
lccn/sn86092518/1886-06-28,2,2,1,1
lccn/sn86092518/1888-06-08,2,10,8,2
lccn/sn83045462/1945-08-31,2,25,3,22
lccn/sn83045462/1945-08-12,2,14,4,10
lccn/sn83045462/1945-07-08,2,11,0,11
lccn/sn83045462/1945-05-19,2,3,0,3
lccn/sn87068097/1891-02-05,1,0,8,-8
lccn/sn87068097/1890-04-29,2,12,9,3
lccn/sn87068097/1890-02-17,1,12,18,-6
lccn/sn87068097/1890-10-23,1,2,7,-5
lccn/sn87068097/1891-01-17,2,11,6,5
lccn/sn85035720/1922-02-21,1,6,12,-6
lccn/sn83045462/1944-07-04,2,5,0,5
lccn/sn86092518/1888-08-27,1,0,0,0
lccn/sn86092523/1885-08-02,2,10,4,6
lccn/sn83045462/1940-09-08,2,6,1,5
lccn/sn83025182/1864-09-07,2,8,1,7
lccn/sn83045462/1943-03-08,2,9,3,6
lccn/sn83045462/1943-06-17,2,23,0,23
lccn/sn83045462/1943-01-11,2,18,3,15
lccn/sn83045462/1942-12-29,1,2,3,-1
lccn/sn78000873/1908-05-14,2,23,3,20
lccn/sn78000873/1909-04-08,2,7,5,2
lccn/sn78000873/1909-02-18,2,10,4,6
lccn/sn78000873/1910-12-29,2,18,8,10
lccn/sn78000873/1911-04-06,2,2,0,2
lccn/sn83016689/1911-07-21,2,13,4,9
lccn/sn78000873/1906-11-01,1,5,15,-10
lccn/sn78000873/1905-10-12,2,8,6,2
lccn/sn78000873/1910-05-19,2,8,4,4
lccn/sn78000873/1913-07-03,2,11,3,8
lccn/sn78000873/1912-12-26,2,1,0,1
lccn/sn78000873/1913-01-02,2,9,5,4
lccn/sn78000873/1913-04-10,2,15,4,11
lccn/sn78000873/1904-08-18,1,5,5,0
lccn/sn83045462/1943-03-06,2,15,0,15
lccn/sn78000873/1914-01-22,2,3,0,3
lccn/sn82014134/1858-03-05,2,4,1,3
lccn/sn83009653/1903-05-26,2,2,0,2
lccn/sn84022046/1875-05-01,2,6,5,1
lccn/sn83009653/1882-12-12,2,6,4,2
lccn/sn83045462/1933-09-30,2,4,2,2
lccn/sn83045462/1933-09-18,2,9,5,4
lccn/sn83045462/1935-10-04,2,19,1,18
lccn/sn83045462/1933-11-11,1,5,7,-2
lccn/sn83045462/1933-11-18,2,9,4,5
lccn/sn83045462/1933-12-02,2,4,0,4
lccn/sn83045462/1933-12-16,1,1,1,0
lccn/sn83045462/1934-01-20,1,0,4,-4
lccn/sn83045462/1934-01-13,2,5,2,3
lccn/sn83045462/1934-01-27,1,4,5,-1
lccn/sn83045462/1934-03-10,2,3,0,3
lccn/sn83045462/1934-02-03,1,4,5,-1
lccn/sn83045462/1934-02-17,2,4,2,2
lccn/sn83045462/1934-02-24,2,6,3,3
lccn/sn83045462/1934-02-10,2,9,2,7
lccn/sn83045462/1933-09-10,1,0,0,0
lccn/sn83045462/1933-12-09,1,3,3,0
lccn/sn83045462/1933-11-05,1,2,2,0
lccn/sn83045462/1935-10-12,2,4,2,2
lccn/sn83045462/1935-10-13,2,33,7,26
lccn/sn83045462/1935-10-01,2,11,0,11
lccn/sn83045462/1933-09-02,1,3,4,-1
lccn/sn83045462/1935-07-21,2,5,1,4
lccn/sn84027398/1858-06-05,1,6,13,-7
lccn/sn83045462/1933-05-28,2,7,4,3
lccn/sn83045462/1933-06-03,2,1,0,1
lccn/sn83045462/1933-05-05,1,0,0,0
lccn/sn83045462/1936-04-25,2,5,1,4
lccn/sn83045462/1936-02-29,2,9,1,8
lccn/sn83045462/1936-02-22,2,6,5,1
lccn/sn83045462/1936-03-04,2,14,1,13
lccn/sn83045462/1935-03-23,2,12,1,11
lccn/sn83045462/1935-02-23,2,8,2,6
lccn/sn83045462/1935-04-13,2,6,2,4
lccn/sn83045462/1934-12-08,2,8,1,7
lccn/sn83045462/1934-11-24,2,17,2,15
lccn/sn83045462/1934-12-19,1,0,0,0
lccn/sn84027186/1877-07-06,2,1,0,1
lccn/sn84027186/1878-08-30,2,8,1,7
lccn/sn87058333/1870-07-07,2,2,0,2
lccn/sn83045462/1935-03-02,2,10,3,7
lccn/sn83045462/1934-10-27,2,4,2,2
lccn/sn83045462/1935-01-20,2,20,8,12
lccn/sn83045462/1935-01-26,1,3,3,0
lccn/sn83045462/1935-03-24,2,5,2,3
lccn/sn83045462/1935-03-09,2,9,0,9
lccn/sn87058351/1867-05-10,2,8,0,8
lccn/sn83045462/1929-03-17,2,15,1,14
lccn/sn83045462/1930-02-15,2,9,3,6
lccn/sn83045462/1929-03-02,2,5,4,1
lccn/sn83045462/1929-09-12,2,18,6,12
lccn/sn83045462/1930-01-30,2,6,2,4
lccn/sn83045462/1929-02-17,2,12,8,4
lccn/sn83045462/1930-01-31,2,11,10,1
lccn/sn87058042/1861-12-13,2,5,0,5
lccn/sn83045462/1929-03-03,2,11,5,6
lccn/sn83025161/1870-11-04,2,14,2,12
lccn/sn83025161/1870-11-04,2,15,3,12
lccn/sn87065327/1908-03-27,2,23,5,18
lccn/sn86086499/1900-06-16,1,0,0,0
lccn/sn89060092/1913-04-18,1,7,10,-3
lccn/sn83016025/1889-07-12,2,16,8,8
lccn/sn85040451/1899-06-21,2,18,2,16
lccn/sn85040451/1906-05-09,2,11,8,3
lccn/sn85025007/1856-05-01,2,12,4,8
lccn/sn85040451/1900-07-04,2,13,4,9
lccn/sn83016025/1890-08-28,2,9,4,5
lccn/sn89060092/1911-05-12,1,5,9,-4
lccn/sn82015137/1884-09-21,2,15,6,9
lccn/sn83045462/1939-02-04,2,8,3,5
lccn/sn83009653/1909-03-30,1,0,0,0
lccn/sn83009653/1909-09-14,2,7,1,6
lccn/sn83009653/1909-11-16,1,4,9,-5
lccn/sn83009653/1910-11-08,2,1,0,1
lccn/sn83009653/1917-08-21,1,1,5,-4
lccn/sn83009653/1917-05-15,1,6,7,-1
lccn/sn83009653/1917-05-22,1,1,3,-2
lccn/sn83009653/1917-01-09,2,2,1,1
lccn/sn83009653/1919-08-26,1,8,9,-1
lccn/sn83009653/1918-04-09,1,4,7,-3
lccn/sn83009653/1920-09-07,2,7,5,2
lccn/sn83009653/1919-10-21,2,8,3,5
lccn/sn83009653/1921-02-08,1,3,5,-2
lccn/sn83009653/1921-01-04,1,2,4,-2
lccn/sn83009653/1918-05-21,2,8,7,1
lccn/sn83009653/1912-03-26,2,4,3,1
lccn/sn83009653/1912-05-21,1,0,0,0
lccn/sn84022046/1880-01-24,1,0,0,0
lccn/sn83009653/1913-11-18,1,1,3,-2
lccn/sn83009653/1913-12-23,2,9,6,3
lccn/sn83009653/1882-12-19,1,0,0,0
lccn/sn83009653/1921-09-27,2,14,5,9
lccn/sn83009653/1921-10-11,2,11,4,7
lccn/sn83016689/1910-03-30,1,2,3,-1
lccn/sn83045462/1939-02-25,2,4,1,3
lccn/sn83045462/1944-02-25,1,0,9,-9
lccn/sn84027352/1872-01-04,1,5,9,-4
lccn/sn83016025/1876-04-25,2,19,5,14
lccn/sn83016025/1876-05-17,1,11,17,-6
lccn/sn83025182/1868-09-13,2,9,6,3
lccn/sn83016025/1885-03-23,2,14,9,5
lccn/sn83016025/1877-11-27,2,7,2,5
lccn/sn83016025/1875-11-02,1,1,3,-2
lccn/sn83045462/1947-08-17,2,28,26,2
lccn/sn83045462/1947-04-09,1,5,5,0
lccn/sn86074058/1883-03-08,2,19,13,6
lccn/sn86074058/1889-08-15,2,7,1,6
lccn/sn86074063/1899-01-25,1,0,0,0
lccn/sn86074058/1886-07-22,2,11,1,10
lccn/sn86074058/1886-07-08,1,0,0,0
lccn/sn86074058/1886-06-10,2,10,6,4
lccn/sn83045462/1946-10-01,2,8,5,3
lccn/sn85042354/1890-04-05,2,15,2,13
lccn/sn83045462/1946-09-15,2,23,2,21
lccn/sn83045462/1948-05-16,2,12,0,12
lccn/sn83045462/1947-09-22,2,10,7,3
lccn/sn83045462/1947-10-01,2,9,2,7
lccn/sn83045462/1948-04-20,2,6,4,2
lccn/sn83045462/1947-09-04,2,8,1,7
lccn/sn87068097/1902-03-04,2,10,7,3
lccn/sn87068097/1901-10-19,1,0,0,0
lccn/sn84022044/1878-06-09,1,7,7,0
lccn/sn84022044/1878-06-04,1,5,5,0
lccn/sn84022044/1878-06-05,2,9,8,1
lccn/sn84022044/1878-06-06,2,9,6,3
lccn/sn84022044/1878-06-07,1,5,11,-6
lccn/sn84022044/1878-06-01,1,0,0,0
lccn/sn84022044/1878-06-02,1,6,9,-3
lccn/sn89052133/1911-02-24,2,9,3,6
lccn/sn83016025/1891-08-25,2,10,8,2
lccn/sn83016025/1891-09-11,1,6,12,-6
lccn/sn92051501/1898-08-11,1,4,4,0
lccn/sn86074065/1914-05-27,2,10,5,5
lccn/sn86074065/1914-10-31,2,13,8,5
lccn/sn86074065/1908-09-19,1,4,9,-5
lccn/sn87068097/1902-10-20,2,12,4,8
lccn/sn85042354/1917-07-11,1,2,2,0
lccn/sn85033019/1867-01-10,1,0,0,0
lccn/sn85042224/1914-08-15,2,10,0,10
lccn/sn85042224/1914-08-22,2,12,2,10
lccn/sn85042224/1912-08-09,2,7,4,3
lccn/sn85042224/1914-03-04,2,13,1,12
lccn/sn85042354/1919-10-13,1,4,4,0
lccn/sn85042354/1920-01-08,1,1,2,-1
lccn/sn85042354/1919-01-06,2,4,3,1
lccn/sn85042354/1919-01-14,2,10,2,8
lccn/sn85042354/1919-01-17,2,11,0,11
lccn/sn85042354/1919-01-22,2,10,0,10
lccn/sn85042354/1919-01-20,2,5,1,4
lccn/sn86092536/1915-03-27,1,0,1,-1
lccn/sn85042243/1927-03-14,2,13,6,7
lccn/sn85042243/1927-09-09,1,4,6,-2
lccn/sn85042243/1928-01-05,2,5,1,4
lccn/sn86092536/1915-09-17,1,4,5,-1
lccn/sn82015679/1885-02-21,2,13,7,6
lccn/sn82015679/1885-02-23,1,7,7,0
lccn/sn82015679/1884-02-23,2,11,4,7
lccn/sn82015679/1883-10-20,2,6,4,2
lccn/sn82015679/1886-01-17,2,7,6,1
lccn/sn82015289/1884-08-12,1,0,0,0
lccn/sn82015289/1883-08-28,2,10,9,1
lccn/sn82015289/1883-12-04,2,23,4,19
lccn/sn82015289/1883-02-20,1,0,0,0
lccn/sn82015289/1882-03-21,2,9,1,8
lccn/sn82015679/1885-11-21,1,13,15,-2
lccn/sn82015289/1888-06-07,1,0,0,0
lccn/sn82015289/1887-06-30,1,0,0,0
lccn/sn85042243/1928-10-11,1,5,7,-2
lccn/sn85042243/1928-10-19,1,1,5,-4
lccn/sn85042243/1928-12-01,1,1,2,-1
lccn/sn85042243/1929-01-11,1,3,8,-5
lccn/sn85047611/1922-01-23,2,11,2,9
lccn/sn85047611/1921-02-18,1,0,0,0
lccn/sn85042243/1929-02-02,1,2,10,-8
lccn/sn83045462/1931-01-28,2,7,2,5
lccn/sn83045462/1931-08-06,2,6,3,3
lccn/sn83045462/1933-07-28,1,23,29,-6
lccn/sn83045462/1933-06-24,1,2,3,-1
lccn/sn83032103/1874-08-28,2,21,7,14
lccn/sn83032103/1874-10-09,2,5,4,1
lccn/sn83032103/1859-03-12,1,0,0,0
lccn/sn83016025/1879-10-01,2,9,8,1
lccn/sn83016025/1880-02-14,2,21,10,11
lccn/sn84027718/1903-06-25,2,21,13,8
lccn/sn83016025/1887-05-10,2,8,6,2
lccn/sn83016025/1887-05-14,2,14,5,9
lccn/sn83016025/1887-05-07,2,21,10,11
lccn/sn83032103/1883-08-09,1,3,9,-6
lccn/sn83032103/1883-08-16,1,0,0,0
lccn/sn83016025/1888-10-13,2,9,1,8
lccn/sn83016025/1888-10-20,2,19,3,16
lccn/sn83016025/1888-11-02,2,6,4,2
lccn/sn83016025/1884-02-06,2,7,0,7
lccn/sn83032103/1867-11-08,1,0,0,0
lccn/sn83032103/1862-12-20,2,9,4,5
lccn/sn89053684/1900-09-09,1,3,15,-12
lccn/sn86063034/1889-04-09,2,8,5,3
lccn/sn89053684/1901-07-14,1,8,8,0
lccn/sn89053684/1901-08-31,2,10,3,7
lccn/sn89053684/1901-07-09,2,20,4,16
lccn/sn89053684/1900-07-10,1,13,25,-12
lccn/sn89053684/1900-06-30,2,19,9,10
lccn/sn89053684/1901-07-04,2,17,3,14
lccn/sn89053684/1901-07-05,1,6,9,-3
lccn/sn89053684/1901-07-13,1,0,0,0
lccn/sn89053684/1901-07-06,2,12,2,10
lccn/sn86063034/1897-05-09,1,0,0,0
lccn/sn86063034/1896-12-25,1,0,0,0
lccn/sn89051343/1859-02-18,2,10,2,8
lccn/sn86063034/1897-02-09,1,8,14,-6
lccn/sn83016689/1916-09-15,2,6,5,1
lccn/sn83016689/1916-09-15,1,9,13,-4
lccn/sn85040451/1919-01-08,2,6,1,5
lccn/sn85040451/1915-05-12,2,6,4,2
lccn/sn86063034/1895-06-30,1,4,4,0
lccn/sn86063034/1895-06-11,1,6,16,-10
lccn/sn86063034/1895-09-22,2,10,5,5
lccn/sn86063034/1896-07-01,1,1,3,-2
lccn/sn86063034/1895-09-19,2,10,5,5
lccn/sn86063034/1887-06-30,1,0,0,0
lccn/sn86063034/1887-07-16,1,3,5,-2
lccn/sn86063034/1887-07-21,2,21,6,15
lccn/sn86063034/1887-04-28,2,14,3,11
lccn/sn82015137/1887-04-12,2,13,7,6
lccn/sn86063034/1887-09-01,2,15,12,3
lccn/sn86063034/1887-09-08,2,9,7,2
lccn/sn86063034/1888-09-15,2,10,7,3
lccn/sn86063034/1888-07-26,2,13,3,10
lccn/sn86063034/1888-07-05,1,0,11,-11
lccn/sn86063034/1888-05-22,2,12,5,7
lccn/sn86063034/1888-09-08,2,2,0,2
lccn/sn86063034/1888-09-11,2,19,1,18
lccn/sn86063034/1888-08-11,2,17,8,9
lccn/sn85025007/1849-09-06,2,12,7,5
lccn/sn82015137/1885-04-08,1,4,4,0
lccn/sn82015137/1885-04-06,2,25,4,21
lccn/sn82015137/1885-04-05,2,22,5,17
lccn/sn82015137/1885-09-12,1,3,18,-15
lccn/sn82015137/1885-12-04,2,13,10,3
lccn/sn82015137/1885-09-15,2,11,7,4
lccn/sn82015137/1886-02-14,2,14,4,10
lccn/sn82015137/1885-06-26,2,25,8,17
lccn/sn82015137/1884-09-18,2,11,8,3
lccn/sn82015137/1884-09-24,1,0,0,0
lccn/sn82015137/1884-09-28,2,20,7,13
lccn/sn82015137/1884-09-26,1,0,0,0
lccn/sn82015137/1884-06-22,2,15,5,10
lccn/sn82015137/1885-07-16,1,6,7,-1
lccn/sn82015137/1885-08-17,1,0,0,0
lccn/sn78000873/1897-08-19,2,7,5,2
lccn/sn78000873/1897-02-25,2,7,1,6
lccn/sn78000873/1898-01-06,2,23,3,20
lccn/sn78000873/1892-03-31,1,3,7,-4
lccn/sn78000873/1896-11-19,2,11,6,5
lccn/sn78000873/1901-03-28,1,5,12,-7
lccn/sn78000873/1902-01-09,2,4,3,1
lccn/sn83016368/1876-05-20,2,13,5,8
lccn/sn84027718/1879-06-04,2,19,11,8
lccn/sn84027718/1879-07-16,2,13,8,5
lccn/sn83016368/1865-05-13,2,20,18,2
lccn/sn83045462/1942-09-23,2,17,0,17
lccn/sn83045462/1942-09-24,2,23,2,21
lccn/sn88065721/1902-01-17,2,12,6,6
lccn/sn83045462/1936-01-27,2,2,1,1
lccn/sn83045462/1942-09-22,2,16,3,13
lccn/sn92051501/1915-11-10,1,2,5,-3
lccn/sn92051501/1920-01-01,1,7,14,-7
lccn/sn83045462/1941-09-21,2,7,1,6
lccn/sn92051501/1899-08-31,1,3,5,-2
lccn/sn92051501/1899-01-26,2,13,6,7
lccn/sn83016025/1895-09-14,1,5,10,-5
lccn/sn83016025/1897-02-04,2,14,2,12
lccn/sn83016689/1916-06-22,1,12,12,0
lccn/sn83016689/1916-06-21,2,21,15,6
lccn/sn83016025/1898-10-27,2,10,8,2
lccn/sn83016025/1897-12-02,2,12,4,8
lccn/sn86063034/1891-07-27,2,7,5,2
lccn/sn86063034/1891-08-05,2,16,9,7
lccn/sn86063034/1891-07-20,2,6,3,3
lccn/sn86063034/1891-07-22,2,6,4,2
lccn/sn86063034/1890-04-15,1,2,5,-3
lccn/sn83016689/1916-04-01,1,1,4,-3
lccn/sn83045462/1950-12-17,2,15,1,14
lccn/sn83045462/1950-12-16,2,17,2,15
lccn/sn83009653/1888-08-21,1,0,1,-1
lccn/sn83016025/1870-12-28,2,14,6,8
lccn/sn83016025/1870-03-03,1,0,0,0
lccn/sn83016025/1875-01-14,2,8,0,8
lccn/sn83016025/1875-04-13,2,3,1,2
lccn/sn85025007/1841-04-22,2,7,4,3
lccn/sn85025007/1841-05-05,1,0,0,0
lccn/sn85025007/1841-05-06,1,0,0,0
lccn/sn85025007/1841-05-10,1,0,0,0
lccn/sn85025007/1841-05-20,1,0,0,0
lccn/sn85025007/1841-05-12,1,0,0,0
lccn/sn85025007/1841-05-14,1,3,3,0
lccn/sn85025007/1841-04-29,2,4,3,1
lccn/sn85025007/1841-04-01,1,0,0,0
lccn/sn85025007/1841-04-17,2,6,3,3
lccn/sn85025007/1841-05-07,1,0,0,0
lccn/sn85025007/1841-03-20,1,0,0,0
lccn/sn85025007/1841-03-25,1,0,0,0
lccn/sn85025007/1841-03-27,1,0,0,0
lccn/sn85025007/1846-01-05,1,0,0,0
lccn/sn83045462/1948-11-22,2,6,2,4
lccn/sn83009653/1888-08-14,2,7,1,6
lccn/sn87068097/1897-12-04,2,8,2,6
lccn/sn87068097/1898-12-30,1,7,13,-6
lccn/sn87068097/1898-12-12,2,3,1,2
lccn/sn87068097/1895-12-13,2,8,4,4
lccn/sn87068097/1897-02-02,2,8,1,7
lccn/sn87068097/1896-12-30,2,11,9,2
lccn/sn87068097/1893-02-20,1,0,0,0
lccn/sn87068097/1892-12-27,2,13,6,7
lccn/sn87068097/1893-01-24,1,16,18,-2
lccn/sn87068097/1892-12-29,2,25,13,12
lccn/sn87068097/1893-06-12,1,3,8,-5
lccn/sn87068097/1894-04-23,2,17,0,17
lccn/sn83016689/1914-10-28,2,5,1,4
lccn/sn85025570/1915-02-10,2,21,0,21
lccn/sn86063034/1892-09-13,1,3,8,-5
lccn/sn86063034/1892-10-05,2,19,12,7
lccn/sn86063034/1892-05-01,1,0,0,0
lccn/sn86063034/1889-07-11,2,5,3,2
lccn/sn86063034/1889-08-20,2,8,4,4
lccn/sn86063034/1889-08-22,1,3,3,0
lccn/sn86063034/1889-07-25,1,5,5,0
lccn/sn86063034/1889-07-13,2,5,2,3
lccn/sn86063034/1889-08-31,2,10,5,5
lccn/sn86063034/1889-08-08,2,5,4,1
lccn/sn86063034/1889-09-05,1,9,12,-3
lccn/sn86063034/1889-09-07,2,19,6,13
lccn/sn86090230/1914-06-25,2,6,5,1
lccn/sn86063034/1897-12-23,1,6,7,-1
lccn/sn86063034/1899-04-10,2,5,2,3
lccn/sn86063034/1899-09-17,2,32,13,19
lccn/sn87065469/1901-02-14,2,17,10,7
lccn/sn87065469/1894-04-19,1,0,0,0
lccn/sn86063034/1893-07-29,1,3,5,-2
lccn/sn86063034/1893-07-04,1,3,4,-1
lccn/sn86063034/1893-06-14,2,13,7,6
lccn/sn86063034/1894-04-22,1,0,0,0
lccn/sn86063034/1894-04-26,1,9,23,-14
lccn/sn86063034/1894-09-28,2,16,8,8
lccn/sn83016025/1899-03-07,1,4,4,0
lccn/sn83016025/1899-01-03,2,6,5,1
lccn/sn82014282/1859-10-05,2,9,7,2
lccn/sn83016689/1915-10-21,1,5,5,0
lccn/sn83016689/1915-07-14,2,11,1,10
lccn/sn83016689/1915-11-29,2,8,0,8
lccn/sn86063034/1899-11-07,2,13,8,5
lccn/sn86063034/1899-12-18,1,18,18,0
lccn/sn82015679/1897-07-09,1,5,14,-9
lccn/sn82015679/1897-08-10,2,12,6,6
lccn/sn82015679/1897-12-02,1,0,0,0
lccn/sn82015679/1898-03-07,2,9,7,2
lccn/sn82015679/1886-11-12,2,16,4,12
lccn/sn83045462/1939-12-30,2,15,11,4
lccn/sn83045462/1936-07-10,2,13,1,12
lccn/sn83045462/1939-09-18,2,8,3,5
lccn/sn83045462/1936-10-22,2,11,2,9
lccn/sn83045462/1936-10-20,1,0,0,0
lccn/sn83045462/1936-01-11,2,12,2,10
lccn/sn83045462/1939-12-26,1,3,3,0
lccn/sn83045462/1935-05-04,2,6,4,2
lccn/sn83045462/1935-06-09,2,6,5,1
lccn/sn83045462/1935-06-05,2,18,11,7
lccn/sn83045462/1934-02-11,2,4,0,4
lccn/sn83045462/1936-12-13,2,11,8,3
lccn/sn83045462/1936-12-06,2,6,3,3
lccn/sn83045462/1942-01-11,2,10,5,5
lccn/sn83045462/1942-01-13,2,16,4,12
lccn/sn86092518/1884-01-01,1,0,0,0
lccn/sn86092523/1883-07-22,2,5,1,4
lccn/sn86092518/1882-06-21,2,10,5,5
lccn/sn86092518/1882-06-21,2,31,9,22
lccn/sn86092518/1881-09-14,1,0,0,0
lccn/sn83045462/1938-06-19,2,21,1,20
lccn/sn83045462/1938-10-01,2,8,0,8
lccn/sn83045462/1938-09-04,2,10,2,8
lccn/sn83045462/1950-09-30,1,4,7,-3
lccn/sn83045462/1949-05-03,2,3,0,3
lccn/sn85040749/1907-12-03,1,2,12,-10
lccn/sn85040749/1906-11-27,2,14,7,7
lccn/sn85040749/1908-11-10,1,10,10,0
lccn/sn85040749/1901-02-12,1,4,7,-3
lccn/sn85040749/1904-09-13,1,4,14,-10
lccn/sn83045462/1949-03-11,1,2,6,-4
lccn/sn85040749/1904-09-20,2,7,4,3
lccn/sn85040749/1903-06-02,2,20,12,8
lccn/sn83045462/1947-10-19,2,8,1,7
lccn/sn83045462/1947-05-04,2,8,4,4
lccn/sn83045462/1946-04-30,1,0,0,0
lccn/sn83045462/1942-10-25,1,0,0,0
lccn/sn83045462/1946-01-23,1,0,0,0
lccn/sn83045462/1945-12-30,2,13,0,13
lccn/sn83045462/1946-01-01,2,2,0,2
lccn/sn83016025/1867-08-24,1,6,6,0
lccn/sn83016689/1909-03-19,1,0,0,0
lccn/sn83016025/1882-12-05,2,5,4,1
lccn/sn83016025/1883-07-13,2,14,13,1
lccn/sn86092518/1895-07-18,1,0,0,0
lccn/sn86092518/1897-01-12,2,11,1,10
lccn/sn86092518/1889-08-16,2,4,1,3
lccn/sn86092518/1890-04-24,2,14,3,11
lccn/sn86092518/1890-08-08,2,7,6,1
lccn/sn86092518/1890-07-14,1,0,0,0
lccn/sn86092518/1891-01-31,1,5,7,-2
lccn/sn86092523/1889-09-29,2,6,2,4
lccn/sn86092518/1892-05-05,2,11,3,8
lccn/sn83025167/1888-07-26,1,0,0,0
lccn/sn86092523/1895-12-22,1,6,8,-2
lccn/sn86092523/1896-05-10,1,0,0,0
lccn/sn89055091/1897-06-24,1,0,0,0
lccn/sn84023017/1890-04-03,2,11,7,4
lccn/sn83016750/1854-12-23,1,6,7,-1
lccn/sn82014519/1927-03-12,2,5,3,2
lccn/sn86092245/1906-09-13,2,10,4,6
lccn/sn86092245/1909-07-29,2,7,4,3
lccn/sn86092245/1914-11-05,2,5,4,1
lccn/sn85042243/1929-06-21,2,3,2,1
lccn/sn85042243/1929-08-16,1,2,2,0
lccn/sn85042243/1930-01-24,1,2,2,0
lccn/sn85042243/1930-05-15,2,11,1,10
lccn/sn86092245/1888-08-09,1,5,15,-10
lccn/sn86092245/1882-09-08,1,1,1,0
lccn/sn87062237/1922-06-10,2,7,3,4
lccn/sn87062237/1922-05-25,1,2,4,-2
lccn/sn87062237/1922-01-03,1,0,0,0
lccn/sn85035720/1921-01-28,1,6,6,0
lccn/sn85042243/1931-09-17,2,23,3,20
lccn/sn85042243/1931-09-18,2,15,4,11
lccn/sn85042243/1931-09-16,2,12,2,10
lccn/sn82015313/1925-02-26,2,13,4,9
lccn/sn82015313/1925-02-24,2,12,5,7
lccn/sn82015313/1925-07-10,2,4,0,4
lccn/sn82015313/1925-11-17,2,9,7,2
lccn/sn82015313/1926-03-16,1,2,5,-3
lccn/sn82014519/1929-06-04,2,8,4,4
lccn/sn85042243/1933-05-27,2,4,2,2
lccn/sn85042243/1934-05-10,1,3,3,0
lccn/sn85042243/1934-01-27,2,3,2,1
lccn/sn85042243/1934-09-13,1,0,3,-3
lccn/sn84023017/1880-09-16,1,0,0,0
lccn/sn82015313/1928-03-01,2,21,7,14
lccn/sn85042354/1921-11-14,2,8,2,6
lccn/sn85042354/1921-09-10,1,3,8,-5
lccn/sn85042243/1936-06-06,1,2,3,-1
lccn/sn85042243/1936-06-08,2,11,1,10
lccn/sn85042243/1936-06-03,1,0,0,0
lccn/sn85042243/1936-06-09,2,5,3,2
lccn/sn85042243/1932-06-04,1,3,9,-6
lccn/sn85042243/1933-01-21,1,0,5,-5
lccn/sn85042224/1917-08-25,1,1,2,-1
lccn/sn85042224/1917-08-25,1,1,4,-3
lccn/sn85042224/1917-09-24,2,7,4,3
lccn/sn85042224/1915-08-19,2,13,1,12
lccn/sn84024719/1846-10-29,2,16,7,9
lccn/sn84024719/1849-09-12,2,11,2,9
lccn/sn84024719/1849-08-15,2,4,2,2
lccn/sn84024719/1849-08-22,2,9,1,8
lccn/sn84024719/1843-12-28,2,11,2,9
lccn/sn84024718/1852-07-21,2,11,2,9
lccn/sn84024718/1852-07-28,2,11,2,9
lccn/sn84024718/1852-08-04,2,19,2,17
lccn/sn84022374/1901-04-03,2,6,4,2
lccn/sn84020639/1895-03-29,1,11,14,-3
lccn/sn84026826/1867-09-13,1,1,1,0
lccn/sn84026826/1867-09-20,2,2,0,2
lccn/sn84026826/1877-01-19,2,8,5,3
lccn/sn84026826/1873-07-18,2,22,4,18
lccn/sn84026826/1892-01-15,2,6,5,1
lccn/sn84024718/1857-05-13,1,0,0,0
lccn/sn84024718/1857-09-16,1,0,0,0
lccn/sn85040245/1911-08-04,2,8,3,5
lccn/sn85040245/1913-08-22,2,15,5,10
lccn/sn85040245/1913-08-22,2,4,0,4
lccn/sn84020504/1908-01-16,1,6,12,-6
lccn/sn84020504/1907-11-27,1,3,15,-12
lccn/sn84020504/1907-10-11,2,2,0,2
lccn/sn84020504/1907-10-05,1,3,6,-3
lccn/sn84020504/1907-07-27,1,6,8,-2
lccn/sn84020504/1908-01-25,1,3,15,-12
lccn/sn91064009/1908-04-01,1,14,27,-13
lccn/sn84020558/1922-01-16,2,9,1,8
lccn/sn84020558/1922-01-14,2,18,3,15
lccn/sn84020558/1922-01-19,2,6,2,4
lccn/sn84020558/1922-01-15,2,18,4,14
lccn/sn84020558/1922-01-20,2,13,4,9
lccn/sn84020558/1922-01-01,2,16,1,15
lccn/sn84020558/1922-01-17,2,10,3,7
lccn/sn84020558/1922-01-18,2,15,3,12
lccn/sn82015313/1934-05-16,1,1,1,0
lccn/sn82015313/1932-10-05,2,13,3,10
lccn/sn96061109/1889-06-13,1,3,11,-8
lccn/sn89053987/1871-08-02,2,26,1,25
lccn/sn89053987/1871-07-05,2,11,8,3
lccn/sn89053987/1875-03-17,1,4,6,-2
lccn/sn89053987/1869-12-29,2,13,3,10
lccn/sn89053987/1870-01-05,1,4,7,-3
lccn/sn89053987/1870-01-19,2,12,3,9
lccn/sn89053987/1870-02-02,2,10,4,6
lccn/sn89053987/1870-02-16,1,4,7,-3
lccn/sn89053987/1869-02-17,2,18,6,12
lccn/sn89053987/1868-11-04,1,0,0,0
lccn/sn89053987/1875-08-18,2,14,6,8
lccn/sn91064011/1910-05-20,2,11,3,8
lccn/sn84022374/1878-12-26,2,8,5,3
lccn/sn82014248/1870-11-17,2,9,1,8
lccn/sn91064011/1912-06-08,2,10,0,10
lccn/sn91064011/1911-10-23,2,5,3,2
lccn/sn84026801/1874-04-02,1,4,6,-2
lccn/sn84026801/1874-06-25,2,10,0,10
lccn/sn84026801/1874-07-02,2,10,3,7
lccn/sn83025186/1907-01-18,2,13,4,9
lccn/sn85038485/1906-09-16,2,12,1,11
lccn/sn91064011/1914-03-25,2,10,6,4
lccn/sn96077289/1942-04-18,2,7,2,5
lccn/sn82015313/1924-10-15,2,10,4,6
lccn/sn82015313/1924-12-17,2,8,2,6
lccn/sn82015313/1923-09-10,2,7,5,2
lccn/sn82015313/1923-07-24,2,12,0,12
lccn/sn82015313/1923-06-30,2,10,6,4
lccn/sn82015313/1923-07-21,2,16,4,12
lccn/sn82015313/1923-07-23,1,5,5,0
lccn/sn82015313/1923-07-20,2,6,4,2
lccn/sn89077510/1868-03-07,1,0,0,0
lccn/sn89077510/1868-02-22,1,0,0,0
lccn/sn89077510/1868-05-30,2,9,2,7
lccn/sn89077510/1868-05-23,2,7,5,2
lccn/sn89077510/1868-04-18,1,0,0,0
lccn/sn89077510/1868-04-25,2,4,2,2
lccn/sn89077510/1868-05-09,1,0,0,0
lccn/sn89077510/1868-06-13,1,0,0,0
lccn/sn89077510/1868-06-20,2,8,2,6
lccn/sn91064011/1913-06-06,2,11,7,4
lccn/sn87075008/1937-11-18,2,4,0,4
lccn/sn91064011/1913-11-18,2,4,0,4
lccn/sn91064011/1914-01-06,2,10,4,6
lccn/sn86063730/1920-06-11,1,3,3,0
lccn/sn91064011/1914-06-20,2,8,6,2
lccn/sn91064011/1914-12-19,2,7,2,5
lccn/sn84027329/1883-08-02,2,12,7,5
lccn/sn84027329/1882-09-14,2,3,1,2
lccn/sn84027329/1884-05-08,2,22,6,16
lccn/sn85038485/1904-06-24,1,0,0,0
lccn/sn85038485/1909-04-18,2,8,6,2
lccn/sn85038485/1909-09-29,2,5,3,2
lccn/sn82014248/1874-07-30,2,16,4,12
lccn/sn82014248/1874-01-27,2,8,5,3
lccn/sn82014248/1872-01-22,1,2,2,0
lccn/sn82014248/1876-02-23,2,16,3,13
lccn/sn82014248/1876-06-29,2,12,3,9
lccn/sn82014248/1877-05-22,2,13,3,10
lccn/sn82014248/1877-01-11,2,6,1,5
lccn/sn82014248/1874-04-03,2,10,4,6
lccn/sn91064011/1915-08-16,1,3,5,-2
lccn/sn91064011/1915-05-31,2,12,6,6
lccn/sn91064011/1915-03-20,1,1,8,-7
lccn/sn91064011/1915-03-16,2,2,0,2
lccn/sn91064011/1915-02-04,1,1,3,-2
lccn/sn87068079/1895-08-29,1,0,0,0
lccn/sn87068079/1895-09-05,2,6,4,2
lccn/sn87068079/1895-09-12,2,6,4,2
lccn/sn87068079/1895-09-19,1,0,2,-2
lccn/sn87068079/1895-09-26,2,15,2,13
lccn/sn87068079/1895-10-03,2,14,5,9
lccn/sn87068079/1895-10-10,2,12,7,5
lccn/sn87068079/1895-11-07,1,0,0,0
lccn/sn87068079/1895-11-14,2,13,4,9
lccn/sn87068079/1895-11-21,2,15,2,13
lccn/sn87068079/1895-10-17,1,15,15,0
lccn/sn87068079/1895-10-24,1,7,9,-2
lccn/sn87068079/1895-10-31,1,11,11,0
lccn/sn87068079/1896-01-09,2,13,3,10
lccn/sn87068079/1896-01-23,2,10,2,8
lccn/sn87068079/1895-12-19,2,11,5,6
lccn/sn87068079/1896-01-30,2,10,2,8
lccn/sn87068079/1895-11-28,2,19,3,16
lccn/sn87068079/1895-12-05,1,3,7,-4
lccn/sn87068079/1882-09-14,1,0,0,0
lccn/sn87068079/1885-08-27,2,4,2,2
lccn/sn87068079/1883-08-30,2,10,7,3
lccn/sn87068079/1883-09-06,1,0,0,0
lccn/sn85042104/1905-07-14,1,4,5,-1
lccn/sn91064011/1915-12-16,1,3,5,-2
lccn/sn91064011/1915-11-26,1,3,4,-1
lccn/sn91064011/1916-01-04,2,13,2,11
lccn/sn87058308/1887-12-15,1,9,14,-5
lccn/sn87058308/1886-05-27,2,9,5,4
lccn/sn87058308/1886-04-29,2,22,3,19
lccn/sn87058308/1889-04-11,2,54,34,20
lccn/sn87058308/1893-05-18,1,4,5,-1
lccn/sn87058308/1898-06-16,1,9,10,-1
lccn/sn84024516/1890-04-25,1,0,0,0
lccn/sn84024516/1890-07-24,2,27,11,16
lccn/sn84024516/1890-07-29,2,7,4,3
lccn/sn97065763/1902-10-04,1,4,7,-3
lccn/sn97065763/1901-11-02,2,11,4,7
lccn/sn85038485/1911-05-28,2,15,0,15
lccn/sn85038485/1910-09-18,1,0,0,0
lccn/sn84024326/1923-02-04,2,6,3,3
lccn/sn85038485/1913-12-07,2,11,0,11
lccn/sn97065763/1908-01-04,1,0,0,0
lccn/sn97065763/1905-01-07,2,6,3,3
lccn/sn85038485/1915-05-28,2,18,7,11
lccn/sn87068079/1907-01-17,1,2,3,-1
lccn/sn87068079/1911-12-21,1,8,8,0
lccn/sn87068079/1911-12-28,2,7,3,4
lccn/sn85053305/1931-03-27,1,1,1,0
lccn/sn88063294/1942-10-05,2,10,2,8
lccn/sn82014248/1893-05-05,1,0,0,0
lccn/sn88063294/1942-09-15,2,12,3,9
lccn/sn88063294/1942-08-13,2,7,3,4
lccn/sn82014248/1879-04-23,2,6,1,5
lccn/sn84024326/1924-07-29,2,3,2,1
lccn/sn98062948/1889-01-31,2,15,4,11
lccn/sn98062948/1889-06-06,2,7,5,2
lccn/sn82014248/1883-02-01,2,7,3,4
lccn/sn82014248/1885-09-12,1,2,10,-8
lccn/sn84038206/1894-01-27,1,0,0,0
lccn/sn85035801/1918-11-05,1,5,11,-6
lccn/sn85035801/1917-12-18,1,2,4,-2
lccn/sn85035801/1917-04-24,1,4,5,-1
lccn/sn85035801/1919-08-12,1,6,7,-1
lccn/sn85035801/1919-01-21,2,10,4,6
lccn/sn85035801/1918-01-29,1,7,13,-6
lccn/sn85035801/1919-03-25,1,2,4,-2
lccn/sn85035801/1919-11-11,2,6,3,3
lccn/sn91064030/1924-12-06,2,13,5,8
lccn/sn85059533/1894-01-13,2,4,2,2
lccn/sn85059533/1894-11-10,1,7,8,-1
lccn/sn89053706/1895-07-01,2,5,1,4
lccn/sn89053706/1894-09-17,2,13,3,10
lccn/sn84022565/1890-07-31,1,1,1,0
lccn/sn84022565/1891-12-31,2,10,8,2
lccn/sn84022565/1897-05-27,1,0,0,0
lccn/sn84022565/1901-02-14,1,8,11,-3
lccn/sn96075050/1915-04-15,2,7,6,1
lccn/sn96075050/1915-02-11,2,15,8,7
lccn/sn96075050/1920-03-25,1,5,5,0
lccn/sn96075050/1923-10-04,2,19,8,11
lccn/sn96075050/1914-05-21,2,6,2,4
lccn/sn96075050/1914-05-28,2,15,11,4
lccn/sn90051167/1900-05-25,1,0,0,0
lccn/sn92070146/1912-11-05,2,17,0,17
lccn/sn90051167/1903-12-25,2,11,3,8
lccn/sn87093407/1923-11-10,2,5,1,4
lccn/sn87093407/1923-03-23,1,5,5,0
lccn/sn86090947/1902-08-18,1,0,0,0
lccn/sn89053706/1900-10-29,2,7,2,5
lccn/sn89053706/1903-08-03,2,14,8,6
lccn/sn86090947/1909-06-29,1,5,12,-7
lccn/sn86090947/1909-12-10,2,7,3,4
lccn/sn86090947/1917-02-27,1,0,0,0
lccn/sn86090947/1917-03-20,2,9,5,4
lccn/sn86090947/1917-04-10,2,11,3,8
lccn/sn84038468/1842-03-03,2,4,3,1
lccn/sn86090947/1917-10-23,2,13,6,7
lccn/sn84020422/1883-07-04,2,24,11,13
lccn/sn84020422/1879-04-02,2,10,4,6
lccn/sn85035801/1895-08-06,2,14,0,14
lccn/sn85035801/1894-10-23,1,10,12,-2
lccn/sn85035801/1895-12-03,1,0,0,0
lccn/sn85035801/1895-07-09,2,14,1,13
lccn/sn85035801/1901-06-11,2,12,1,11
lccn/sn89064489/1907-09-26,2,23,4,19
lccn/sn85035801/1910-10-25,2,17,9,8
lccn/sn85035801/1910-09-27,1,0,0,0
lccn/sn85035801/1911-05-02,1,0,0,0
lccn/sn85035801/1915-04-13,1,1,13,-12
lccn/sn85035524/1894-04-20,2,16,9,7
lccn/sn85035524/1895-12-20,2,13,4,9
lccn/sn85035524/1895-12-27,2,10,0,10
lccn/sn85035524/1896-01-03,2,12,3,9
lccn/sn85035524/1895-11-08,2,16,2,14
lccn/sn85035524/1895-11-15,2,12,2,10
lccn/sn85035524/1895-11-22,2,14,4,10
lccn/sn85035524/1895-11-29,2,16,4,12
lccn/sn85035524/1895-12-06,1,7,7,0
lccn/sn85035524/1895-10-25,2,14,4,10
lccn/sn85035524/1904-03-18,1,4,11,-7
lccn/sn89053713/1920-05-06,2,21,8,13
lccn/sn89053713/1920-03-27,2,9,4,5
lccn/sn86090947/1919-03-04,2,15,4,11
lccn/sn89053713/1920-07-24,2,8,3,5
lccn/sn89053713/1921-06-07,2,19,3,16
lccn/sn89053713/1921-07-19,2,13,4,9
lccn/sn89053729/1912-08-03,2,16,2,14
lccn/sn89053729/1912-08-03,2,19,1,18
lccn/sn89053729/1912-10-24,2,6,2,4
lccn/sn89053729/1912-10-24,2,8,4,4
lccn/sn89053713/1922-10-24,2,18,0,18
lccn/sn89053713/1922-12-28,2,13,5,8
lccn/sn89053713/1923-05-08,2,17,5,12
lccn/sn89053713/1924-04-08,1,6,7,-1
lccn/sn89053713/1924-02-02,1,7,8,-1
lccn/sn89053713/1924-02-23,2,5,2,3
lccn/sn89053713/1923-11-08,1,7,8,-1
lccn/sn89053713/1923-11-10,2,26,6,20
lccn/sn89053713/1923-09-29,2,31,4,27
lccn/sn89053713/1923-08-14,1,1,6,-5
lccn/sn89053713/1923-05-01,1,0,0,0
lccn/sn87093407/1924-09-10,2,14,2,12
lccn/sn86090947/1919-07-18,2,19,4,15
lccn/sn89053713/1924-08-07,2,13,3,10
lccn/sn89053713/1924-05-15,2,27,8,19
lccn/sn89053713/1924-05-06,1,5,7,-2
lccn/sn89053713/1924-08-21,2,20,6,14
lccn/sn89053713/1924-12-27,2,13,4,9
lccn/sn89053729/1912-05-18,2,12,2,10
lccn/sn89053729/1912-05-25,2,10,2,8
lccn/sn89053729/1912-05-27,1,0,0,0
lccn/sn89053729/1912-07-30,1,7,7,0
lccn/sn89053729/1912-08-02,2,16,1,15
lccn/sn89053729/1912-08-01,2,10,1,9
lccn/sn89053729/1912-08-02,2,10,6,4
lccn/sn89053729/1912-05-20,2,15,5,10
lccn/sn89053729/1912-07-27,2,19,4,15
lccn/sn89053729/1912-07-31,1,7,8,-1
lccn/sn89053729/1912-10-28,1,0,0,0
lccn/sn89053729/1912-10-28,2,15,2,13
lccn/sn89053729/1912-10-29,2,13,2,11
lccn/sn89053729/1912-10-29,2,12,2,10
lccn/sn89053729/1912-10-30,2,15,2,13
lccn/sn89053729/1912-10-26,2,12,1,11
lccn/sn89053729/1912-10-25,2,10,1,9
lccn/sn89053729/1912-10-25,2,7,3,4
lccn/sn89053729/1912-10-26,1,0,0,0
lccn/sn89053713/1924-06-12,2,6,2,4
lccn/sn84020422/1893-01-04,2,11,4,7
lccn/sn84020422/1891-12-02,1,8,9,-1
lccn/sn84020422/1893-09-06,1,9,9,0
lccn/sn84020422/1894-07-11,2,7,6,1
lccn/sn84020422/1895-07-31,2,10,2,8
lccn/sn84020422/1895-08-28,2,15,3,12
lccn/sn84020422/1895-06-26,2,11,6,5
lccn/sn84020422/1896-01-08,1,0,0,0
lccn/sn84020422/1896-01-15,2,4,1,3
lccn/sn84020422/1896-01-01,2,4,1,3
lccn/sn84020422/1894-10-10,2,6,5,1
lccn/sn84020422/1898-11-30,1,2,7,-5
lccn/sn84020422/1899-03-15,2,7,1,6
lccn/sn92064044/1890-10-10,2,18,1,17
lccn/sn87058308/1898-06-16,1,8,10,-2
lccn/sn83025247/1946-08-09,1,0,0,0
lccn/sn88067211/1884-04-04,1,7,11,-4
lccn/sn85025697/1865-08-30,2,12,3,9
lccn/sn84024692/1853-04-01,1,4,6,-2
lccn/sn83016209/1916-09-15,1,6,11,-5
lccn/sn82007022/1843-10-21,2,22,2,20
lccn/sn89051294/1911-11-17,1,4,9,-5
lccn/sn82014248/1898-01-25,1,5,7,-2
lccn/sn84020071/1881-04-07,2,5,4,1
lccn/sn85033123/1862-05-01,1,4,5,-1
lccn/sn85033123/1862-05-15,2,40,3,37
lccn/sn85033123/1862-05-22,2,16,3,13
lccn/sn85033123/1868-03-19,2,17,6,11
lccn/sn85040308/1859-04-21,2,10,6,4
lccn/sn85040309/1859-11-03,2,10,5,5
lccn/sn84020071/1869-12-09,2,20,6,14
lccn/sn85026941/1877-09-19,2,11,9,2
lccn/sn85040305/1854-05-12,1,3,8,-5
lccn/sn89053729/1913-10-31,2,13,1,12
lccn/sn89053729/1913-10-30,2,17,8,9
lccn/sn89053729/1913-11-03,2,9,4,5
lccn/sn89053729/1913-06-10,2,17,2,15
lccn/sn89053729/1913-06-10,2,16,3,13
lccn/sn89053729/1913-06-08,1,0,0,0
lccn/sn89053729/1913-06-08,2,9,2,7
lccn/sn89053729/1913-06-09,2,19,1,18
lccn/sn89053729/1913-06-09,2,18,2,16
lccn/sn89053729/1913-06-09,2,20,1,19
lccn/sn89053729/1913-06-09,2,18,2,16
lccn/sn89053729/1913-06-07,2,23,2,21
lccn/sn89053729/1913-06-09,2,15,3,12
lccn/sn89053729/1913-06-09,2,6,1,5
lccn/sn89053729/1913-06-07,2,15,0,15
lccn/sn89053729/1913-10-28,2,12,3,9
lccn/sn89053729/1913-11-01,1,4,5,-1
lccn/sn89053729/1913-10-31,2,9,3,6
lccn/sn89053729/1913-10-31,2,9,3,6
lccn/sn89053729/1913-11-01,2,4,3,1
lccn/sn89053729/1913-11-01,2,6,3,3
lccn/sn89053729/1913-11-01,2,6,4,2
lccn/sn89053729/1913-11-03,2,6,3,3
lccn/sn89053729/1913-10-30,2,11,2,9
lccn/sn89053729/1913-10-30,2,11,5,6
lccn/sn89053729/1913-10-31,2,9,2,7
lccn/sn89053729/1913-10-30,2,9,4,5
lccn/sn89053729/1914-01-09,1,0,1,-1
lccn/sn89053729/1914-01-09,1,1,1,0
lccn/sn89053729/1914-01-09,1,1,1,0
lccn/sn89053729/1914-01-09,1,0,0,0
lccn/sn86063730/1935-10-23,2,11,6,5
lccn/sn86063730/1935-10-23,1,8,9,-1
lccn/sn89053729/1913-10-19,2,11,5,6
lccn/sn89053729/1913-10-01,2,5,4,1
lccn/sn84024707/1874-10-29,2,17,7,10
lccn/sn84024707/1876-06-08,2,23,4,19
lccn/sn84024707/1875-07-22,2,10,7,3
lccn/sn84024707/1886-11-04,2,4,1,3
lccn/sn84024707/1890-09-04,1,5,13,-8
lccn/sn84024707/1888-08-23,1,8,12,-4
lccn/sn84024653/1896-06-05,2,4,2,2
lccn/sn84024707/1871-02-09,2,20,4,16
lccn/sn84024707/1871-08-24,2,12,4,8
lccn/sn84024707/1871-08-31,2,7,5,2
lccn/sn84024707/1872-05-30,1,0,0,0
lccn/sn84024707/1872-06-06,1,0,0,0
lccn/sn84024707/1871-09-07,2,12,3,9
lccn/sn84024707/1873-12-25,2,10,3,7
lccn/sn84024707/1873-06-19,2,11,5,6
lccn/sn84024707/1871-06-22,2,9,7,2
lccn/sn84024707/1874-08-20,2,4,3,1
lccn/sn84024707/1872-08-08,2,18,3,15
lccn/sn84024707/1872-08-29,2,11,1,10
lccn/sn84024707/1872-06-27,2,14,1,13
lccn/sn84024707/1872-07-04,2,15,3,12
lccn/sn84024707/1872-06-13,2,3,2,1
lccn/sn84024707/1872-07-25,2,13,0,13
lccn/sn84024707/1872-08-01,2,18,1,17
lccn/sn84024653/1884-06-20,2,9,0,9
lccn/sn84024653/1886-06-04,2,17,4,13
lccn/sn84024653/1887-09-23,2,10,1,9
lccn/sn84024653/1887-05-20,2,10,2,8
lccn/sn84024653/1890-06-06,2,24,11,13
lccn/sn84024653/1889-11-08,2,18,2,16
lccn/sn84024707/1892-05-12,2,6,2,4
lccn/sn85033123/1888-07-20,2,5,2,3
lccn/sn85033123/1885-03-27,1,6,11,-5
lccn/sn85033123/1885-11-13,2,9,2,7
lccn/sn82014248/1900-01-27,1,5,16,-11
lccn/sn82014248/1901-02-22,1,5,5,0
lccn/sn91070630/1893-09-29,2,4,3,1
lccn/sn91070630/1896-05-21,2,11,6,5
lccn/sn91070630/1893-05-15,2,7,4,3
lccn/sn91070630/1892-10-19,1,3,3,0
lccn/sn91070630/1897-11-02,2,7,2,5
lccn/sn91070630/1897-12-03,1,0,0,0
lccn/sn91070630/1897-12-09,2,4,2,2
lccn/sn91070630/1897-12-10,2,8,2,6
lccn/sn91070630/1897-12-08,1,9,15,-6
lccn/sn91070630/1898-03-28,1,0,0,0
lccn/sn91070630/1898-04-12,1,0,0,0
lccn/sn91070630/1898-03-29,1,0,0,0
lccn/sn91070630/1897-12-04,1,2,4,-2
lccn/sn91070630/1898-01-11,1,0,0,0
lccn/sn91070630/1898-01-12,1,0,0,0
lccn/sn91070630/1897-11-20,2,15,7,8
lccn/sn91070630/1897-11-11,1,0,0,0
lccn/sn90052005/1910-06-17,2,10,4,6
lccn/sn85038485/1919-09-18,2,13,3,10
lccn/sn85038485/1919-09-19,2,6,1,5
lccn/sn85038485/1919-09-20,2,21,3,18
lccn/sn85033255/1888-01-05,2,16,5,11
lccn/sn85033255/1882-06-08,2,12,7,5
lccn/sn85033255/1879-08-14,2,16,5,11
lccn/sn85033255/1879-08-21,2,15,7,8
lccn/sn85033255/1883-12-13,2,10,3,7
lccn/sn85038485/1919-06-01,2,12,4,8
lccn/sn85038485/1919-05-25,2,12,3,9
lccn/sn85038485/1919-05-23,2,13,0,13
lccn/sn85038485/1919-05-24,2,5,2,3
lccn/sn87062224/1925-07-10,2,14,9,5
lccn/sn87062224/1925-07-17,2,12,3,9
lccn/sn87062224/1924-07-18,2,11,3,8
lccn/sn87062224/1924-07-25,2,8,4,4
lccn/sn87062224/1924-08-01,2,7,2,5
lccn/sn87062224/1919-09-26,2,6,3,3
lccn/sn85038485/1917-06-24,2,4,0,4
lccn/sn85038485/1917-06-17,2,9,3,6
lccn/sn85038485/1917-05-06,2,16,1,15
lccn/sn85038485/1917-04-22,2,11,1,10
lccn/sn85038485/1917-04-29,1,0,0,0
lccn/sn85038485/1917-05-20,2,6,0,6
lccn/sn85038485/1917-05-13,2,7,0,7
lccn/sn85038485/1917-06-03,2,16,2,14
lccn/sn85038485/1917-06-10,2,10,0,10
lccn/sn82014248/1905-04-05,2,21,10,11
lccn/sn86086437/1860-09-05,2,11,1,10
lccn/sn84024652/1854-09-04,1,0,0,0
lccn/sn84024653/1872-09-13,1,0,0,0
lccn/sn84024653/1872-08-30,1,0,0,0
lccn/sn84024653/1872-09-06,2,3,2,1
lccn/sn84024653/1872-08-23,2,12,1,11
lccn/sn84024653/1872-07-12,2,10,0,10
lccn/sn84024653/1872-07-19,2,13,3,10
lccn/sn84024653/1872-07-26,2,11,2,9
lccn/sn84024653/1872-06-28,2,10,3,7
lccn/sn84024653/1872-07-05,1,0,0,0
lccn/sn84024653/1872-06-07,2,7,2,5
lccn/sn84024653/1872-06-14,2,8,3,5
lccn/sn84024653/1872-06-21,2,10,2,8
lccn/sn84024653/1872-08-02,1,7,11,-4
lccn/sn84024653/1872-08-09,1,0,0,0
lccn/sn84024653/1866-06-01,2,15,6,9
lccn/sn84024653/1876-05-19,2,16,1,15
lccn/sn87062224/1891-10-30,2,18,17,1
lccn/sn87062224/1902-02-14,1,2,2,0
lccn/sn87062224/1939-11-24,2,11,1,10
lccn/sn85038485/1918-09-09,2,5,1,4
lccn/sn85038485/1918-09-28,2,5,1,4
lccn/sn91070630/1899-11-17,2,12,8,4
lccn/sn91070630/1899-11-18,2,6,0,6
lccn/sn91070630/1899-11-08,2,5,1,4
lccn/sn91070630/1899-11-09,2,8,0,8
lccn/sn91070630/1899-11-21,2,12,2,10
lccn/sn91070630/1899-11-29,2,8,0,8
lccn/sn91070630/1899-12-01,2,6,3,3
lccn/sn91070630/1899-11-13,2,7,0,7
lccn/sn91070630/1899-11-14,1,0,0,0
lccn/sn91070630/1899-11-10,2,7,0,7
lccn/sn91070630/1899-11-15,2,7,0,7
lccn/sn91070630/1899-11-27,1,2,3,-1
lccn/sn91070630/1899-11-06,2,4,0,4
lccn/sn91070630/1899-11-07,2,8,0,8
lccn/sn91070630/1899-11-03,2,8,0,8
lccn/sn91070630/1899-11-04,2,8,0,8
lccn/sn91070630/1899-11-23,2,6,0,6
lccn/sn91070630/1899-11-24,1,6,7,-1
lccn/sn91070630/1899-11-02,2,7,0,7
lccn/sn91070630/1899-11-22,2,5,0,5
lccn/sn91070630/1899-10-28,2,8,1,7
lccn/sn91070630/1899-10-30,2,9,1,8
lccn/sn91070630/1899-08-02,2,17,4,13
lccn/sn91070630/1899-06-14,1,6,7,-1
lccn/sn85033255/1900-12-06,2,19,12,7
lccn/sn85040614/1913-08-29,2,4,2,2
lccn/sn85040614/1913-08-29,2,6,4,2
lccn/sn84024649/1846-07-23,1,0,0,0
lccn/sn84024649/1846-07-30,2,6,2,4
lccn/sn85026214/1869-07-11,2,24,11,13
lccn/sn90052005/1913-07-21,1,0,0,0
lccn/sn90052005/1913-07-15,2,6,1,5
lccn/sn83016209/1902-04-18,1,5,11,-6
lccn/sn83016589/1886-06-11,2,13,6,7
lccn/sn83016589/1886-01-08,2,6,1,5
lccn/sn83016589/1885-01-23,2,7,4,3
lccn/sn83016589/1885-02-06,2,9,6,3
lccn/sn83016589/1884-09-05,2,9,8,1
lccn/sn83016589/1883-06-01,2,12,5,7
lccn/sn83016589/1883-01-05,2,10,3,7
lccn/sn83016589/1902-07-25,2,2,1,1
lccn/sn83016589/1889-08-09,2,25,18,7
lccn/sn83016209/1898-05-27,1,8,8,0
lccn/sn83016209/1912-09-27,2,8,7,1
lccn/sn83016209/1892-04-22,2,11,9,2
lccn/sn83016209/1892-04-29,2,6,5,1
lccn/sn83016209/1908-10-02,2,12,4,8
lccn/sn83016209/1906-07-13,1,9,12,-3
lccn/sn83016209/1907-10-11,1,8,14,-6
lccn/sn84026784/1848-12-28,2,13,7,6
lccn/sn85033133/1872-09-10,2,12,9,3
lccn/sn85033133/1872-02-27,2,8,7,1
lccn/sn85033133/1868-07-07,1,11,11,0
lccn/sn85033133/1868-04-28,2,19,6,13
lccn/sn85033133/1858-07-10,2,6,5,1
lccn/sn85033133/1883-06-07,2,21,8,13
lccn/sn85033133/1863-07-14,1,0,0,0
lccn/sn85033133/1899-08-17,1,0,0,0
lccn/sn85033133/1886-04-15,1,1,1,0
lccn/sn85033133/1885-07-02,1,1,2,-1
lccn/sn85033133/1884-05-22,2,7,5,2
lccn/sn90052005/1916-04-04,1,2,7,-5
lccn/sn90052005/1916-04-03,2,4,1,3
lccn/sn83016589/1915-07-09,1,5,8,-3
lccn/sn83016589/1922-06-30,1,1,8,-7
lccn/sn83016589/1922-09-01,1,1,7,-6
lccn/sn83016589/1922-04-07,1,8,10,-2
lccn/sn83016589/1922-03-24,1,1,5,-4
lccn/sn83016589/1921-09-09,1,4,5,-1
lccn/sn83016589/1921-10-14,1,7,13,-6
lccn/sn83016589/1920-10-29,2,1,0,1
lccn/sn83016589/1918-09-20,1,7,10,-3
lccn/sn83016589/1917-09-14,1,4,8,-4
lccn/sn83016589/1923-10-12,2,15,8,7
lccn/sn83016589/1923-06-29,2,7,1,6
lccn/sn83016589/1923-06-08,1,1,2,-1
lccn/sn84026089/1876-10-11,2,15,5,10
lccn/sn84026749/1923-06-02,1,4,4,0
lccn/sn84026749/1923-06-20,2,11,1,10
lccn/sn84026089/1906-12-19,2,7,4,3
lccn/sn84026749/1925-08-01,2,11,1,10
lccn/sn84026749/1925-07-31,2,10,2,8
lccn/sn84026749/1927-03-30,1,0,0,0
lccn/sn84026749/1927-03-29,1,0,0,0
lccn/sn84026749/1928-10-25,2,7,5,2
lccn/sn82014064/1866-08-03,1,6,10,-4
lccn/sn85058130/1902-02-09,1,3,10,-7
lccn/sn94052989/1891-05-28,1,5,9,-4
lccn/sn85058130/1902-09-21,1,25,30,-5
lccn/sn83045462/1910-10-26,2,9,7,2
lccn/sn86053573/1875-05-15,2,9,4,5
lccn/sn87062234/1899-09-26,2,2,1,1
lccn/sn85058130/1904-12-25,1,7,7,0
lccn/sn85058130/1904-09-08,2,12,2,10
lccn/sn83045462/1886-12-03,2,4,0,4
lccn/sn83045462/1891-06-15,2,10,1,9
lccn/sn83045462/1932-10-01,2,10,0,10
lccn/sn83045462/1937-01-03,2,18,0,18
lccn/sn83045462/1936-12-27,2,26,0,26
lccn/sn83045462/1933-09-30,2,7,2,5
lccn/sn83045462/1937-09-12,2,19,1,18
lccn/sn83045462/1937-07-04,2,12,4,8
lccn/sn83045462/1947-01-15,2,16,1,15
lccn/sn83045462/1947-01-17,2,14,6,8
lccn/sn83045462/1939-12-03,2,9,0,9
lccn/sn83045462/1936-09-26,2,10,6,4
lccn/sn83045462/1936-11-22,2,8,0,8
lccn/sn83045462/1937-03-14,2,18,0,18
lccn/sn83045462/1937-03-07,2,14,0,14
lccn/sn83045462/1937-03-21,2,12,3,9
lccn/sn83045462/1936-10-04,2,14,1,13
lccn/sn83045462/1936-11-01,2,15,0,15
lccn/sn83045462/1937-02-21,2,15,1,14
lccn/sn83045462/1938-03-13,2,17,0,17
lccn/sn83045462/1942-04-07,2,21,2,19
lccn/sn83045462/1950-09-10,2,16,1,15
lccn/sn82014064/1870-02-20,2,16,8,8
lccn/sn83045160/1883-11-11,1,14,14,0
lccn/sn85058130/1901-11-17,2,11,0,11
lccn/sn84024735/1858-12-28,2,7,2,5
lccn/sn84024735/1860-07-06,2,7,1,6
lccn/sn84024735/1860-10-05,2,14,4,10
lccn/sn84024735/1860-10-09,2,6,2,4
lccn/sn84024735/1860-10-12,2,10,2,8
lccn/sn83045462/1869-06-24,2,5,4,1
lccn/sn86053572/1872-06-06,1,10,10,0
lccn/sn85058130/1903-05-04,1,0,0,0
lccn/sn85058130/1903-06-07,1,3,5,-2
lccn/sn82014064/1868-03-22,2,22,20,2
lccn/sn86053573/1873-08-28,2,3,2,1
lccn/sn83035595/1860-09-14,2,3,1,2
lccn/sn83045462/1923-02-11,2,11,3,8
lccn/sn84031490/1861-07-15,2,8,3,5
lccn/sn94052989/1890-05-28,1,6,7,-1
lccn/sn83045462/1872-06-05,2,2,1,1
lccn/sn83045462/1928-09-23,2,9,2,7
lccn/sn83045462/1930-09-20,2,25,3,22
lccn/sn83045462/1930-09-28,2,13,1,12
lccn/sn83045462/1934-09-23,2,6,3,3
lccn/sn83045462/1940-06-09,2,17,4,13
lccn/sn83045462/1934-09-30,2,11,4,7
lccn/sn83045462/1929-09-22,2,25,0,25
lccn/sn83045462/1938-10-02,2,10,3,7
lccn/sn86092518/1883-08-08,2,5,1,4
lccn/sn83045462/1949-08-27,2,11,0,11
lccn/sn83045462/1949-08-31,2,12,0,12
lccn/sn83030272/1894-05-29,1,2,10,-8
lccn/sn85033699/1875-04-02,2,11,8,3
lccn/sn85033699/1875-05-04,2,13,3,10
lccn/sn83045604/1900-11-25,2,6,0,6
lccn/sn83030272/1897-09-17,2,17,5,12
lccn/sn83030272/1897-09-27,1,1,4,-3
lccn/sn83030272/1897-09-30,1,4,5,-1
lccn/sn87093407/1920-02-03,2,12,1,11
lccn/sn83030272/1899-10-27,1,1,5,-4
lccn/sn83030272/1898-06-23,2,15,10,5
lccn/sn83030272/1899-02-05,1,10,11,-1
lccn/sn85066387/1902-05-10,1,0,0,0
lccn/sn99021999/1892-07-19,1,23,27,-4
lccn/sn99021999/1893-06-15,2,18,3,15
lccn/sn99021999/1891-05-14,2,3,1,2
lccn/sn94052989/1893-02-27,2,23,4,19
lccn/sn94052989/1894-09-06,1,7,10,-3
lccn/sn84026749/1905-03-20,1,2,14,-12
lccn/sn84026749/1905-06-17,1,8,10,-2
lccn/sn84026749/1905-06-12,1,1,1,0
lccn/sn82015753/1861-11-01,2,12,5,7
lccn/sn85042462/1908-08-28,2,6,2,4
lccn/sn85038292/1883-08-25,2,21,5,16
lccn/sn83045462/1927-01-28,2,19,1,18
lccn/sn83045462/1927-01-09,2,13,2,11
lccn/sn83030313/1844-10-03,2,14,12,2
lccn/sn82014381/1882-05-30,2,14,1,13
lccn/sn82014381/1882-03-30,2,14,1,13
lccn/sn82014381/1882-03-28,2,9,6,3
lccn/sn82014381/1882-03-28,2,6,4,2
lccn/sn82014381/1881-11-24,1,2,3,-1
lccn/sn82014381/1881-07-12,1,2,18,-16
lccn/sn83025440/1883-05-17,2,10,4,6
lccn/sn84031492/1881-05-30,1,0,0,0
lccn/sn86071868/1892-12-17,1,6,6,0
lccn/sn83045462/1923-11-12,2,6,1,5
lccn/sn83016348/1869-03-06,2,17,10,7
lccn/sn85066387/1905-05-12,2,8,0,8
lccn/sn85066387/1905-06-10,2,1,0,1
lccn/sn85066387/1905-05-04,2,3,0,3
lccn/sn83030313/1871-06-18,2,7,5,2
lccn/sn83030313/1871-06-16,1,2,8,-6
lccn/sn93051663/1886-12-24,2,8,3,5
lccn/sn84022644/1896-09-04,2,5,1,4
lccn/sn84022644/1897-06-04,2,13,11,2
lccn/sn84022644/1898-01-28,2,5,4,1
lccn/sn84022644/1896-08-28,1,3,5,-2
lccn/sn84022644/1897-06-11,2,7,5,2
lccn/sn84022644/1897-06-18,2,14,2,12
lccn/sn84022644/1895-01-04,1,7,7,0
lccn/sn84022644/1895-06-14,1,4,4,0
lccn/sn84026844/1883-05-05,1,2,4,-2
lccn/sn84026844/1886-06-28,2,11,5,6
lccn/sn84026844/1889-03-02,1,8,9,-1
lccn/sn84026844/1889-10-05,2,16,6,10
lccn/sn84026844/1880-01-23,1,0,0,0
lccn/sn85026241/1872-09-19,1,0,0,0
lccn/sn85026241/1872-10-10,2,12,5,7
lccn/sn92070464/1901-06-08,2,8,3,5
lccn/sn83045462/1863-12-29,2,3,1,2
lccn/sn83045462/1900-09-05,1,1,3,-2
lccn/sn85066387/1903-08-16,2,16,0,16
lccn/sn84020594/1873-10-14,1,2,4,-2
lccn/sn84020594/1873-08-06,2,18,7,11
lccn/sn82015080/1898-08-17,2,19,6,13
lccn/sn85066387/1908-06-23,1,0,0,0
lccn/sn85066387/1908-06-01,2,17,3,14
lccn/sn85066387/1907-02-10,2,5,0,5
lccn/sn85066387/1910-11-09,2,7,0,7
lccn/sn85066387/1910-11-10,2,9,2,7
lccn/sn85066387/1910-11-08,1,7,7,0
lccn/sn85066387/1910-11-11,2,14,1,13
lccn/sn85066387/1910-11-07,2,8,2,6
lccn/sn83030214/1897-03-17,1,0,0,0
lccn/sn87055779/1920-10-01,2,3,0,3
lccn/sn87055779/1920-10-31,2,5,1,4
lccn/sn87055779/1919-12-23,2,5,1,4
lccn/sn87055779/1919-12-28,2,7,1,6
lccn/sn87055779/1921-02-16,2,3,2,1
lccn/sn87055779/1921-02-19,1,0,0,0
lccn/sn85066387/1911-12-24,2,12,3,9
lccn/sn85032573/1880-06-24,1,5,6,-1
lccn/sn85032573/1882-02-23,1,5,5,0
lccn/sn85032575/1885-08-21,2,12,6,6
lccn/sn83045789/1885-08-18,2,12,5,7
lccn/sn84026749/1910-11-05,1,2,7,-5
lccn/sn84026749/1910-06-22,1,0,1,-1
lccn/sn82015484/1872-08-01,1,4,7,-3
lccn/sn82015484/1876-04-13,2,5,1,4
lccn/sn82015484/1880-03-18,2,8,2,6
lccn/sn83045462/1889-02-16,2,7,3,4
lccn/sn83045462/1889-05-10,2,6,5,1
lccn/sn84026749/1907-04-14,2,12,3,9
lccn/sn84026749/1907-04-14,2,14,1,13
lccn/sn84026749/1907-10-28,1,7,10,-3
lccn/sn84026749/1907-09-30,2,10,2,8
lccn/sn84026749/1907-09-16,2,6,5,1
lccn/sn83030272/1886-11-23,2,13,6,7
lccn/sn83030272/1887-02-02,1,13,13,0
lccn/sn91090200/1886-07-15,2,13,5,8
lccn/sn82014381/1886-01-01,2,20,0,20
lccn/sn82014381/1889-07-09,1,0,0,0
lccn/sn82014381/1887-07-29,1,0,0,0
lccn/sn82014381/1885-09-01,2,2,1,1
lccn/sn99021999/1897-11-22,2,10,2,8
lccn/sn85026421/1885-04-23,2,15,9,6
lccn/sn82014381/1888-10-24,2,15,11,4
lccn/sn2001063112/1918-04-,2,1,0,1
lccn/sn86053572/1870-03-08,1,3,6,-3
lccn/sn83045433/1909-03-24,1,0,4,-4
lccn/sn83045433/1909-04-22,1,12,14,-2
lccn/sn83045433/1909-06-26,2,30,26,4
lccn/sn83025287/1878-05-10,2,13,10,3
lccn/sn83045462/1894-06-14,2,13,5,8
lccn/sn84020274/1903-07-02,1,0,0,0
lccn/sn84020274/1903-03-07,1,3,4,-1
lccn/sn83045366/1906-09-23,2,18,1,17
lccn/sn83045462/1889-11-07,2,6,3,3
lccn/sn83045366/1906-09-30,2,14,4,10
lccn/sn83045366/1906-10-07,2,16,4,12
lccn/sn83045366/1906-10-14,2,8,1,7
lccn/sn83045366/1906-10-15,1,0,0,0
lccn/sn83045366/1906-11-11,2,30,5,25
lccn/sn83045462/1889-10-24,2,29,12,17
lccn/sn83045462/1894-06-22,1,7,12,-5
lccn/sn83045462/1890-09-04,2,5,2,3
lccn/sn83045462/1890-09-05,1,2,3,-1
lccn/sn84020274/1900-07-10,2,5,2,3
lccn/sn84020274/1900-07-15,2,13,7,6
lccn/sn83045462/1890-03-13,1,9,10,-1
lccn/sn84026749/1907-01-22,2,7,3,4
lccn/sn83045462/1891-02-23,1,3,9,-6
lccn/sn83045462/1891-03-11,1,0,0,0
lccn/sn83045462/1891-02-21,1,4,4,0
lccn/sn83045462/1891-03-24,1,0,0,0
lccn/sn83045462/1878-04-10,1,1,6,-5
lccn/sn83045462/1890-12-18,1,5,11,-6
lccn/sn85033526/1874-07-02,2,2,1,1
lccn/sn84031492/1873-06-07,2,15,14,1
lccn/sn84031492/1873-06-11,1,4,4,0
lccn/sn84031492/1873-07-13,1,6,7,-1
lccn/sn84031492/1873-06-27,2,4,3,1
lccn/sn84031492/1874-03-08,2,7,1,6
lccn/sn99021999/1913-06-01,2,10,2,8
lccn/sn84031492/1873-06-29,2,27,10,17
lccn/sn99021999/1914-07-26,1,0,0,0
lccn/sn85042460/1886-06-26,2,14,4,10
lccn/sn99021999/1907-12-01,1,0,0,0
lccn/sn83045462/1916-07-19,2,3,1,2
lccn/sn83045462/1918-12-11,2,8,2,6
lccn/sn83045462/1918-12-15,2,14,0,14
lccn/sn83045462/1918-12-18,2,16,1,15
lccn/sn83045462/1918-12-13,2,14,0,14
lccn/sn85058130/1907-02-10,2,11,3,8
lccn/sn83045555/1903-05-27,1,1,5,-4
lccn/sn82015483/1892-04-23,1,4,4,0
lccn/sn82015483/1893-12-06,2,18,3,15
lccn/sn82015483/1894-01-26,1,0,0,0
lccn/sn83030313/1858-11-23,1,0,0,0
lccn/sn94052989/1892-07-21,1,16,17,-1
lccn/sn82015483/1890-12-15,2,10,2,8
lccn/sn83030272/1896-04-26,2,10,9,1
lccn/sn83030272/1893-02-02,1,0,7,-7
lccn/sn83030272/1893-03-05,2,6,4,2
lccn/sn84024738/1879-12-13,1,0,0,0
lccn/sn84026844/1888-01-14,2,2,1,1
lccn/sn84026844/1888-12-04,1,0,0,0
lccn/sn85038615/1914-03-14,1,1,10,-9
lccn/sn85038614/1897-10-14,2,7,4,3
lccn/sn83009569/1866-05-10,2,28,3,25
lccn/sn83009569/1866-05-16,1,3,4,-1
lccn/sn83009569/1866-05-23,1,0,0,0
lccn/sn2001063133/1888-05-,1,5,13,-8
lccn/sn86064187/1919-08-21,2,9,6,3
lccn/sn83045462/1875-11-09,2,10,8,2
lccn/sn83045462/1874-06-22,1,0,0,0
lccn/sn83045462/1885-09-12,2,10,2,8
lccn/sn83045462/1886-06-30,1,6,11,-5
lccn/sn83045462/1876-09-06,1,2,3,-1
lccn/sn83045462/1885-12-15,2,9,0,9
lccn/sn83045462/1875-03-16,2,4,2,2
lccn/sn83045462/1900-09-22,2,8,2,6
lccn/sn83045462/1900-09-20,2,14,1,13
lccn/sn83045462/1900-09-26,2,9,3,6
lccn/sn83030272/1896-06-05,1,0,0,0
lccn/sn86088296/1883-08-30,2,8,7,1
lccn/sn86088296/1883-09-27,2,4,2,2
lccn/sn83030272/1896-10-25,2,18,2,16
lccn/sn84026409/1893-08-09,1,3,6,-3
lccn/sn85066387/1900-07-03,2,8,4,4
lccn/sn85066387/1900-07-14,2,4,3,1
lccn/sn85038292/1887-12-03,1,5,9,-4
lccn/sn85038292/1875-07-10,2,8,1,7
lccn/sn85038292/1893-04-22,2,32,16,16
lccn/sn83045462/1924-10-24,1,4,4,0
lccn/sn85038292/1896-05-16,2,7,4,3
lccn/sn85038292/1896-02-22,1,5,6,-1
lccn/sn85038292/1904-04-09,1,6,10,-4
lccn/sn85038292/1878-09-28,2,25,13,12
lccn/sn83045462/1924-01-05,2,5,1,4
lccn/sn83045462/1924-04-08,1,0,0,0
lccn/sn85040344/1881-04-23,2,6,4,2
lccn/sn85040344/1871-01-14,1,0,0,0
lccn/sn85040344/1889-05-04,2,9,6,3
lccn/sn83030193/1891-05-05,1,3,26,-23
lccn/sn83045160/1874-01-13,1,2,7,-5
lccn/sn83030193/1891-05-05,1,2,32,-30
lccn/sn83030193/1891-05-19,2,10,7,3
lccn/sn84036033/1885-09-09,2,6,3,3
lccn/sn84036034/1886-09-22,1,6,9,-3
lccn/sn86053573/1887-09-13,2,15,14,1
lccn/sn82003410/1846-05-05,1,8,9,-1
lccn/sn86053573/1877-05-02,1,3,4,-1
lccn/sn95026977/1907-04-04,2,8,0,8
lccn/sn95026697/1904-01-29,1,5,6,-1
lccn/sn95047242/1904-03-08,2,14,3,11
lccn/sn95047242/1904-04-26,2,19,6,13
lccn/sn95047242/1904-03-04,1,12,15,-3
lccn/sn95047242/1904-03-22,1,6,12,-6
lccn/sn95047242/1904-04-22,2,15,7,8
lccn/sn84038112/1862-01-03,1,0,0,0
lccn/sn95047242/1904-01-08,2,6,4,2
lccn/sn99021999/1901-02-01,1,0,0,0
lccn/sn99021999/1900-10-31,2,12,2,10
lccn/sn99021999/1901-02-04,1,0,0,0
lccn/sn84020594/1874-10-02,2,10,3,7
lccn/sn84020594/1874-08-25,1,2,2,0
lccn/sn83030272/1896-02-13,2,21,6,15
lccn/sn83030272/1895-10-03,2,15,8,7
lccn/sn96091104/1891-11-20,2,9,2,7
lccn/sn85033964/1878-07-18,2,8,5,3
lccn/sn85038614/1894-11-11,2,7,4,3
lccn/sn83030272/1896-03-11,1,1,4,-3
lccn/sn97067613/1890-05-01,1,6,9,-3
lccn/sn84023209/1881-12-21,2,13,10,3
lccn/sn88078580/1877-03-23,2,8,7,1
lccn/sn83045604/1889-09-04,1,0,0,0
lccn/sn83030272/1895-02-27,2,8,4,4
lccn/sn88077272/1876-02-10,1,6,12,-6
lccn/sn97067589/1910-02-04,2,4,2,2
lccn/sn82000205/1885-09-23,1,0,3,-3
lccn/sn83045555/1902-06-02,2,8,5,3
lccn/sn83045555/1902-05-02,1,11,11,0
lccn/sn83045555/1902-05-15,2,12,7,5
lccn/sn83045555/1902-05-22,1,8,9,-1
lccn/sn83045211/1917-10-09,2,10,1,9
lccn/sn83045211/1918-02-23,1,6,15,-9
lccn/sn2008058169/1890-02-,2,11,6,5
lccn/sn2008058170/1890-11-,2,10,1,9
lccn/sn85058130/1902-03-23,2,17,4,13
lccn/sn84026749/1914-06-22,2,8,3,5
lccn/sn83045211/1918-11-20,2,14,5,9
lccn/sn85058130/1901-12-08,1,6,9,-3
lccn/sn83045211/1918-11-27,2,9,2,7
lccn/sn83045211/1918-12-06,2,10,1,9
lccn/sn83045211/1918-12-09,2,10,1,9
lccn/sn85058130/1900-08-13,1,2,5,-3
lccn/sn85058140/1909-09-04,1,6,6,0
lccn/sn86053573/1884-02-15,2,6,0,6
lccn/sn82015483/1885-07-20,1,8,8,0
lccn/sn86053573/1886-07-05,1,3,3,0
lccn/sn82015483/1887-05-05,1,5,7,-2
lccn/sn83016925/1886-09-15,2,23,4,19
lccn/sn83016925/1886-11-10,2,8,2,6
lccn/sn83016555/1873-12-28,2,12,2,10
lccn/sn93059208/1903-05-02,2,5,1,4
lccn/sn85066387/1905-03-07,2,7,0,7
lccn/sn85066387/1905-03-08,1,0,1,-1
lccn/sn85066387/1905-02-12,2,9,0,9
lccn/sn85066387/1905-02-13,2,7,1,6
lccn/sn93059208/1909-10-16,2,4,0,4
lccn/sn85066387/1905-04-19,2,3,1,2
lccn/sn82015133/1888-10-06,2,6,4,2
lccn/sn95047417/1909-10-15,1,2,2,0
lccn/sn83030214/1893-01-23,2,13,3,10
lccn/sn83045433/1907-12-11,2,12,7,5
lccn/sn83045433/1908-03-22,2,19,7,12
lccn/sn83045433/1907-11-26,1,5,14,-9
lccn/sn84026409/1885-12-30,1,7,7,0
lccn/sn85066387/1905-02-06,2,5,0,5
lccn/sn85066387/1905-02-20,2,5,1,4
lccn/sn85066387/1905-02-21,2,4,0,4
lccn/sn85066387/1905-02-26,2,14,0,14
lccn/sn85066387/1905-02-27,2,8,3,5
lccn/sn85066387/1905-03-05,2,20,1,19
lccn/sn85066387/1905-03-06,2,8,2,6
lccn/sn85066387/1905-02-14,2,11,3,8
lccn/sn85066387/1905-02-28,2,10,2,8
lccn/sn85066387/1905-03-01,2,9,3,6
lccn/sn85032938/1901-11-27,1,1,15,-14
lccn/sn85066387/1905-03-14,2,11,0,11
lccn/sn85032920/1904-01-27,2,12,9,3
lccn/sn85032920/1904-01-27,2,12,4,8
lccn/sn85032920/1904-02-10,2,16,4,12
lccn/sn85066387/1905-03-27,2,6,3,3
lccn/sn85066387/1905-04-03,2,8,0,8
lccn/sn85066387/1905-03-20,1,1,2,-1
lccn/sn85066387/1905-03-21,2,14,2,12
lccn/sn82015133/1882-11-26,1,5,5,0
lccn/sn82015133/1886-01-02,2,7,4,3
lccn/sn83030272/1887-10-03,1,9,9,0
lccn/sn83030272/1887-10-15,2,11,9,2
lccn/sn83045160/1884-10-15,2,9,4,5
lccn/sn83030272/1884-04-06,1,10,11,-1
lccn/sn84026753/1871-10-19,2,7,1,6
lccn/sn83045433/1919-02-02,1,1,1,0
lccn/sn83045433/1919-12-28,2,9,3,6
lccn/sn85058130/1906-01-21,2,8,5,3
lccn/sn85042459/1883-06-29,1,0,2,-2
lccn/sn83030313/1872-10-03,1,0,0,0
lccn/sn83030313/1870-11-03,1,3,9,-6
lccn/sn85066387/1904-12-01,2,5,0,5
lccn/sn85066387/1904-12-02,2,5,1,4
lccn/sn85066387/1904-12-12,2,11,0,11
lccn/sn85066387/1904-12-03,2,6,1,5
lccn/sn85066387/1904-12-04,2,22,2,20
lccn/sn85066387/1904-12-06,2,21,2,19
lccn/sn85066387/1904-12-11,2,10,1,9
lccn/sn85066387/1904-12-13,2,23,1,22
lccn/sn85066387/1901-12-01,1,0,0,0
lccn/sn85066387/1904-12-25,2,11,0,11
lccn/sn85066387/1904-12-26,2,12,2,10
lccn/sn85066387/1904-12-19,2,8,2,6
lccn/sn85066387/1904-10-08,2,11,1,10
lccn/sn85066387/1904-10-09,1,0,0,0
lccn/sn85066387/1904-10-11,1,0,0,0
lccn/sn85066387/1904-08-29,1,0,0,0
lccn/sn85066387/1904-08-30,2,4,3,1
lccn/sn86063615/1899-01-05,2,15,14,1
lccn/sn83045462/1911-12-12,2,5,1,4
lccn/sn83030214/1894-09-30,1,9,17,-8
lccn/sn83045462/1911-05-14,2,12,4,8
lccn/sn85066387/1904-09-25,1,0,0,0
lccn/sn85066387/1904-09-27,2,16,1,15
lccn/sn85066387/1904-09-28,1,0,0,0
lccn/sn85066387/1904-07-24,2,15,2,13
lccn/sn85066387/1904-10-17,1,0,0,0
lccn/sn85066387/1904-10-26,1,0,0,0
lccn/sn85066387/1904-11-01,1,0,0,0
lccn/sn85066387/1904-09-18,1,0,0,0
lccn/sn85066387/1904-09-19,2,10,0,10
lccn/sn85066387/1904-09-20,2,14,0,14
lccn/sn85066387/1904-09-24,2,14,2,12
lccn/sn85066387/1904-09-30,2,4,3,1
lccn/sn85066387/1904-10-03,2,19,0,19
lccn/sn85066387/1904-10-04,2,4,0,4
lccn/sn85066387/1904-11-07,2,8,1,7
lccn/sn85066387/1904-11-09,2,10,1,9
lccn/sn85066387/1904-11-11,2,6,2,4
lccn/sn85066387/1904-10-18,1,0,0,0
lccn/sn85066387/1904-10-21,2,12,0,12
lccn/sn85066387/1904-10-22,2,13,2,11
lccn/sn85066387/1904-10-23,1,0,0,0
lccn/sn85066387/1904-10-25,2,15,5,10
lccn/sn85066387/1904-10-31,2,22,0,22
lccn/sn85066387/1904-11-08,2,19,1,18
lccn/sn85066387/1904-11-10,2,10,0,10
lccn/sn85066387/1904-11-12,2,11,0,11
lccn/sn85066387/1904-11-21,2,13,1,12
lccn/sn85066387/1904-11-23,2,16,3,13
lccn/sn85066387/1904-11-27,2,11,1,10
lccn/sn85066387/1904-11-28,2,15,0,15
lccn/sn85066387/1904-11-29,2,16,0,16
lccn/sn85066387/1904-08-21,1,0,0,0
lccn/sn85066387/1904-08-24,2,7,3,4
lccn/sn85066387/1904-08-20,2,7,1,6
lccn/sn85066387/1904-09-06,1,0,0,0
lccn/sn85066387/1904-09-07,1,5,5,0
lccn/sn85066387/1904-09-12,2,12,2,10
lccn/sn85066387/1904-09-15,1,0,0,0
lccn/sn85066387/1904-09-04,1,0,0,0
lccn/sn85066387/1904-09-05,2,7,3,4
lccn/sn85066387/1904-09-10,2,11,1,10
lccn/sn85066387/1904-09-11,1,0,0,0
lccn/sn85066387/1904-09-17,1,0,0,0
lccn/sn85066387/1904-08-19,2,18,0,18
lccn/sn85066387/1904-11-20,2,22,0,22
lccn/sn85066387/1904-10-13,2,3,1,2
lccn/sn85066387/1904-06-08,1,3,8,-5
lccn/sn85066387/1908-07-29,1,0,2,-2
lccn/sn85066387/1904-11-22,2,9,1,8
lccn/sn85066387/1904-11-26,2,10,1,9
lccn/sn85066387/1904-11-24,2,17,0,17
lccn/sn85066387/1904-11-13,2,6,2,4
lccn/sn85066387/1904-11-14,2,12,3,9
lccn/sn85066387/1904-11-16,2,13,2,11
lccn/sn85066387/1904-10-16,1,0,0,0
lccn/sn85066387/1904-10-15,2,7,1,6
lccn/sn85025007/1859-05-14,2,15,0,15
lccn/sn86069873/1903-09-25,2,9,5,4
lccn/sn83045462/1921-08-10,1,0,0,0
lccn/sn83045462/1921-08-17,2,21,1,20
lccn/sn83032058/1874-09-24,2,8,6,2
lccn/sn85058130/1909-01-28,2,9,4,5
lccn/sn83045211/1916-05-25,2,13,0,13
lccn/sn83045211/1916-05-27,2,8,3,5
lccn/sn85058130/1909-06-04,2,11,3,8
lccn/sn83045555/1902-10-15,1,3,8,-5
lccn/sn83045462/1895-05-07,1,0,0,0
lccn/sn83045462/1895-05-27,2,3,2,1
lccn/sn83045555/1902-09-09,1,3,3,0
lccn/sn83045555/1902-09-12,1,6,10,-4
lccn/sn83045555/1902-09-22,2,8,7,1
lccn/sn83032300/1887-07-11,1,7,12,-5
lccn/sn83032300/1888-11-13,2,14,6,8
lccn/sn83045555/1906-01-25,2,10,8,2
lccn/sn84024546/1891-03-15,2,17,3,14
lccn/sn83025812/1932-11-25,1,9,11,-2
lccn/sn88084272/1920-06-05,1,2,2,0
lccn/sn83045462/1919-03-11,2,6,1,5
lccn/sn83045462/1919-04-24,2,13,1,12
lccn/sn83045462/1919-03-23,2,7,0,7
lccn/sn83045462/1919-03-24,2,7,1,6
lccn/sn82000205/1887-09-27,1,5,12,-7
lccn/sn83045462/1922-09-12,2,10,4,6
lccn/sn83045462/1922-09-13,2,8,3,5
lccn/sn83045462/1922-09-14,2,15,1,14
lccn/sn83045462/1922-09-03,2,10,1,9
lccn/sn83030213/1858-05-06,1,3,3,0
lccn/sn84026749/1906-09-17,1,2,9,-7
lccn/sn84026749/1906-09-19,1,4,4,0
lccn/sn84026749/1906-09-21,1,3,6,-3
lccn/sn84026749/1906-08-26,1,8,8,0
lccn/sn84026749/1906-09-25,1,6,6,0
lccn/sn83045462/1917-02-03,2,9,3,6
lccn/sn83045462/1915-06-04,1,14,15,-1
lccn/sn83045462/1915-06-05,2,7,1,6
lccn/sn83045462/1915-06-06,2,14,1,13
lccn/sn83045462/1915-06-08,1,2,5,-3
lccn/sn83045462/1915-03-27,2,12,1,11
lccn/sn83045462/1915-11-28,1,5,7,-2
lccn/sn83045462/1915-05-01,2,6,2,4
lccn/sn83045462/1920-06-18,2,10,0,10
lccn/sn83045462/1920-09-16,2,14,5,9
lccn/sn84026409/1896-03-25,1,6,7,-1
lccn/sn84026409/1896-04-01,2,6,3,3
lccn/sn84026409/1896-04-08,2,12,6,6
lccn/sn84026409/1896-04-22,2,13,7,6
lccn/sn83030272/1908-07-26,1,12,12,0
lccn/sn83030272/1908-07-17,2,12,6,6
lccn/sn83045462/1887-11-21,2,10,4,6
lccn/sn83045462/1887-11-23,1,4,9,-5
lccn/sn83045462/1887-11-25,2,12,0,12
lccn/sn83045462/1887-12-06,1,8,8,0
lccn/sn83045366/1901-04-05,2,17,10,7
lccn/sn83045366/1901-04-20,2,15,4,11
lccn/sn83045366/1901-01-15,1,0,0,0
lccn/sn83045462/1902-10-01,1,2,3,-1
lccn/sn83045366/1901-04-23,2,7,2,5
lccn/sn83045462/1889-06-03,1,0,0,0
lccn/sn83045462/1889-06-19,2,4,2,2
lccn/sn83045462/1889-06-20,2,17,2,15
lccn/sn83045462/1889-08-19,1,14,19,-5
lccn/sn84024738/1859-05-06,1,0,0,0
lccn/sn83045396/1909-05-23,2,13,1,12
lccn/sn83045462/1920-02-22,2,18,1,17
lccn/sn83045462/1920-01-25,2,13,2,11
lccn/sn82006534/1858-06-24,2,5,1,4
lccn/sn83045462/1919-06-23,2,11,2,9
lccn/sn83045462/1919-06-27,1,2,3,-1
lccn/sn83045396/1913-08-22,2,3,1,2
lccn/sn94052989/1890-12-04,1,14,20,-6
lccn/sn94052989/1891-08-17,2,16,2,14
lccn/sn94052989/1891-08-02,2,10,4,6
lccn/sn99021999/1915-01-18,2,8,0,8
lccn/sn82014381/1883-01-24,2,22,8,14
lccn/sn84024718/1890-05-14,2,8,4,4
lccn/sn84024718/1878-05-07,2,8,5,3
lccn/sn84024718/1886-06-02,1,9,9,0
lccn/sn85066387/1895-06-08,2,5,4,1
lccn/sn99021999/1902-02-23,2,19,0,19
lccn/sn92051487/1898-10-07,2,8,1,7
lccn/sn83045774/1921-05-23,1,0,0,0
lccn/sn85066387/1905-06-09,2,7,1,6
lccn/2012218613/1882-04-12,2,6,2,4
lccn/sn85066387/1907-01-30,1,5,11,-6
lccn/sn85066387/1907-03-24,2,8,3,5
lccn/sn83030313/1875-03-25,1,10,11,-1
lccn/sn83030313/1875-01-30,1,0,0,0
lccn/sn83030313/1869-04-22,2,9,4,5
lccn/sn86063624/1895-06-29,2,7,3,4
lccn/sn83045366/1905-10-16,2,14,2,12
lccn/sn83045366/1905-10-01,2,11,3,8
lccn/sn86063615/1897-10-28,1,4,9,-5
lccn/sn86072143/1882-11-17,1,6,8,-2
lccn/sn84022367/1869-07-01,2,9,7,2
lccn/sn86072143/1890-05-16,1,4,6,-2
lccn/sn84031492/1876-01-29,2,8,4,4
lccn/sn84031492/1877-04-05,1,4,5,-1
lccn/sn84031492/1877-05-07,1,2,9,-7
lccn/sn84031492/1876-06-24,1,6,6,0
lccn/sn84031492/1876-08-25,1,7,7,0
lccn/sn83032041/1881-11-25,1,0,0,0
lccn/sn83032041/1885-05-08,1,1,4,-3
lccn/sn83030214/1908-01-25,2,4,0,4
lccn/sn83030214/1905-01-26,1,0,6,-6
lccn/sn83032041/1893-08-25,1,7,8,-1
lccn/sn85033699/1870-12-16,2,6,0,6
lccn/sn85033699/1873-12-10,1,1,2,-1
lccn/sn85033699/1872-06-15,2,7,3,4
lccn/sn85033699/1872-05-24,2,4,1,3
lccn/sn85033699/1872-11-22,2,21,10,11
lccn/sn99021999/1912-04-23,2,7,6,1
lccn/sn83045462/1908-01-26,2,18,1,17
lccn/sn83045462/1908-01-13,2,18,2,16
lccn/sn83045462/1908-01-12,2,16,3,13
lccn/sn99021999/1916-07-09,2,11,5,6
lccn/sn85066387/1913-09-17,2,11,4,7
lccn/sn85066387/1913-09-18,2,13,2,11
lccn/sn85066387/1913-09-19,2,11,2,9
lccn/sn82014381/1882-08-09,2,3,2,1
lccn/sn82015672/1861-02-15,2,31,18,13
lccn/sn83045462/1908-01-11,2,7,0,7
lccn/sn94052989/1891-05-28,2,6,3,3
lccn/sn82015672/1859-09-06,2,8,5,3
lccn/sn82014381/1882-10-16,2,14,7,7
lccn/sn82014381/1882-12-30,1,0,0,0
lccn/sn84024738/1869-06-08,1,2,7,-5
lccn/sn84024738/1872-06-27,1,11,16,-5
lccn/sn84024738/1869-07-22,1,0,0,0
lccn/sn84024738/1869-07-31,1,0,0,0
lccn/sn84024738/1869-08-28,2,14,8,6
lccn/sn84024738/1869-07-21,2,13,3,10
lccn/sn84024738/1869-07-24,1,0,0,0
lccn/sn84024738/1869-07-26,2,10,2,8
lccn/sn84024738/1869-07-29,1,0,0,0
lccn/sn84024738/1869-07-30,2,15,1,14
lccn/sn84024738/1872-07-13,2,12,9,3
lccn/sn84024738/1870-10-12,1,3,12,-9
lccn/sn93051669/1894-01-27,1,8,9,-1
lccn/sn84026749/1910-03-25,1,4,5,-1
lccn/sn83045462/1907-12-19,2,14,2,12
lccn/sn84026749/1910-02-19,2,4,3,1
lccn/sn84024082/1862-05-20,1,0,4,-4
lccn/sn84024082/1863-09-15,2,8,7,1
lccn/sn85033995/1875-03-20,1,1,5,-4
lccn/sn82016419/1878-10-04,2,8,3,5
lccn/sn85030221/1881-06-23,2,21,7,14
lccn/sn82016419/1872-11-22,2,17,14,3
lccn/sn82016419/1874-01-09,2,28,21,7
lccn/sn82016419/1871-09-15,1,2,3,-1
lccn/sn87055779/1922-04-29,2,7,2,5
lccn/sn87055779/1922-04-11,2,10,2,8
lccn/sn87055779/1922-04-14,2,9,1,8
lccn/sn87055779/1921-12-15,2,17,2,15
lccn/sn87055779/1921-12-19,2,14,2,12
lccn/sn87055779/1922-01-01,2,4,1,3
lccn/sn87055779/1921-12-14,2,16,1,15
lccn/sn87055779/1921-12-17,2,18,2,16
lccn/sn87055779/1921-12-22,2,10,2,8
lccn/sn87055779/1921-12-23,2,16,2,14
lccn/sn87055779/1921-12-26,2,8,3,5
lccn/sn82016419/1872-11-15,1,2,7,-5
lccn/sn85030221/1883-02-15,2,10,5,5
lccn/sn85030221/1883-03-15,2,9,3,6
lccn/sn85030221/1883-05-24,2,13,3,10
lccn/sn83030313/1873-10-20,2,14,4,10
lccn/sn99021999/1895-08-18,1,0,2,-2
lccn/sn99021999/1895-09-30,2,3,2,1
lccn/sn99021999/1895-08-11,2,16,4,12
lccn/sn99021999/1894-01-21,2,13,2,11
lccn/sn99021999/1894-04-25,2,9,2,7
lccn/sn99021999/1897-05-10,2,28,13,15
lccn/sn99021999/1890-01-26,2,22,11,11
lccn/sn99021999/1895-10-22,1,2,2,0
lccn/sn85042462/1906-05-08,1,0,0,0
lccn/sn85042462/1906-05-12,1,0,0,0
lccn/sn85042462/1906-05-09,1,0,0,0
lccn/sn85042462/1906-05-13,1,0,0,0
lccn/sn85042462/1906-05-05,1,0,0,0
lccn/sn85042462/1906-05-07,1,0,0,0
lccn/sn85042462/1906-05-06,1,0,0,0
lccn/sn85042462/1906-05-11,1,0,0,0
lccn/sn99021999/1897-07-12,1,2,3,-1
lccn/sn85038229/1870-12-23,1,6,6,0
lccn/sn87076843/1868-12-11,2,9,4,5
lccn/sn85026193/1862-07-02,2,44,4,40
lccn/sn86071197/1895-12-23,1,11,14,-3
lccn/sn86071197/1896-09-06,2,25,9,16
lccn/sn84024738/1875-06-09,2,3,0,3
lccn/sn84024738/1877-01-05,1,0,0,0
lccn/sn84024738/1879-06-13,2,8,0,8
lccn/sn84024738/1879-09-03,2,4,1,3
lccn/sn84024738/1879-09-19,1,2,7,-5
lccn/sn84024738/1879-09-29,1,1,1,0
lccn/sn84024738/1879-06-07,1,5,6,-1
lccn/sn98060050/1903-10-23,2,7,2,5
lccn/sn87076916/1886-02-28,2,11,10,1
lccn/sn87076916/1886-09-05,2,12,9,3
lccn/sn86092518/1878-11-18,1,0,0,0
lccn/sn87076843/1888-02-03,2,7,5,2
lccn/sn84023200/1854-04-14,2,11,6,5
lccn/sn88084272/1918-10-10,2,10,3,7
lccn/sn84028271/1882-01-04,1,7,12,-5
lccn/sn84028490/1871-06-08,2,12,7,5
lccn/sn84028490/1869-01-06,1,6,10,-4
lccn/sn85066387/1908-04-20,2,6,3,3
lccn/sn85066387/1908-08-16,2,4,2,2
lccn/sn83030214/1899-07-10,1,0,1,-1
lccn/sn86071045/1905-07-20,1,2,16,-14
lccn/sn83030214/1897-12-30,2,10,7,3
lccn/sn83030214/1879-09-24,2,7,5,2
lccn/sn84026925/1913-08-01,2,8,4,4
lccn/sn84026925/1892-10-19,2,9,4,5
lccn/sn84022871/1888-11-05,2,8,4,4
lccn/sn84026817/1905-06-07,2,25,4,21
lccn/sn84026817/1905-06-07,2,19,4,15
lccn/sn83045366/1901-05-17,1,0,0,0
lccn/sn83045366/1901-05-29,2,8,2,6
lccn/sn83045462/1902-11-26,1,4,4,0
lccn/sn83045462/1902-11-27,1,4,5,-1
lccn/sn83045462/1902-09-16,2,7,2,5
lccn/sn83045462/1902-09-27,2,9,2,7
lccn/sn83045462/1902-11-05,1,3,3,0
lccn/sn83045462/1902-12-24,1,4,6,-2
lccn/sn83045462/1903-01-06,2,5,1,4
lccn/sn83045462/1903-01-08,2,7,0,7
lccn/sn83045462/1902-10-06,1,4,5,-1
lccn/sn83045366/1901-09-25,2,15,0,15
lccn/sn83045366/1901-06-22,2,22,2,20
lccn/sn90059522/1888-06-03,2,7,6,1
lccn/sn83045366/1901-12-18,2,12,0,12
lccn/sn83045389/1916-09-08,1,5,8,-3
lccn/sn83045389/1917-07-08,2,4,0,4
lccn/sn83032231/1893-01-28,2,16,1,15
lccn/sn83032231/1893-03-25,1,1,9,-8
lccn/sn83045462/1899-04-12,1,0,0,0
lccn/sn83045433/1915-09-02,1,8,8,0
lccn/sn83045462/1897-08-25,2,8,0,8
lccn/sn83045462/1895-12-14,2,4,2,2
lccn/sn83032231/1880-10-30,2,8,3,5
lccn/sn83045462/1918-11-23,2,12,0,12
lccn/sn83045462/1918-11-24,2,9,1,8
lccn/sn83045433/1907-10-01,2,8,6,2
lccn/sn85058130/1903-07-12,2,7,1,6
lccn/sn83045433/1907-10-08,2,9,6,3
lccn/sn83045433/1907-10-09,2,4,3,1
lccn/sn85058130/1903-08-12,2,5,0,5
lccn/sn83045462/1918-07-09,2,10,5,5
lccn/sn83045462/1918-05-31,2,6,5,1
lccn/sn85058130/1904-01-17,2,6,2,4
lccn/sn83045462/1918-06-08,1,3,3,0
lccn/sn85058130/1903-02-08,1,13,14,-1
lccn/sn85058130/1901-03-06,1,8,8,0
lccn/sn84026749/1903-08-31,2,8,3,5
lccn/sn83045366/1903-06-20,2,16,2,14
lccn/sn84026749/1903-06-30,1,1,2,-1
lccn/sn84026749/1903-04-06,2,6,2,4
lccn/sn83045366/1903-12-05,2,11,2,9
lccn/sn83045366/1903-08-29,1,0,0,0
lccn/sn83045366/1903-09-05,2,18,1,17
lccn/sn83045366/1904-03-05,2,9,2,7
lccn/sn83045366/1904-06-08,2,12,4,8
lccn/sn83045366/1904-06-11,2,14,4,10
lccn/sn83045366/1904-06-10,2,15,3,12
lccn/sn83045462/1910-09-16,2,11,1,10
lccn/sn83045462/1910-09-17,2,11,7,4
lccn/sn83045462/1910-10-28,2,5,2,3
lccn/sn83045462/1910-10-05,2,2,0,2
lccn/sn83045462/1910-09-20,2,9,7,2
lccn/sn86063624/1896-08-03,2,7,3,4
lccn/sn83045366/1904-01-23,2,18,0,18
lccn/sn86063624/1895-02-03,1,2,7,-5
lccn/sn86063615/1897-04-28,2,18,8,10
lccn/sn83045366/1902-06-06,2,3,1,2
lccn/sn83045366/1902-06-07,2,12,1,11
lccn/sn83045366/1902-06-23,2,6,3,3
lccn/sn83045366/1902-05-31,2,10,6,4
lccn/sn84024738/1880-09-24,2,3,1,2
lccn/sn84024738/1880-09-17,2,2,0,2
lccn/sn89060124/1896-05-15,2,7,3,4
lccn/sn83045462/1925-06-26,1,0,0,0
lccn/sn83045462/1925-09-18,2,13,2,11
lccn/sn83030272/1911-08-13,2,9,6,3
lccn/sn83030272/1911-07-16,1,6,7,-1
lccn/sn83030272/1911-08-06,2,8,4,4
lccn/sn83030272/1911-07-23,2,9,7,2
lccn/sn84025841/1897-11-20,1,8,8,0
lccn/sn84026925/1919-01-17,1,5,11,-6
lccn/sn84026853/1884-07-09,2,13,11,2
lccn/sn84026853/1885-05-27,2,11,4,7
lccn/sn84026853/1877-05-09,2,9,7,2
lccn/2012218613/1887-03-23,2,10,4,6
lccn/sn82015104/1893-07-25,2,6,3,3
lccn/sn99021999/1914-11-24,2,8,2,6
lccn/sn85038614/1885-06-23,1,3,3,0
lccn/sn85038614/1885-10-01,2,9,4,5
lccn/sn85038614/1887-10-06,1,3,3,0
lccn/sn83030272/1891-05-06,2,14,7,7
lccn/sn83030272/1891-06-30,1,2,7,-5
lccn/sn83030272/1890-02-14,1,14,23,-9
lccn/sn83030272/1889-07-21,1,3,11,-8
lccn/sn83030272/1869-03-04,2,9,2,7
lccn/sn85038614/1891-01-29,1,4,7,-3
lccn/sn83045462/1927-07-08,2,9,2,7
lccn/sn83045462/1927-06-26,2,11,3,8
lccn/sn83045462/1927-09-27,2,12,1,11
lccn/sn83045462/1927-09-23,2,16,3,13
lccn/sn83045462/1927-10-26,2,29,13,16
lccn/sn83045462/1927-10-29,2,14,0,14
lccn/sn83045462/1927-10-30,2,16,1,15
lccn/sn83045462/1927-10-25,2,24,3,21
lccn/sn83045462/1927-10-27,1,0,0,0
lccn/sn83045462/1927-10-28,2,9,3,6
lccn/sn83045462/1927-10-31,2,19,4,15
lccn/sn83045462/1928-06-16,2,5,1,4
lccn/sn83030272/1894-09-27,2,15,7,8
lccn/sn83030272/1894-09-28,2,7,2,5
lccn/sn83030272/1894-09-29,1,5,6,-1
lccn/sn83030272/1894-09-30,2,8,4,4
lccn/sn83030272/1894-09-25,1,8,8,0
lccn/sn83030272/1892-11-13,2,17,3,14
lccn/sn83045389/1918-03-31,2,3,0,3
lccn/sn83016926/1874-08-13,2,3,1,2
lccn/sn83016926/1874-08-20,2,24,6,18
lccn/sn90059522/1890-12-25,1,4,10,-6
lccn/sn90059522/1890-05-15,2,2,0,2
lccn/sn90059522/1891-05-02,2,9,4,5
lccn/sn90059522/1887-03-02,2,6,3,3
lccn/sn90059523/1899-04-27,2,3,2,1
lccn/sn86071197/1896-04-20,1,1,3,-2
lccn/sn87093407/1910-09-09,1,0,0,0
lccn/sn86071197/1893-12-03,1,5,5,0
lccn/sn82014434/1850-07-12,1,0,0,0
lccn/sn84024442/1895-09-20,2,11,4,7
lccn/sn84024442/1895-11-20,2,4,0,4
lccn/sn86053573/1874-10-21,2,13,1,12
lccn/sn83030213/1856-04-21,2,13,3,10
lccn/sn82000205/1887-03-12,2,11,7,4
lccn/sn85038518/1858-08-29,1,2,6,-4
lccn/sn85033139/1882-05-11,1,8,9,-1
lccn/sn83045160/1873-01-13,2,7,3,4
lccn/sn83030193/1893-07-31,1,4,10,-6
lccn/sn83045462/1878-11-14,2,6,4,2
lccn/sn83045462/1879-02-10,2,10,7,3
lccn/sn86072143/1877-12-07,2,5,4,1
lccn/sn86072143/1901-09-05,2,9,2,7
lccn/sn86072143/1902-04-24,2,16,2,14
lccn/sn98060050/1879-06-27,2,9,6,3
lccn/sn98060050/1884-06-27,1,5,5,0
lccn/sn98060050/1878-06-28,2,12,3,9
lccn/sn98060050/1878-11-08,1,7,13,-6
lccn/sn87076843/1882-06-16,2,21,6,15
lccn/sn98060050/1882-03-17,2,4,2,2
lccn/sn98060050/1882-03-31,2,8,1,7
lccn/sn98060050/1877-08-10,2,9,5,4
lccn/sn86072143/1896-04-09,1,7,21,-14
lccn/sn86072143/1901-12-12,2,5,0,5
lccn/sn86072143/1902-02-06,2,13,8,5
lccn/sn86072143/1902-03-20,1,3,6,-3
lccn/sn86072143/1900-06-21,2,3,1,2
lccn/sn86072143/1899-06-22,2,3,2,1
lccn/sn86072143/1903-10-22,2,8,4,4
lccn/sn86072143/1903-11-12,2,3,2,1
lccn/sn86072143/1904-09-29,1,7,17,-10
lccn/sn86072143/1906-04-19,2,4,1,3
lccn/sn98060050/1885-06-19,1,5,5,0
lccn/sn83045462/1884-09-15,2,4,0,4
lccn/sn83045462/1879-04-18,1,0,0,0
lccn/sn83045462/1879-07-17,1,5,5,0
lccn/sn83045462/1883-02-27,2,9,3,6
lccn/sn83045462/1882-02-18,2,12,4,8
lccn/sn83045462/1882-06-14,1,2,11,-9
lccn/sn83045462/1882-06-15,1,1,4,-3
lccn/sn83045462/1882-06-16,1,8,12,-4
lccn/sn83045462/1881-06-28,1,4,7,-3
lccn/sn83030214/1892-04-04,2,4,2,2
lccn/sn85058130/1900-04-06,2,15,13,2
lccn/sn83045433/1906-12-20,1,4,9,-5
lccn/sn83045433/1907-05-14,1,5,14,-9
lccn/sn85058130/1901-02-19,2,11,2,9
lccn/sn83045462/1914-11-10,2,12,4,8
lccn/sn83045462/1920-10-02,1,3,5,-2
lccn/sn83045462/1920-10-07,2,7,2,5
lccn/sn84020274/1902-06-27,2,6,1,5
lccn/sn83045462/1890-10-11,2,10,2,8
lccn/sn83045462/1890-05-16,1,0,0,0
lccn/sn90059522/1885-04-18,2,10,6,4
lccn/sn84020274/1900-06-20,2,15,2,13
lccn/sn84020274/1901-02-18,2,7,2,5
lccn/sn84020274/1901-11-18,2,10,5,5
lccn/sn84024441/1902-06-18,2,7,6,1
lccn/sn90059522/1885-07-01,1,3,8,-5
lccn/sn83045366/1906-01-14,2,16,1,15
lccn/sn83045366/1906-05-03,2,9,6,3
lccn/sn83045366/1906-05-09,1,9,11,-2
lccn/sn85058130/1902-08-06,2,8,2,6
lccn/sn85058130/1902-08-11,2,17,0,17
lccn/sn85058130/1907-02-22,2,3,1,2
lccn/sn85058130/1907-05-19,2,2,0,2
lccn/sn85058130/1907-05-30,1,2,8,-6
lccn/sn85058130/1907-06-06,2,8,7,1
lccn/sn85058130/1907-06-16,1,9,15,-6
lccn/sn85058130/1907-03-31,2,10,4,6
lccn/sn85058130/1906-11-04,1,15,18,-3
lccn/sn85058130/1908-01-24,2,16,12,4
lccn/sn85058130/1907-12-20,1,3,6,-3
lccn/sn85058130/1907-09-14,1,5,7,-2
lccn/sn85058130/1907-09-19,1,8,12,-4
lccn/sn85058130/1899-05-03,2,12,4,8
lccn/sn85058130/1906-09-12,2,11,3,8
lccn/sn85058130/1906-09-18,2,7,4,3
lccn/sn84023209/1868-05-06,2,12,4,8
lccn/sn84024441/1900-09-07,1,7,8,-1
lccn/sn86053573/1888-06-01,1,16,17,-1
lccn/sn82015056/1910-11-05,1,1,1,0
lccn/sn84026749/1905-10-15,2,6,4,2
lccn/sn84026749/1905-05-28,1,12,14,-2
lccn/sn84026749/1905-05-30,2,12,2,10
lccn/sn84026749/1905-06-02,1,5,8,-3
lccn/sn86053573/1883-09-08,2,10,3,7
lccn/sn86053573/1876-06-09,2,14,5,9
lccn/sn86053573/1875-10-13,2,4,2,2
lccn/sn86053573/1876-01-19,1,3,3,0
lccn/sn84024441/1895-09-18,1,0,2,-2
lccn/sn84024441/1895-09-17,2,6,4,2
lccn/sn84024441/1895-09-19,2,10,2,8
lccn/sn83045555/1903-03-14,1,0,0,0
lccn/sn83045555/1899-12-23,2,17,5,12
lccn/sn84024442/1896-11-22,2,9,5,4
lccn/sn83045555/1903-02-10,2,5,3,2
lccn/sn83045462/1896-11-27,1,8,15,-7
lccn/sn83045555/1901-12-14,2,3,2,1
lccn/sn83045555/1901-11-23,1,2,2,0
lccn/sn83045555/1903-01-10,1,7,17,-10
lccn/sn83045555/1902-03-15,2,3,2,1
lccn/sn83045211/1916-06-01,2,16,1,15
lccn/sn83045211/1916-06-09,2,16,2,14
lccn/sn83045211/1916-06-10,2,9,1,8
lccn/sn85058130/1909-02-05,1,3,7,-4
lccn/sn83045211/1916-05-05,2,22,6,16
lccn/sn83045211/1916-05-06,2,10,1,9
lccn/sn83045211/1916-11-23,2,2,1,1
lccn/sn83045211/1916-09-12,2,10,5,5
lccn/sn83045211/1916-09-14,2,7,1,6
lccn/sn83045211/1916-09-15,2,15,0,15
lccn/sn83045211/1916-09-19,2,9,1,8
lccn/sn83045211/1916-09-29,2,12,0,12
lccn/sn83045211/1916-10-16,1,1,12,-11
lccn/sn94052989/1892-04-16,2,14,6,8
lccn/sn94052989/1891-06-25,2,10,9,1
lccn/sn94052989/1893-08-24,1,4,6,-2
lccn/sn82015679/1897-02-19,1,1,2,-1
lccn/sn82015679/1896-06-26,2,14,8,6
lccn/sn94052989/1894-02-05,2,16,9,7
lccn/sn83045462/1909-06-25,2,12,2,10
lccn/sn83045462/1895-02-02,2,5,0,5
lccn/sn83045462/1896-03-27,2,6,0,6
lccn/sn83045462/1895-11-13,1,6,15,-9
lccn/sn83045462/1895-08-27,1,1,18,-17
lccn/sn83045462/1896-11-24,1,0,8,-8
lccn/sn83045462/1896-12-15,2,6,2,4
lccn/sn83035144/1865-05-20,1,3,5,-2
lccn/sn84026844/1887-06-23,1,5,7,-2
lccn/sn84026844/1890-02-15,2,4,2,2
lccn/sn83045604/1891-07-08,2,11,5,6
lccn/sn83045604/1892-01-31,1,2,9,-7
lccn/sn83045604/1891-11-22,1,10,20,-10
lccn/sn83045604/1891-12-06,1,8,22,-14
lccn/sn83045604/1891-10-18,2,11,8,3
lccn/sn84026844/1895-07-04,2,7,5,2
lccn/sn84020274/1901-06-17,1,0,10,-10
lccn/sn84020274/1902-08-31,2,9,1,8
lccn/sn84020274/1902-07-04,2,9,1,8
lccn/sn84020274/1902-07-05,2,9,0,9
lccn/sn84020274/1902-07-06,2,5,3,2
lccn/sn83045366/1906-02-04,2,18,1,17
lccn/sn84031492/1880-05-15,1,15,20,-5
lccn/sn83045366/1906-07-08,2,15,2,13
lccn/sn83045366/1905-01-14,1,0,0,0
lccn/sn83045366/1905-01-14,1,0,0,0
lccn/sn83045366/1905-05-06,2,21,2,19
lccn/sn83045366/1905-05-10,2,16,2,14
lccn/sn83045366/1902-09-27,2,6,1,5
lccn/sn83045366/1902-09-15,2,8,7,1
lccn/sn83045366/1906-07-29,2,19,1,18
lccn/sn83045366/1906-06-18,1,5,5,0
lccn/sn85058130/1903-09-10,2,3,1,2
lccn/sn85058130/1906-02-22,2,29,20,9
lccn/sn85058130/1906-02-26,2,18,5,13
lccn/sn85058130/1906-03-15,2,6,4,2
lccn/sn85058130/1904-07-20,1,7,11,-4
lccn/sn85058130/1906-04-05,2,7,1,6
lccn/sn85038161/1886-09-22,1,3,3,0
lccn/sn85058130/1897-10-02,1,6,10,-4
lccn/sn85058130/1898-08-29,2,21,18,3
lccn/sn85058130/1898-06-04,2,13,4,9
lccn/sn85058130/1895-08-29,1,4,12,-8
lccn/sn85058130/1896-09-11,2,26,9,17
lccn/sn85058130/1896-01-10,2,17,10,7
lccn/sn83030313/1876-02-13,1,7,7,0
lccn/sn83030313/1876-02-17,1,8,10,-2
lccn/sn83030313/1878-02-26,1,0,0,0
lccn/sn83030313/1878-01-10,1,1,3,-2
lccn/sn83030313/1876-02-05,1,0,0,0
lccn/sn84026749/1908-02-15,2,6,2,4
lccn/sn83025287/1879-11-06,2,7,5,2
lccn/sn84026749/1908-12-22,2,13,6,7
lccn/sn83025287/1879-08-01,1,9,9,0
lccn/sn83016810/1899-04-29,2,5,0,5
lccn/sn84026749/1909-07-25,2,10,4,6
lccn/sn84026749/1909-07-23,2,6,3,3
lccn/sn84026749/1909-07-22,2,6,1,5
lccn/sn84026749/1908-02-09,1,5,6,-1
lccn/sn84026749/1908-02-13,2,21,8,13
lccn/sn84022770/1882-05-05,1,0,0,0
lccn/sn85026034/1878-11-29,2,10,3,7
lccn/sn85042591/1869-01-08,2,10,6,4
lccn/sn85042591/1869-01-22,2,28,11,17
lccn/sn84026847/1875-09-17,1,1,2,-1
lccn/sn84026847/1877-06-04,1,5,6,-1
lccn/sn85026241/1870-12-22,1,4,6,-2
lccn/sn83030214/1883-03-07,1,3,12,-9
lccn/sn83030214/1883-11-18,1,5,8,-3
lccn/sn83045462/1902-01-01,2,6,3,3
lccn/sn83045462/1902-09-12,2,28,5,23
lccn/sn83045462/1902-09-13,1,4,4,0
lccn/sn83045462/1902-09-15,2,7,1,6
lccn/sn83045462/1902-01-24,1,2,3,-1
lccn/sn83032199/1880-12-22,1,6,9,-3
lccn/sn83032199/1878-07-24,2,13,3,10
lccn/sn83032199/1878-09-04,2,12,10,2
lccn/sn83045462/1899-06-22,2,46,19,27
lccn/sn83045462/1899-05-24,2,13,2,11
lccn/sn83045462/1900-02-07,2,7,2,5
lccn/sn83045462/1901-06-25,1,4,6,-2
lccn/sn83045462/1901-07-01,2,10,3,7
lccn/sn83045462/1901-10-15,1,9,14,-5
lccn/sn83045462/1902-09-09,2,10,5,5
lccn/sn83045462/1902-09-10,2,24,5,19
lccn/sn83045462/1902-09-11,2,23,6,17
lccn/sn83045462/1901-10-05,2,11,0,11
lccn/sn83030214/1904-09-29,1,6,8,-2
lccn/sn83045462/1900-03-23,1,0,0,0
lccn/sn83045462/1900-04-02,1,4,5,-1
lccn/sn83045462/1902-01-03,2,4,1,3
lccn/sn83045462/1902-01-07,2,3,1,2
lccn/sn83045462/1902-01-08,1,2,2,0
lccn/sn83045462/1902-01-14,1,0,1,-1
lccn/sn83045462/1902-01-15,2,9,6,3
lccn/sn83045462/1902-01-20,1,3,4,-1
lccn/sn83045462/1902-01-22,2,5,3,2
lccn/sn83045462/1902-01-29,1,3,4,-1
lccn/sn83045462/1902-01-31,1,3,4,-1
lccn/sn85025620/1884-01-03,2,9,6,3
lccn/sn82015672/1856-03-06,2,22,7,15
lccn/sn84026749/1910-11-25,1,5,7,-2
lccn/sn84026749/1910-12-10,2,9,8,1
lccn/sn84026749/1907-05-13,2,9,7,2
lccn/sn83045462/1900-05-29,2,4,0,4
lccn/sn83045462/1900-12-28,2,20,5,15
lccn/sn83045462/1901-01-12,1,3,4,-1
lccn/sn83045462/1899-09-27,2,17,6,11
lccn/sn83045462/1900-11-17,2,16,0,16
lccn/sn83045462/1900-11-27,1,5,6,-1
lccn/sn83045462/1900-11-29,2,14,6,8
lccn/sn85066387/1912-07-28,2,7,0,7
lccn/sn84026749/1906-03-02,2,2,0,2
lccn/sn84026749/1906-02-26,2,8,7,1
lccn/sn83045462/1889-06-07,1,6,8,-2
lccn/sn90059522/1884-09-14,1,1,7,-6
lccn/sn83045462/1888-12-12,2,5,1,4
lccn/sn84023200/1879-04-23,2,11,10,1
lccn/sn84023200/1869-12-22,1,1,4,-3
lccn/sn86072143/1919-12-25,2,6,5,1
lccn/sn86072143/1920-03-04,1,3,8,-5
lccn/sn86072143/1920-06-17,1,4,5,-1
lccn/sn98060050/1872-02-02,1,2,9,-7
lccn/sn86072143/1919-03-27,1,4,9,-5
lccn/sn82015679/1890-06-20,2,9,6,3
lccn/sn82015483/1887-04-22,1,3,5,-2
lccn/sn82015483/1889-05-18,1,7,23,-16
lccn/sn90059522/1892-03-23,2,9,6,3
lccn/sn90061417/1896-07-24,2,19,4,15
lccn/sn84024735/1841-10-29,2,10,6,4
lccn/sn84024735/1849-06-15,2,8,1,7
lccn/sn83045462/1921-07-20,2,1,0,1
lccn/sn82015378/1850-02-06,2,7,3,4
lccn/sn86053573/1885-06-16,2,7,5,2
lccn/sn86053573/1882-06-21,2,10,7,3
lccn/sn82000205/1888-05-26,2,18,3,15
lccn/sn82000205/1886-06-23,2,3,0,3
lccn/sn85058130/1906-10-27,2,8,6,2
lccn/sn85058130/1908-05-08,2,9,1,8
lccn/sn85058130/1906-12-23,1,4,4,0
lccn/sn82016187/1895-01-10,2,14,5,9
lccn/sn82016187/1895-02-28,1,17,18,-1
lccn/sn85058130/1908-05-16,2,15,4,11
lccn/sn85058130/1908-06-10,2,10,3,7
lccn/sn90059028/1884-01-03,1,3,4,-1
lccn/sn85066387/1905-01-02,2,7,2,5
lccn/sn85066387/1905-01-04,2,20,1,19
lccn/sn85066387/1905-01-29,2,19,1,18
lccn/sn85066387/1905-01-03,2,8,2,6
lccn/sn85066387/1905-01-09,2,12,1,11
lccn/sn85066387/1905-01-01,2,7,0,7
lccn/sn85066387/1905-01-13,2,11,5,6
lccn/sn85066387/1905-01-10,2,10,1,9
lccn/sn85066387/1905-01-16,2,13,1,12
lccn/sn85042461/1896-10-31,2,7,2,5
lccn/sn85066387/1905-01-30,2,8,0,8
lccn/sn85066387/1905-01-23,2,13,0,13
lccn/sn85066387/1905-01-15,2,18,1,17
lccn/sn85066387/1905-01-25,2,19,2,17
lccn/sn85066387/1905-01-31,2,7,0,7
lccn/sn85066387/1905-01-22,2,16,0,16
lccn/sn83030313/1878-09-26,1,6,7,-1
lccn/sn85033711/1858-08-28,2,8,1,7
lccn/sn83045211/1920-06-05,1,1,8,-7
lccn/sn83045211/1920-08-23,2,20,2,18
lccn/sn87093407/1918-08-15,1,2,4,-2
lccn/sn87093407/1918-08-16,2,2,1,1
lccn/sn83030272/1906-06-01,1,2,5,-3
lccn/sn85038614/1901-11-16,2,8,6,2
lccn/sn85038614/1902-02-26,1,0,0,0
lccn/sn85038614/1902-07-17,1,3,7,-4
lccn/sn87052143/1881-03-12,2,7,6,1
lccn/sn87052143/1879-08-02,2,15,1,14
lccn/sn87052143/1884-05-03,2,18,1,17
lccn/sn87052143/1886-03-27,2,10,6,4
lccn/sn87052143/1877-12-22,2,16,11,5
lccn/sn87052143/1876-11-25,2,6,4,2
lccn/sn83045462/1907-09-21,1,2,2,0
lccn/sn83045462/1907-11-23,2,10,2,8
lccn/sn89081128/1899-04-26,1,2,2,0
lccn/sn83045462/1907-09-05,2,5,4,1
lccn/sn83045462/1907-11-02,1,0,0,0
lccn/sn83045462/1907-10-03,2,10,8,2
lccn/sn85066387/1896-10-08,2,10,4,6
lccn/sn99021999/1920-08-08,2,6,1,5
lccn/sn87055779/1921-12-07,2,6,2,4
lccn/sn87055779/1921-12-05,2,7,2,5
lccn/sn87055779/1921-08-26,2,8,2,6
lccn/sn84027691/1876-04-20,2,10,8,2
lccn/sn84027691/1878-05-02,2,14,7,7
lccn/sn84027691/1875-06-10,2,9,7,2
lccn/sn83045462/1923-01-07,2,8,1,7
lccn/sn84027691/1878-10-10,2,8,6,2
lccn/sn83045462/1923-07-08,2,3,0,3
lccn/sn82015672/1857-06-13,2,19,7,12
lccn/sn87052181/1883-08-18,1,0,0,0
lccn/sn90059522/1892-07-21,1,12,12,0
lccn/sn90059522/1892-07-23,2,4,3,1
lccn/sn90059522/1892-07-26,1,7,7,0
lccn/sn90059522/1892-07-27,2,12,5,7
lccn/sn90059522/1892-07-29,2,6,2,4
lccn/sn90059522/1892-07-31,1,4,7,-3
lccn/sn90059522/1892-07-18,1,1,7,-6
lccn/sn90059522/1892-07-20,2,4,1,3
lccn/sn90059522/1886-01-10,1,0,0,0
lccn/sn83045462/1891-09-19,2,6,3,3
lccn/sn85038158/1878-11-28,2,9,5,4
lccn/sn85038158/1879-05-01,2,14,8,6
lccn/sn85038158/1883-12-05,2,6,3,3
lccn/sn84026897/1872-08-15,1,0,0,0
lccn/sn85038158/1878-12-26,1,0,0,0
lccn/sn83030272/1886-12-20,2,13,10,3
lccn/sn83030272/1890-11-02,2,26,14,12
lccn/sn84038125/1888-10-05,2,18,4,14
lccn/sn99021999/1909-12-14,1,4,6,-2
lccn/sn83045462/1906-09-24,1,2,2,0
lccn/sn83045462/1917-04-21,1,0,1,-1
lccn/sn83045462/1917-06-16,2,9,1,8
lccn/sn83045462/1917-06-30,2,7,1,6
lccn/sn83045462/1917-05-26,2,6,3,3
lccn/sn83045462/1908-11-02,2,2,0,2
lccn/sn83045462/1908-11-04,1,1,1,0
lccn/sn83045462/1917-08-08,2,17,1,16
lccn/sn83045462/1870-06-10,2,10,7,3
lccn/sn85066387/1909-10-03,2,4,2,2
lccn/sn85066387/1905-01-18,2,20,1,19
lccn/sn85066387/1905-01-08,2,15,0,15
lccn/sn85066387/1905-01-17,2,9,3,6
lccn/sn99021999/1889-01-04,1,2,2,0
lccn/sn99021999/1889-01-14,2,9,2,7
lccn/sn99021999/1888-10-23,2,11,3,8
lccn/sn99021999/1904-04-18,1,4,6,-2
lccn/sn83030313/1869-03-04,2,13,7,6
lccn/sn83030313/1871-03-21,1,8,8,0
lccn/sn99021999/1891-02-01,2,10,4,6
lccn/sn99021999/1891-06-02,1,1,1,0
lccn/sn99021999/1891-08-08,2,7,3,4
lccn/sn99021999/1891-08-09,1,4,4,0
lccn/sn90059522/1892-06-26,1,8,13,-5
lccn/sn83045462/1909-09-28,2,7,1,6
lccn/sn83045462/1908-06-11,2,6,0,6
lccn/sn83045462/1893-04-17,1,0,0,0
lccn/sn83045462/1894-03-17,1,1,5,-4
lccn/sn83045462/1893-04-21,2,7,1,6
lccn/sn83045462/1892-12-24,1,8,12,-4
lccn/sn83045462/1892-12-31,2,11,5,6
lccn/sn83045462/1893-01-05,2,20,6,14
lccn/sn83045462/1893-01-07,2,11,4,7
lccn/sn83045462/1892-12-07,2,5,4,1
lccn/sn83045462/1892-12-09,2,7,2,5
lccn/sn83045462/1892-12-12,2,7,2,5
lccn/sn83045462/1892-12-13,2,9,1,8
lccn/sn83045462/1892-12-15,2,12,5,7
lccn/sn83045462/1892-12-16,1,3,4,-1
lccn/sn83045462/1893-06-17,1,0,0,0
lccn/sn99021999/1897-01-02,2,13,4,9
lccn/sn83030272/1896-11-01,1,3,6,-3
lccn/sn83030272/1896-12-12,2,14,4,10
lccn/sn83030272/1897-02-23,2,6,1,5
lccn/sn82015418/1858-04-29,2,13,7,6
lccn/sn85042461/1896-11-01,2,5,2,3
lccn/sn82015418/1878-12-14,2,13,2,11
lccn/sn88053046/1892-05-12,2,11,7,4
lccn/sn88053046/1889-06-20,1,6,6,0
lccn/sn88053046/1894-01-18,1,0,0,0
lccn/sn88053046/1892-07-07,1,7,17,-10
lccn/sn88053046/1895-04-11,1,5,14,-9
lccn/sn94052989/1894-10-26,2,11,7,4
lccn/sn94052989/1894-08-09,1,0,0,0
lccn/sn82014086/1915-05-17,1,4,4,0
lccn/sn94052989/1890-08-10,1,3,4,-1
lccn/sn94052989/1891-02-17,1,0,0,0
lccn/sn94052989/1890-09-14,1,4,8,-4
lccn/sn94052989/1890-05-01,1,0,0,0
lccn/sn94052989/1893-04-16,2,12,5,7
lccn/sn94052989/1893-06-25,1,0,0,0
lccn/sn99021999/1900-06-24,2,9,0,9
lccn/sn83030272/1891-10-25,1,5,8,-3
lccn/sn86086852/1883-05-11,2,7,6,1
lccn/sn83030272/1888-06-14,1,5,7,-2
lccn/sn83030272/1892-02-23,1,2,5,-3
lccn/sn86086852/1883-01-19,2,1,0,1
lccn/sn83030272/1892-04-30,1,0,0,0
lccn/sn83030272/1885-12-10,1,3,11,-8
lccn/sn83030272/1888-04-11,1,6,8,-2
lccn/sn85066387/1905-07-01,2,4,1,3
lccn/sn85066387/1905-07-06,2,4,2,2
lccn/sn99021999/1919-08-20,2,6,3,3
lccn/sn99021999/1919-09-02,2,16,1,15
lccn/sn99021999/1919-08-22,1,3,3,0
lccn/sn99021999/1919-08-23,2,5,3,2
lccn/sn99021999/1919-03-09,2,15,3,12
lccn/sn99021999/1919-03-02,2,5,3,2
lccn/sn83045462/1908-10-02,2,9,0,9
lccn/sn99021999/1918-01-13,2,8,4,4
lccn/sn83045462/1908-09-15,1,1,2,-1
lccn/sn83045462/1908-09-18,1,2,7,-5
lccn/sn83045462/1909-02-07,1,8,12,-4
lccn/sn83045462/1908-11-20,1,0,11,-11
lccn/sn83045462/1908-11-19,1,4,5,-1
lccn/sn83045462/1908-11-22,2,6,0,6
lccn/sn83045462/1908-09-16,1,10,11,-1
lccn/sn83045462/1908-09-22,2,6,1,5
lccn/sn83045462/1908-09-24,1,2,3,-1
lccn/sn99021999/1919-02-23,2,5,2,3
lccn/sn85066387/1913-09-22,1,0,0,0
lccn/sn84026749/1919-03-24,2,16,1,15
lccn/sn84026749/1918-07-03,2,11,1,10
lccn/sn83030214/1922-09-20,2,3,2,1
lccn/sn83030214/1888-10-14,1,13,13,0
lccn/sn83045462/1872-05-15,2,2,0,2
lccn/sn83045462/1873-06-25,2,5,3,2
lccn/sn83045462/1885-11-18,2,12,5,7
lccn/sn83045462/1885-11-20,2,9,1,8
lccn/sn83016107/1903-01-16,2,5,3,2
lccn/sn83016107/1879-02-07,1,0,0,0
lccn/sn83016107/1880-04-30,1,7,7,0
lccn/sn83016107/1892-09-09,1,7,8,-1
lccn/sn83016107/1883-10-19,1,0,0,0
lccn/sn83016107/1899-09-08,2,6,1,5
lccn/sn83016107/1897-03-12,1,5,7,-2
lccn/sn83030272/1905-10-15,2,4,3,1
lccn/sn83030272/1907-03-12,1,1,4,-3
lccn/sn86053571/1868-07-04,2,11,1,10
lccn/sn84038034/1867-02-14,2,8,5,3
lccn/sn84038034/1868-12-31,1,5,5,0
lccn/sn83045462/1905-07-28,2,9,2,7
lccn/sn83045462/1906-08-19,1,0,0,0
lccn/sn83045462/1905-09-02,1,0,0,0
lccn/sn83045462/1905-08-08,2,9,2,7
lccn/sn83045462/1905-07-08,2,6,3,3
lccn/sn83045462/1905-07-01,2,2,1,1
lccn/sn82015133/1893-09-09,2,15,5,10
lccn/sn83045462/1926-11-30,1,1,9,-8
lccn/sn83045462/1926-07-29,1,0,0,0
lccn/sn83045462/1926-07-28,1,0,0,0
lccn/sn83045462/1926-07-28,2,15,2,13
lccn/sn83045462/1928-08-22,2,6,3,3
lccn/sn83045462/1928-08-29,2,13,4,9
lccn/sn83045462/1928-08-27,2,14,1,13
lccn/sn83045462/1928-12-05,2,12,2,10
lccn/sn83045462/1928-12-09,2,9,0,9
lccn/sn83045462/1925-12-31,2,8,1,7
lccn/sn83045462/1926-01-26,2,14,0,14
lccn/sn82015679/1902-06-03,2,13,4,9
lccn/sn82015679/1902-11-22,2,11,3,8
lccn/sn85066387/1900-02-27,2,13,4,9
lccn/sn85025407/1896-05-15,2,1,0,1
lccn/sn84031492/1879-02-23,2,13,2,11
lccn/sn84031492/1879-02-23,2,16,9,7
lccn/sn84031492/1881-11-23,1,6,6,0
lccn/sn84031492/1881-12-04,1,3,4,-1
lccn/sn84031492/1881-12-29,2,11,8,3
lccn/sn84031492/1879-06-13,1,3,8,-5
lccn/sn84031492/1881-08-14,1,10,15,-5
lccn/sn83045462/1928-08-15,2,6,5,1
lccn/sn83045462/1928-08-17,2,5,2,3
lccn/sn83045462/1928-08-24,2,17,6,11
lccn/sn83045160/1870-02-27,2,14,10,4
lccn/sn83045160/1870-05-11,2,12,5,7
lccn/sn83045160/1871-08-11,1,0,0,0
lccn/sn83045160/1871-09-24,2,8,0,8
lccn/sn83045160/1872-05-15,2,21,6,15
lccn/sn83045160/1871-03-15,1,6,9,-3
lccn/sn84022548/1870-03-08,1,3,10,-7
lccn/sn84026788/1879-07-15,1,2,12,-10
lccn/sn83045160/1871-08-25,2,9,2,7
lccn/sn87093407/1922-03-27,2,9,4,5
lccn/sn85055197/1856-05-30,1,3,5,-2
lccn/sn85055197/1857-08-07,1,4,5,-1
lccn/sn83045160/1883-05-31,1,5,11,-6
lccn/sn83045462/1932-08-23,1,3,3,0
lccn/sn83045462/1934-06-12,2,13,2,11
lccn/sn83045462/1932-07-02,1,0,0,0
lccn/sn83045462/1932-07-01,1,0,0,0
lccn/sn83045462/1932-12-09,1,0,0,0
lccn/sn83045462/1932-11-27,1,0,0,0
lccn/sn83045462/1930-09-09,2,13,0,13
lccn/sn83045462/1934-03-21,1,0,0,0
lccn/sn83045462/1932-12-04,2,19,1,18
lccn/sn83045462/1934-09-09,2,10,1,9
lccn/sn83045462/1934-06-10,1,0,0,0
lccn/sn83045462/1930-06-29,2,17,6,11
lccn/sn83045462/1930-11-01,2,15,4,11
lccn/sn83045462/1930-11-02,2,21,2,19
lccn/sn83045462/1934-03-22,2,5,3,2
lccn/sn83045462/1934-03-20,2,6,0,6
lccn/sn83045462/1932-09-29,2,5,0,5
lccn/sn83045462/1932-10-13,2,17,1,16
lccn/sn83045462/1932-09-02,1,10,15,-5
lccn/sn83045462/1934-06-05,2,9,0,9
lccn/sn83045462/1934-10-04,2,9,1,8
lccn/sn83045462/1943-09-24,2,5,1,4
lccn/sn83045462/1945-01-16,2,4,1,3
lccn/sn83045462/1945-01-18,2,8,5,3
lccn/sn83045462/1945-07-14,2,15,1,14
lccn/sn86092518/1886-06-04,2,8,2,6
lccn/sn86092518/1888-07-20,2,19,3,16
lccn/sn83045462/1943-05-09,2,24,6,18
lccn/sn83045462/1943-10-10,2,7,0,7
lccn/sn83045462/1943-10-08,2,9,1,8
lccn/sn83045462/1940-09-11,2,6,1,5
lccn/sn83045462/1940-09-13,2,8,1,7
lccn/sn83045462/1940-09-15,2,15,1,14
lccn/sn83045462/1940-04-09,2,14,2,12
lccn/sn83045462/1940-04-10,1,0,0,0
lccn/sn83045462/1940-07-22,1,0,0,0
lccn/sn83045462/1944-07-11,2,11,4,7
lccn/sn83045462/1943-06-20,2,4,0,4
lccn/sn83045462/1943-07-09,1,0,0,0
lccn/sn83045462/1940-05-11,2,18,1,17
lccn/sn83045462/1942-12-27,1,0,0,0
lccn/sn83045462/1940-04-21,1,0,0,0
lccn/sn83016025/1874-03-26,2,13,4,9
lccn/sn83016025/1883-03-05,2,3,0,3
lccn/sn83045462/1942-12-10,2,15,0,15
lccn/sn83045462/1942-12-11,2,11,2,9
lccn/sn83045462/1942-12-09,2,4,3,1
lccn/sn83045462/1942-11-25,1,0,0,0
lccn/sn83045462/1940-03-17,2,9,1,8
lccn/sn83045462/1940-03-20,2,9,0,9
lccn/sn83045462/1943-09-21,2,19,3,16
lccn/sn83045462/1943-10-11,2,11,3,8
lccn/sn83045462/1943-09-23,1,0,0,0
lccn/sn83045462/1943-10-02,2,4,3,1
lccn/sn83045462/1943-10-03,2,15,3,12
lccn/sn83045462/1940-06-17,1,0,0,0
lccn/sn83045462/1943-03-02,2,12,1,11
lccn/sn83045462/1940-07-19,1,0,0,0
lccn/sn83045462/1940-07-21,1,0,0,0
lccn/sn83009653/1895-10-08,2,1,0,1
lccn/sn83009653/1873-01-28,1,4,6,-2
lccn/sn83009653/1899-08-29,2,10,2,8
lccn/sn83045462/1937-08-08,2,11,3,8
lccn/sn83045462/1935-08-13,1,0,0,0
lccn/sn83045462/1937-08-22,2,11,2,9
lccn/sn83045462/1935-08-15,1,0,0,0
lccn/sn83045462/1937-08-18,2,7,0,7
lccn/sn83045462/1937-08-17,2,4,0,4
lccn/sn83045462/1937-08-21,2,14,2,12
lccn/sn83045462/1933-09-28,2,10,3,7
lccn/sn83045462/1933-09-29,1,0,0,0
lccn/sn83045462/1933-09-27,2,11,3,8
lccn/sn83045462/1937-11-29,1,0,0,0
lccn/sn83045462/1935-10-06,2,8,2,6
lccn/sn83045462/1937-09-30,2,7,0,7
lccn/sn83045462/1937-10-29,2,9,1,8
lccn/sn83045462/1937-10-20,2,5,0,5
lccn/sn83045462/1937-10-27,1,0,0,0
lccn/sn83045462/1933-12-13,1,0,0,0
lccn/sn83045462/1933-12-12,2,6,0,6
lccn/sn83045462/1934-01-11,1,0,0,0
lccn/sn83045462/1934-02-06,1,0,0,0
lccn/sn83045462/1934-03-06,1,0,0,0
lccn/sn83045462/1933-10-17,2,7,1,6
lccn/sn83045462/1933-11-23,2,8,0,8
lccn/sn84022046/1865-12-12,2,6,0,6
lccn/sn83045462/1937-07-17,1,0,0,0
lccn/sn83045462/1935-07-19,2,5,0,5
lccn/sn83045462/1937-07-03,1,0,0,0
lccn/sn83045462/1937-07-30,2,15,0,15
lccn/sn83045462/1937-08-28,1,0,0,0
lccn/sn83045462/1937-09-29,1,0,0,0
lccn/sn83045462/1933-08-26,2,14,1,13
lccn/sn83045462/1937-08-30,2,14,0,14
lccn/sn83045462/1937-09-21,2,11,4,7
lccn/sn83045462/1937-11-25,1,0,0,0
lccn/sn83045462/1937-11-27,2,17,0,17
lccn/sn84022046/1865-12-11,2,4,2,2
lccn/sn83045462/1935-07-20,2,17,0,17
lccn/sn83045462/1937-11-10,1,0,0,0
lccn/sn83045462/1937-11-12,2,8,0,8
lccn/sn83045462/1931-02-02,2,39,3,36
lccn/sn83045462/1931-08-19,2,21,2,19
lccn/sn83045462/1931-08-21,2,18,1,17
lccn/sn83045462/1931-08-18,2,11,0,11
lccn/sn83045462/1931-03-17,2,17,1,16
lccn/sn83045462/1933-05-13,1,0,0,0
lccn/sn83045462/1933-05-27,1,0,0,0
lccn/sn83045462/1933-01-24,2,2,0,2
lccn/sn83045462/1933-01-26,2,14,0,14
lccn/sn83045462/1933-01-23,2,12,1,11
lccn/sn83045462/1933-04-09,1,0,0,0
lccn/sn83045462/1933-04-08,1,0,1,-1
lccn/sn83045462/1931-11-22,2,12,1,11
lccn/sn83045462/1936-05-31,2,11,2,9
lccn/sn83045462/1939-10-02,2,13,8,5
lccn/sn83045462/1939-10-01,2,12,0,12
lccn/sn83045462/1939-10-01,2,12,0,12
lccn/sn83045462/1937-04-21,1,0,0,0
lccn/sn83045462/1937-04-20,2,12,3,9
lccn/sn83045462/1937-04-19,2,7,0,7
lccn/sn83045462/1937-04-14,2,5,0,5
lccn/sn83045462/1937-04-17,1,0,0,0
lccn/sn83045462/1934-12-30,2,15,4,11
lccn/sn83045462/1935-01-06,2,9,2,7
lccn/sn83045462/1932-06-06,2,16,0,16
lccn/sn83045462/1932-05-12,2,14,4,10
lccn/sn83045462/1932-05-27,2,9,0,9
lccn/sn83045462/1932-05-30,2,10,0,10
lccn/sn83045462/1932-05-11,2,13,3,10
lccn/sn83045462/1935-04-05,1,0,0,0
lccn/sn83045462/1932-03-03,2,11,1,10
lccn/sn83045462/1934-12-23,2,20,2,18
lccn/sn83045462/1931-12-06,1,11,11,0
lccn/sn83045462/1934-10-09,2,13,0,13
lccn/sn83045462/1934-10-12,2,11,0,11
lccn/sn83045462/1934-10-10,2,14,1,13
lccn/sn83045462/1932-01-17,2,8,0,8
lccn/sn83045462/1932-02-16,2,7,0,7
lccn/sn83045462/1935-01-01,1,0,0,0
lccn/sn83045462/1935-01-09,1,0,0,0
lccn/sn83045462/1934-12-11,1,0,0,0
lccn/sn83045462/1934-10-11,2,12,1,11
lccn/sn83045462/1935-01-30,2,12,0,12
lccn/sn83045462/1932-05-29,2,7,0,7
lccn/sn83045462/1930-03-23,2,14,0,14
lccn/sn83045462/1929-04-03,2,21,1,20
lccn/sn83045462/1929-10-01,2,7,0,7
lccn/sn83045462/1929-04-09,2,12,2,10
lccn/sn83045462/1929-03-17,2,16,1,15
lccn/sn83045462/1930-02-11,2,10,1,9
lccn/sn83045462/1930-02-10,1,0,0,0
lccn/sn83025161/1864-04-15,1,7,7,0
lccn/sn83045462/1930-05-06,2,16,3,13
lccn/sn83045462/1929-05-16,2,19,3,16
lccn/sn83045462/1930-05-16,2,18,1,17
lccn/sn83045462/1930-05-15,2,9,1,8
lccn/sn83045462/1929-05-21,2,5,3,2
lccn/sn83045462/1929-07-24,1,0,0,0
lccn/sn83045462/1929-08-11,2,12,3,9
lccn/sn83045462/1930-04-16,2,20,4,16
lccn/sn83045462/1929-07-08,2,13,3,10
lccn/sn84022046/1864-02-05,1,0,0,0
lccn/sn83045462/1929-01-10,2,13,1,12
lccn/sn83045462/1929-01-11,1,0,0,0
lccn/sn83045462/1930-05-07,2,18,0,18
lccn/sn83016025/1891-05-13,2,7,5,2
lccn/sn83016025/1890-04-28,2,20,7,13
lccn/sn83045462/1939-02-07,2,10,1,9
lccn/sn83045462/1939-06-23,2,6,0,6
lccn/sn83045462/1939-06-26,2,10,1,9
lccn/sn83009653/1915-03-02,2,7,2,5
lccn/sn83009653/1913-05-13,2,12,3,9
lccn/sn83009653/1914-03-10,2,10,7,3
lccn/sn83045462/1939-05-07,2,11,2,9
lccn/sn83045462/1939-04-04,1,0,0,0
lccn/sn83045462/1939-04-22,2,10,1,9
lccn/sn83045462/1939-06-09,2,18,3,15
lccn/sn83045462/1939-05-28,2,6,1,5
lccn/sn83045462/1939-02-27,2,7,0,7
lccn/sn83045462/1939-02-05,2,11,0,11
lccn/sn83045462/1939-03-23,2,10,2,8
lccn/sn83045462/1939-03-14,2,15,2,13
lccn/sn83045462/1941-08-03,1,0,0,0
lccn/sn92056106/1877-11-07,2,19,10,9
lccn/sn83045462/1944-01-02,1,0,13,-13
lccn/sn92056106/1873-07-10,2,2,1,1
lccn/sn92056106/1878-12-18,2,11,3,8
lccn/sn83016025/1876-01-07,2,31,7,24
lccn/sn84027352/1869-12-02,2,16,11,5
lccn/sn83016025/1879-06-30,1,2,7,-5
lccn/sn83045462/1943-12-10,2,14,1,13
lccn/sn83045462/1943-12-09,2,11,2,9
lccn/sn83045462/1947-04-24,2,8,2,6
lccn/sn83045462/1938-12-16,1,5,6,-1
lccn/sn83045462/1938-12-15,2,10,1,9
lccn/sn83045462/1938-11-19,1,0,0,0
lccn/sn83045462/1938-12-03,1,0,0,0
lccn/sn83045462/1938-12-11,2,5,1,4
lccn/sn83045462/1939-01-11,2,9,3,6
lccn/sn83045462/1947-01-01,2,9,4,5
lccn/sn83045462/1938-11-27,1,0,0,0
lccn/sn83045462/1938-11-23,2,27,2,25
lccn/sn87068097/1900-02-24,2,7,3,4
lccn/sn87068097/1900-02-17,2,6,3,3
lccn/sn83045462/1931-08-12,2,16,1,15
lccn/sn83045462/1931-08-14,2,12,0,12
lccn/sn83045462/1931-04-16,1,0,0,0
lccn/sn83045462/1931-09-28,2,5,0,5
lccn/sn83045462/1931-09-27,2,13,1,12
lccn/sn83045462/1931-02-09,2,5,0,5
lccn/sn83045462/1931-09-04,1,5,6,-1
lccn/sn83045462/1931-08-17,2,8,2,6
lccn/sn83045462/1931-09-29,2,15,3,12
lccn/sn84027238/1858-09-22,2,8,7,1
lccn/sn83045462/1933-08-06,1,0,0,0
lccn/sn83045462/1933-08-22,2,14,2,12
lccn/sn83045462/1933-06-11,2,10,0,10
lccn/sn83045462/1933-06-08,2,6,2,4
lccn/sn83045462/1933-06-10,2,9,1,8
lccn/sn83045462/1933-06-16,2,8,0,8
lccn/sn83045462/1933-06-12,2,5,0,5
lccn/sn83016025/1887-10-07,2,4,3,1
lccn/sn83016025/1888-10-18,2,9,4,5
lccn/sn83016025/1884-03-04,2,8,6,2
lccn/sn85025570/1880-03-25,1,0,0,0
lccn/sn89053684/1900-07-22,2,8,2,6
lccn/sn86063034/1895-05-19,2,12,8,4
lccn/sn82015137/1883-07-10,2,8,5,3
lccn/sn82015137/1883-09-28,2,6,0,6
lccn/sn83030214/1917-08-03,1,1,1,0
lccn/sn78000873/1887-05-19,2,6,5,1
lccn/sn83016368/1902-12-20,2,17,14,3
lccn/sn83016368/1900-12-08,1,0,0,0
lccn/sn83016368/1903-08-29,2,8,6,2
lccn/sn83016368/1905-09-30,2,8,4,4
lccn/sn83016368/1906-07-21,1,6,11,-5
lccn/sn83016368/1904-07-16,2,4,2,2
lccn/sn83016368/1908-06-20,2,5,3,2
lccn/sn83045462/1941-08-13,2,8,1,7
lccn/sn83045462/1941-09-10,2,10,4,6
lccn/sn83016368/1909-06-05,2,11,5,6
lccn/sn83016368/1908-12-12,2,9,5,4
lccn/sn83016368/1909-06-26,2,11,2,9
lccn/sn83045462/1942-09-26,2,12,3,9
lccn/sn83045462/1942-10-06,1,0,0,0
lccn/sn83045462/1942-08-02,2,11,0,11
lccn/sn83016368/1882-03-25,2,21,15,6
lccn/sn83016368/1879-10-11,2,8,7,1
lccn/sn83016368/1902-08-23,1,3,7,-4
lccn/sn88065091/1909-11-13,1,3,4,-1
lccn/sn83045462/1942-09-27,2,14,2,12
lccn/sn83045462/1941-12-28,1,0,0,0
lccn/sn83045462/1941-09-25,1,0,0,0
lccn/sn83045462/1941-09-20,2,6,1,5
lccn/sn83045462/1941-09-21,2,17,3,14
lccn/sn83045462/1941-09-18,2,16,0,16
lccn/sn83045462/1941-09-28,2,15,1,14
lccn/sn83045462/1941-12-22,1,4,5,-1
lccn/sn83045462/1941-12-21,2,9,1,8
lccn/sn83045462/1941-10-12,2,1,0,1
lccn/sn83045462/1941-10-30,2,12,1,11
lccn/sn83045462/1941-10-29,2,17,1,16
lccn/sn78000873/1876-01-13,2,10,8,2
lccn/sn83045462/1942-08-24,2,14,1,13
lccn/sn83045462/1942-07-21,2,15,0,15
lccn/sn83016025/1897-04-20,1,5,14,-9
lccn/sn83016025/1898-04-22,2,4,3,1
lccn/sn83016025/1898-06-18,1,11,12,-1
lccn/sn83045462/1950-07-30,2,23,4,19
lccn/sn83045462/1950-08-27,2,13,6,7
lccn/sn83045462/1950-10-30,2,15,1,14
lccn/sn83016025/1874-07-11,2,8,2,6
lccn/sn83016025/1869-12-11,2,13,4,9
lccn/sn83016025/1870-04-30,2,11,4,7
lccn/sn83045462/1950-10-21,2,10,1,9
lccn/sn83016025/1875-11-01,1,0,0,0
lccn/sn87068097/1897-05-08,2,9,3,6
lccn/sn87068097/1893-02-14,1,6,11,-5
lccn/sn87068097/1894-04-24,2,6,5,1
lccn/sn83016025/1899-03-14,2,14,9,5
lccn/sn83016025/1899-05-11,2,14,0,14
lccn/sn83045462/1937-05-05,1,0,0,0
lccn/sn83045462/1937-04-18,2,25,2,23
lccn/sn83045462/1937-04-18,2,12,5,7
lccn/sn83045462/1937-05-26,2,20,2,18
lccn/sn83045462/1937-04-28,2,9,2,7
lccn/sn83045462/1937-05-19,2,5,1,4
lccn/sn83045462/1940-01-25,1,0,0,0
lccn/sn83045462/1937-05-22,2,13,3,10
lccn/sn83045462/1937-05-22,1,0,0,0
lccn/sn83045462/1935-12-21,1,2,6,-4
lccn/sn83045462/1937-02-04,2,7,0,7
lccn/sn83045462/1939-10-08,2,14,3,11
lccn/sn83045462/1939-10-07,2,10,0,10
lccn/sn83045462/1937-01-15,2,7,0,7
lccn/sn83045462/1937-01-16,2,21,2,19
lccn/sn83045462/1939-08-22,2,12,1,11
lccn/sn83045462/1936-11-19,1,10,10,0
lccn/sn83045462/1936-10-03,2,11,0,11
lccn/sn83045462/1936-08-29,2,13,1,12
lccn/sn83045462/1936-09-11,1,0,0,0
lccn/sn83045462/1936-10-10,2,20,4,16
lccn/sn83045462/1936-10-17,2,14,6,8
lccn/sn83045462/1936-10-22,2,14,3,11
lccn/sn83045462/1936-08-22,2,10,6,4
lccn/sn83045462/1936-09-10,2,6,2,4
lccn/sn83045462/1936-08-20,2,28,6,22
lccn/sn83045462/1936-09-15,2,11,1,10
lccn/sn83045462/1936-09-14,2,20,3,17
lccn/sn83045462/1936-10-14,2,18,2,16
lccn/sn83045462/1936-11-06,2,9,1,8
lccn/sn83045462/1936-08-26,2,25,2,23
lccn/sn83045462/1936-08-21,1,0,0,0
lccn/sn83045462/1936-04-08,2,15,0,15
lccn/sn83045462/1936-02-15,1,2,10,-8
lccn/sn83045462/1939-09-06,1,0,0,0
lccn/sn83045462/1937-05-02,1,0,0,0
lccn/sn83045462/1937-05-12,1,0,0,0
lccn/sn83045462/1937-05-15,2,11,0,11
lccn/sn83045462/1937-01-12,2,7,1,6
lccn/sn83045462/1937-01-13,2,6,1,5
lccn/sn83045462/1935-06-11,1,0,0,0
lccn/sn83045462/1935-06-14,1,0,0,0
lccn/sn83045462/1935-06-10,1,0,0,0
lccn/sn83045462/1936-08-30,2,13,2,11
lccn/sn83045462/1936-09-06,1,3,8,-5
lccn/sn83045462/1937-03-27,1,0,0,0
lccn/sn83045462/1939-11-19,1,1,4,-3
lccn/sn83045462/1937-01-10,2,13,0,13
lccn/sn83045462/1939-10-15,2,19,4,15
lccn/sn83045462/1939-10-24,2,10,1,9
lccn/sn83045462/1937-03-23,2,14,2,12
lccn/sn83045462/1936-03-29,1,10,10,0
lccn/sn83045462/1938-04-23,1,0,0,0
lccn/sn83045462/1938-04-20,1,0,0,0
lccn/sn83045462/1940-11-02,2,5,0,5
lccn/sn83045462/1940-09-29,1,0,0,0
lccn/sn83045462/1942-03-13,2,28,0,28
lccn/sn83045462/1942-04-05,2,4,2,2
lccn/sn83045462/1938-01-05,1,0,0,0
lccn/sn83045462/1942-05-27,2,10,0,10
lccn/sn83045462/1938-07-18,2,8,1,7
lccn/sn83045462/1938-03-11,2,16,1,15
lccn/sn83045462/1938-03-16,1,0,0,0
lccn/sn83045462/1938-04-09,1,0,0,0
lccn/sn83045462/1942-01-26,2,14,2,12
lccn/sn83045462/1938-08-27,2,9,7,2
lccn/sn83045462/1938-08-31,1,0,0,0
lccn/sn83045462/1938-09-08,2,16,2,14
lccn/sn83045462/1938-09-12,2,12,4,8
lccn/sn83045462/1942-05-28,1,0,0,0
lccn/sn83045462/1942-06-02,2,11,2,9
lccn/sn83045462/1942-05-30,2,12,3,9
lccn/sn83045462/1942-05-09,2,12,1,11
lccn/sn83045462/1938-08-17,2,8,1,7
lccn/sn83045462/1938-08-21,1,0,0,0
lccn/sn86092518/1884-04-26,2,5,2,3
lccn/sn86092518/1883-02-16,2,8,5,3
lccn/sn86092518/1883-03-05,2,17,5,12
lccn/sn86092518/1883-01-19,1,5,5,0
lccn/sn86092518/1882-04-10,2,9,8,1
lccn/sn83045462/1940-09-20,2,10,4,6
lccn/sn83045462/1940-09-19,1,6,7,-1
lccn/sn83045462/1940-11-22,2,14,1,13
lccn/sn83045462/1940-12-15,1,0,0,0
lccn/sn83045462/1940-10-31,2,9,0,9
lccn/sn83045462/1940-11-17,2,21,4,17
lccn/sn83045462/1940-11-30,2,11,2,9
lccn/sn83045462/1942-04-23,2,13,5,8
lccn/sn83045462/1942-03-12,2,16,3,13
lccn/sn83045462/1942-03-10,2,13,2,11
lccn/sn83045462/1942-05-10,2,15,0,15
lccn/sn83045462/1938-10-05,2,11,2,9
lccn/sn83045462/1938-09-21,1,0,0,0
lccn/sn83045462/1938-10-14,2,4,2,2
lccn/sn83045462/1938-10-12,1,0,0,0
lccn/sn83045462/1949-10-09,2,14,4,10
lccn/sn83045462/1950-07-05,1,0,0,0
lccn/sn83045462/1950-09-04,2,10,2,8
lccn/sn83045462/1950-01-22,2,10,6,4
lccn/sn83045462/1950-10-10,2,9,2,7
lccn/sn83045462/1948-07-24,1,0,0,0
lccn/sn83045462/1950-02-25,2,18,1,17
lccn/sn83045462/1950-02-20,2,11,2,9
lccn/sn83045462/1950-02-23,2,15,0,15
lccn/sn83045462/1950-08-27,2,17,0,17
lccn/sn83045462/1950-08-29,2,5,1,4
lccn/sn83045462/1950-02-22,1,6,8,-2
lccn/sn83045462/1947-01-11,2,14,0,14
lccn/sn83045462/1947-03-17,2,7,5,2
lccn/sn83045462/1948-03-30,1,0,0,0
lccn/sn83045462/1950-04-29,2,21,1,20
lccn/sn83045462/1947-05-22,2,9,5,4
lccn/sn83045462/1947-05-08,2,12,9,3
lccn/sn83045462/1947-05-01,2,13,8,5
lccn/sn83045462/1947-05-15,2,11,5,6
lccn/sn83045462/1950-09-01,2,19,1,18
lccn/sn83045462/1950-09-03,2,14,0,14
lccn/sn83045462/1942-10-29,1,0,0,0
lccn/sn83016025/1868-12-15,1,4,5,-1
lccn/sn83045462/1941-07-26,2,16,1,15
lccn/sn83045462/1941-06-07,2,19,2,17
lccn/sn83045462/1941-03-23,2,21,3,18
lccn/sn83045462/1941-05-23,2,16,4,12
lccn/sn86092518/1890-07-18,1,3,4,-1
lccn/sn86092518/1890-07-10,1,0,0,0
lccn/sn85035720/1920-09-14,2,13,1,12
lccn/sn82015313/1925-07-10,1,0,0,0
lccn/sn82015313/1925-08-22,1,2,6,-4
lccn/sn85042354/1920-04-22,2,16,1,15
lccn/sn85042354/1920-11-10,2,4,1,3
lccn/sn82015313/1928-05-02,2,12,7,5
lccn/sn85042354/1920-11-06,2,5,2,3
lccn/sn85042354/1920-11-11,2,4,0,4
lccn/sn85042354/1921-03-04,2,7,2,5
lccn/sn85042354/1921-03-02,2,8,2,6
lccn/sn90050260/1914-07-02,1,4,11,-7
lccn/sn84022374/1877-09-06,2,15,9,6
lccn/sn84022374/1894-01-18,1,6,6,0
lccn/sn91059392/1886-03-11,1,1,12,-11
lccn/sn91059392/1884-01-03,2,10,7,3
lccn/sn85040245/1907-08-08,2,7,4,3
lccn/sn85040245/1907-08-08,2,5,0,5
lccn/sn84022374/1872-04-11,1,6,7,-1
lccn/sn82015313/1931-10-20,1,0,0,0
lccn/sn82015313/1934-07-28,2,3,1,2
lccn/sn87065528/1946-04-19,1,3,3,0
lccn/sn84022374/1879-06-19,2,8,3,5
lccn/sn84022374/1892-04-07,2,8,4,4
lccn/sn84027329/1883-11-01,2,9,3,6
lccn/sn84027329/1883-09-13,1,6,7,-1
lccn/sn84027329/1881-12-29,2,14,3,11
lccn/sn84027329/1881-12-29,2,15,3,12
lccn/sn84027329/1875-08-26,1,6,9,-3
lccn/sn84027329/1880-02-12,1,2,2,0
lccn/sn84027329/1874-05-21,1,5,7,-2
lccn/sn84027329/1874-05-21,1,3,4,-1
lccn/sn84027329/1874-02-26,2,13,7,6
lccn/sn91064011/1915-11-23,1,5,12,-7
lccn/sn87068079/1891-10-22,2,4,2,2
lccn/sn87068079/1895-05-16,1,0,0,0
lccn/sn87058308/1895-05-09,2,16,3,13
lccn/sn87058308/1894-12-20,1,0,0,0
lccn/sn87058308/1888-06-07,2,9,4,5
lccn/sn87058308/1888-02-09,2,7,5,2
lccn/sn87058308/1886-09-09,2,13,9,4
lccn/sn87058308/1887-03-03,2,6,5,1
lccn/sn87058308/1887-03-10,1,11,12,-1
lccn/sn87058308/1887-05-19,2,40,11,29
lccn/sn87058308/1887-05-19,2,41,13,28
lccn/sn87058308/1886-01-21,1,2,2,0
lccn/sn87058308/1886-04-01,2,26,3,23
lccn/sn87058308/1890-06-05,2,10,8,2
lccn/sn87058308/1889-05-16,2,23,14,9
lccn/sn87058308/1894-06-14,1,0,0,0
lccn/sn82014248/1891-05-04,2,9,2,7
lccn/sn84024326/1923-07-15,2,4,3,1
lccn/sn84024326/1923-12-17,2,9,3,6
lccn/sn84024326/1923-11-26,1,3,3,0
lccn/sn84024326/1923-06-19,2,4,2,2
lccn/sn97065763/1917-09-01,2,12,6,6
lccn/sn88063294/1941-02-18,2,6,2,4
lccn/sn87068079/1902-02-06,1,3,8,-5
lccn/sn87068079/1903-04-02,2,9,6,3
lccn/sn87068079/1897-06-03,2,7,6,1
lccn/sn82014248/1888-12-10,1,6,8,-2
lccn/sn82014248/1893-02-22,2,5,1,4
lccn/sn82014248/1893-11-10,1,0,0,0
lccn/sn82014248/1893-04-04,2,7,6,1
lccn/sn89053706/1887-10-11,2,17,5,12
lccn/sn88063294/1945-05-26,2,17,2,15
lccn/sn90051167/1892-04-22,2,17,12,5
lccn/sn85035801/1897-01-26,2,9,7,2
lccn/sn85035801/1897-02-02,1,7,8,-1
lccn/sn85035801/1901-11-26,1,3,12,-9
lccn/sn85035801/1910-05-31,2,3,2,1
lccn/sn89053713/1924-11-01,1,8,9,-1
lccn/sn89053713/1924-11-04,2,7,1,6
lccn/sn87058308/1897-09-30,1,10,20,-10
lccn/sn87058308/1897-09-16,2,22,6,16
lccn/sn85040614/1916-09-22,1,0,0,0
lccn/sn85033123/1868-01-30,2,7,4,3
lccn/sn99068116/1887-04-21,1,3,6,-3
lccn/sn99068116/1892-06-02,1,2,2,0
lccn/sn89053729/1913-06-08,2,10,2,8
lccn/sn89053729/1913-06-08,2,10,1,9
lccn/sn89053729/1913-10-14,2,14,3,11
lccn/sn89053729/1913-10-03,1,0,0,0
lccn/sn89053729/1913-10-03,2,3,1,2
lccn/sn89053729/1913-10-06,2,1,0,1
lccn/sn89053729/1913-10-06,1,0,0,0
lccn/sn89053729/1913-10-06,1,0,2,-2
lccn/sn89053729/1913-10-06,1,0,0,0
lccn/sn89053729/1913-10-06,1,0,0,0
lccn/sn89053729/1913-10-13,2,19,2,17
lccn/sn89053729/1913-10-14,2,3,2,1
lccn/sn89053729/1913-10-13,2,8,1,7
lccn/sn89053729/1913-10-05,1,5,5,0
lccn/sn89053729/1913-10-05,2,8,6,2
lccn/sn89053729/1913-10-05,1,0,0,0
lccn/sn89053729/1913-10-05,1,4,5,-1
lccn/sn89053729/1913-10-05,1,0,0,0
lccn/sn89053729/1913-10-02,1,0,0,0
lccn/sn89053729/1913-10-03,1,1,2,-1
lccn/sn89053729/1913-10-02,1,0,0,0
lccn/sn89053729/1913-10-03,1,0,0,0
lccn/sn89053729/1913-10-04,2,3,2,1
lccn/sn89053729/1913-10-04,1,0,0,0
lccn/sn89053729/1913-10-04,2,1,0,1
lccn/sn89053729/1913-10-04,1,0,0,0
lccn/sn89053729/1913-10-04,2,3,1,2
lccn/sn89053729/1913-10-04,2,6,1,5
lccn/sn84024707/1876-08-03,2,10,7,3
lccn/sn84024707/1881-05-26,2,9,2,7
lccn/sn84024707/1886-06-03,2,10,3,7
lccn/sn84024707/1881-02-10,1,12,15,-3
lccn/sn84024653/1887-04-01,2,8,3,5
lccn/sn84024653/1894-02-16,1,4,4,0
lccn/sn85033255/1880-08-12,1,8,8,0
lccn/sn85033255/1880-09-16,2,11,5,6
lccn/sn85033255/1880-03-25,2,16,13,3
lccn/sn85033255/1881-04-07,2,8,4,4
lccn/sn85033255/1883-10-11,1,6,7,-1
lccn/sn85033255/1881-12-08,2,11,1,10
lccn/sn82014248/1905-10-23,1,7,19,-12
lccn/sn84024653/1878-05-03,2,9,3,6
lccn/sn85026214/1876-02-06,1,9,11,-2
lccn/sn85026214/1877-12-30,1,0,0,0
lccn/sn83016589/1888-03-30,2,2,0,2
lccn/sn83016589/1889-08-16,1,4,4,0
lccn/sn85033133/1889-02-28,1,0,0,0
lccn/sn85033133/1889-03-07,2,11,8,3
lccn/sn85033133/1889-02-21,2,9,0,9
lccn/sn85033133/1888-07-26,2,2,1,1
lccn/sn85033133/1883-11-01,1,10,13,-3
lccn/sn85033133/1884-02-21,1,0,0,0
lccn/sn84026749/1928-09-13,1,0,0,0
lccn/sn83030272/1901-06-01,2,4,2,2
lccn/sn82014064/1871-01-18,2,6,4,2
lccn/sn82014064/1870-07-02,2,8,4,4
lccn/sn82014064/1869-04-16,2,10,5,5
lccn/sn83030272/1903-11-03,2,9,6,3
lccn/sn83030272/1904-09-04,2,6,1,5
lccn/sn83030272/1904-09-25,1,3,3,0
lccn/sn83030272/1908-01-12,1,3,3,0
lccn/sn83030272/1900-10-09,1,8,10,-2
lccn/sn84024441/1901-06-20,2,8,2,6
lccn/sn85058140/1910-10-29,2,8,1,7
lccn/sn83030272/1904-08-28,2,18,4,14
lccn/sn82014064/1865-08-09,2,18,12,6
lccn/sn82014064/1865-11-07,1,4,8,-4
lccn/sn91068402/1887-01-20,2,13,5,8
lccn/sn91068245/1894-07-19,2,9,5,4
lccn/sn91068245/1894-08-09,1,0,3,-3
lccn/sn83045604/1896-06-01,2,6,3,3
lccn/sn83045604/1897-05-02,1,0,0,0
lccn/sn84036012/1897-09-01,1,0,0,0
lccn/sn83045604/1896-12-02,2,8,2,6
lccn/sn84036012/1891-09-13,1,2,2,0
lccn/sn85033699/1875-06-17,2,16,6,10
lccn/sn85033078/1878-10-10,2,7,2,5
lccn/sn85033699/1874-06-02,2,8,7,1
lccn/sn85033699/1874-01-06,1,6,8,-2
lccn/sn85033078/1888-06-28,1,4,7,-3
lccn/sn85033295/1869-09-29,1,0,0,0
lccn/sn84024518/1852-12-08,1,0,0,0
lccn/sn83045706/1861-12-04,1,0,0,0
lccn/sn84024517/1850-11-13,1,7,7,0
lccn/sn84024517/1850-11-16,2,7,3,4
lccn/sn84024517/1850-11-23,1,0,0,0
lccn/sn85042148/1869-03-17,2,8,3,5
lccn/sn84024517/1850-11-06,1,0,0,0
lccn/sn84024517/1850-11-09,1,0,0,0
lccn/sn85033078/1913-05-22,2,9,5,4
lccn/sn83045706/1859-09-28,2,13,2,11
lccn/sn84038125/1884-01-04,1,0,1,-1
lccn/sn84036034/1889-05-22,2,14,12,2
lccn/sn83030431/1920-01-18,2,7,4,3
lccn/sn84038125/1882-09-08,1,6,7,-1
lccn/sn85033437/1881-01-09,1,2,5,-3
lccn/sn85033437/1881-04-03,2,15,12,3
lccn/sn85033964/1888-10-11,2,10,4,6
lccn/sn82014327/1851-10-02,2,13,5,8
lccn/sn82015483/1882-11-25,2,14,5,9
lccn/sn99021999/1892-05-16,1,5,10,-5
lccn/sn99021999/1892-02-20,2,28,4,24
lccn/sn94053256/1894-01-18,1,4,10,-6
lccn/sn94053256/1894-01-24,2,8,7,1
lccn/sn94053256/1894-04-05,2,6,4,2
lccn/sn99021999/1890-06-22,2,37,11,26
lccn/sn99021999/1893-06-22,2,4,0,4
lccn/sn99021999/1898-11-08,2,6,2,4
lccn/sn99021999/1890-04-28,1,4,7,-3
lccn/sn99021999/1892-09-03,2,13,10,3
lccn/sn99021999/1892-09-04,2,14,8,6
lccn/sn99021999/1892-06-26,2,11,4,7
lccn/sn99021999/1892-06-19,2,14,5,9
lccn/sn94052989/1893-01-15,1,6,11,-5
lccn/sn82014681/1883-01-06,2,8,3,5
lccn/sn82014681/1885-04-18,2,8,5,3
lccn/sn82014681/1885-01-10,1,2,2,0
lccn/sn85042462/1907-09-29,2,5,4,1
lccn/sn99021999/1895-10-21,1,6,7,-1
lccn/sn83045389/1915-03-08,2,9,5,4
lccn/sn83045389/1915-04-06,2,4,3,1
lccn/sn83045389/1916-01-16,2,16,6,10
lccn/sn83045389/1915-11-04,1,0,0,0
lccn/sn83045389/1915-09-29,2,11,9,2
lccn/sn83045389/1915-09-15,1,6,7,-1
lccn/sn86091060/1891-07-04,2,1,0,1
lccn/sn83045389/1916-04-09,2,3,1,2
lccn/sn83045389/1920-11-14,2,17,5,12
lccn/sn83045389/1920-01-11,2,14,0,14
lccn/sn83045389/1920-10-01,1,6,7,-1
lccn/sn84026749/1905-06-10,2,49,8,41
lccn/sn84026749/1905-07-02,1,8,12,-4
lccn/sn84024271/1908-04-03,2,8,2,6
lccn/sn85033549/1885-09-16,1,1,1,0
lccn/sn84022835/1880-11-18,2,3,2,1
lccn/sn85033781/1874-05-15,2,4,1,3
lccn/sn85042461/1893-07-02,2,16,3,13
lccn/sn85042461/1897-02-13,1,11,12,-1
lccn/sn87060004/1896-04-23,2,28,12,16
lccn/sn83045462/1924-12-07,2,4,3,1
lccn/sn83030272/1912-10-25,1,8,9,-1
lccn/sn83045462/1927-01-13,1,3,4,-1
lccn/sn85038615/1903-06-02,1,11,11,0
lccn/sn83045462/1927-02-20,2,7,4,3
lccn/sn82014381/1880-01-24,2,20,12,8
lccn/sn82014381/1881-04-12,2,6,4,2
lccn/sn83040340/1878-10-26,2,7,3,4
lccn/sn83040340/1879-12-05,2,9,4,5
lccn/sn83045774/1921-08-08,2,11,5,6
lccn/sn83045774/1921-08-21,1,0,0,0
lccn/sn83025440/1888-03-22,1,1,1,0
lccn/sn88064250/1901-04-20,2,3,2,1
lccn/sn85025715/1895-08-16,1,0,1,-1
lccn/sn92070582/1922-06-11,2,7,3,4
lccn/sn92070582/1920-10-04,2,4,0,4
lccn/sn84031492/1881-03-05,1,0,0,0
lccn/sn94060041/1898-08-13,2,14,4,10
lccn/sn94060041/1888-12-22,2,5,2,3
lccn/sn82016187/1908-09-10,2,5,2,3
lccn/sn84024670/1871-09-27,1,2,14,-12
lccn/sn84024670/1871-04-26,1,9,16,-7
lccn/sn87062245/1902-02-22,2,12,3,9
lccn/sn87062245/1901-11-28,1,8,11,-3
lccn/sn83030272/1914-09-12,2,13,4,9
lccn/sn86053688/1872-01-31,2,6,0,6
lccn/sn83030272/1914-09-07,2,21,5,16
lccn/sn83030272/1914-08-22,2,9,3,6
lccn/sn83030272/1915-04-10,2,4,0,4
lccn/sn84037890/1889-10-16,2,3,0,3
lccn/sn83045462/1923-11-25,1,4,4,0
lccn/sn83045462/1923-11-07,1,7,16,-9
lccn/sn82014381/1884-12-30,2,5,3,2
lccn/sn84029838/1891-01-09,2,10,7,3
lccn/sn84029838/1886-11-25,2,11,4,7
lccn/sn84038034/1871-12-07,2,22,4,18
lccn/sn92051487/1890-12-26,1,2,9,-7
lccn/sn82014381/1883-12-28,2,10,9,1
lccn/sn82014381/1884-03-13,2,10,8,2
lccn/sn93051663/1885-09-04,2,9,3,6
lccn/sn85034438/1892-10-30,2,3,0,3
lccn/sn84022644/1884-08-15,2,9,5,4
lccn/sn84022644/1898-12-02,2,11,9,2
lccn/sn86053696/1894-06-01,1,1,1,0
lccn/sn84022644/1895-06-21,1,4,7,-3
lccn/sn84022644/1892-12-09,1,0,0,0
lccn/sn90066132/1920-10-08,2,9,3,6
lccn/sn84026844/1886-06-14,2,9,2,7
lccn/sn84026844/1880-08-17,1,5,9,-4
lccn/sn84026844/1889-09-30,2,7,1,6
lccn/sn84026844/1878-04-05,1,0,0,0
lccn/sn84026844/1898-01-14,2,7,3,4
lccn/sn84028821/1874-01-08,2,9,4,5
lccn/sn85026241/1866-06-14,1,0,3,-3
lccn/sn84026844/1871-11-20,2,21,10,11
lccn/sn84026844/1875-07-16,2,14,0,14
lccn/sn84028821/1874-07-16,2,11,9,2
lccn/sn92070464/1894-11-03,1,0,3,-3
lccn/sn92070464/1903-12-19,2,6,3,3
lccn/sn83026389/1876-02-12,2,9,5,4
lccn/sn84020109/1879-01-23,1,0,3,-3
lccn/sn85066387/1904-01-17,1,0,0,0
lccn/sn82014086/1912-09-18,1,6,6,0
lccn/sn82014086/1912-05-30,1,3,4,-1
lccn/sn84020594/1874-08-05,2,8,3,5
lccn/sn82014086/1911-06-23,2,6,0,6
lccn/sn96027172/1910-05-06,2,12,1,11
lccn/sn96027172/1910-04-29,2,15,3,12
lccn/sn82015080/1888-09-12,1,3,4,-1
lccn/sn85066387/1910-08-19,1,7,10,-3
lccn/sn99021999/1887-08-09,2,6,2,4
lccn/sn85032938/1890-08-13,2,5,2,3
lccn/sn99021999/1886-10-13,1,0,0,0
lccn/sn99021999/1886-11-04,1,6,7,-1
lccn/sn85032938/1893-06-07,2,6,4,2
lccn/sn83030214/1897-06-10,1,3,3,0
lccn/sn83030214/1897-04-04,2,6,4,2
lccn/sn87055779/1920-06-19,2,2,1,1
lccn/sn87055779/1920-06-13,1,2,5,-3
lccn/sn84026749/1910-09-23,2,7,2,5
lccn/sn83016672/1892-10-22,2,14,7,7
lccn/sn83045789/1884-12-07,2,15,7,8
lccn/sn83016672/1892-09-11,2,8,2,6
lccn/sn85025620/1881-12-01,2,3,1,2
lccn/sn85066387/1911-07-13,2,12,7,5
lccn/sn83045774/1921-12-18,2,6,0,6
lccn/sn83045774/1921-10-16,2,12,8,4
lccn/sn83045774/1921-10-30,1,0,1,-1
lccn/sn83025121/1879-06-25,2,9,8,1
lccn/sn84038335/1901-02-14,2,7,5,2
lccn/sn82015484/1880-04-15,2,10,6,4
lccn/sn85066387/1899-07-09,2,10,8,2
lccn/sn86058250/1863-03-20,2,10,6,4
lccn/sn90059523/1901-10-14,2,6,0,6
lccn/sn87052128/1873-09-26,1,9,14,-5
lccn/sn90059523/1901-10-10,1,5,7,-2
lccn/sn90059523/1901-10-06,2,17,3,14
lccn/sn90059523/1899-12-08,1,7,12,-5
lccn/sn84026749/1907-12-05,2,6,2,4
lccn/sn90059522/1893-10-06,1,5,15,-10
lccn/sn90059523/1900-01-11,2,15,9,6
lccn/sn90059523/1899-11-16,2,9,4,5
lccn/sn90059522/1893-12-15,2,13,6,7
lccn/sn85038615/1908-01-18,2,5,4,1
lccn/sn85038614/1900-09-12,2,4,1,3
lccn/sn85038614/1900-10-07,1,0,0,0
lccn/sn99061556/1907-03-26,2,7,6,1
lccn/sn84024670/1874-01-01,1,0,0,0
lccn/sn97071110/1901-08-23,2,10,8,2
lccn/sn97071110/1900-05-04,2,15,2,13
lccn/sn92072978/1892-11-24,2,8,3,5
lccn/sn91090200/1885-10-16,2,14,13,1
lccn/sn83025316/1910-04-04,1,0,0,0
lccn/sn85033673/1867-08-16,2,7,1,6
lccn/sn85033673/1867-08-21,2,12,5,7
lccn/sn85033673/1867-08-22,2,5,2,3
lccn/sn85038615/1908-04-28,1,2,3,-1
lccn/sn82014381/1888-09-24,2,9,5,4
lccn/sn82014381/1888-09-25,1,9,9,0
lccn/sn82014381/1888-10-02,1,2,7,-5
lccn/sn82014381/1888-10-03,2,17,6,11
lccn/sn82014381/1888-09-21,2,4,3,1
lccn/sn82014381/1888-05-03,2,10,3,7
lccn/sn82014381/1885-10-06,1,5,5,0
lccn/sn82014381/1887-09-07,1,2,4,-2
lccn/sn82014381/1886-10-08,1,9,12,-3
lccn/sn82014381/1886-03-08,1,4,21,-17
lccn/sn82014381/1885-09-28,2,9,2,7
lccn/sn82014381/1886-01-29,2,7,4,3
lccn/sn82014381/1887-01-10,1,0,0,0
lccn/sn82014381/1887-01-25,1,6,6,0
lccn/sn82014381/1887-07-06,2,12,4,8
lccn/sn82014381/1887-03-08,2,9,3,6
lccn/sn84020558/1921-12-29,2,7,1,6
lccn/sn84020558/1920-05-20,2,12,1,11
lccn/sn2001063112/1917-07-,1,6,9,-3
lccn/sn2001063112/1918-05-,1,2,3,-1
lccn/sn83030214/1905-08-18,1,6,13,-7
lccn/sn83045433/1909-02-14,2,13,10,3
lccn/sn83045462/1902-06-10,1,0,0,0
lccn/sn83045433/1913-08-10,1,11,13,-2
lccn/sn84026749/1914-12-05,1,1,1,0
lccn/sn84026749/1919-08-09,2,6,2,4
lccn/sn83045433/1909-05-29,1,0,0,0
lccn/sn86071045/1889-07-12,1,6,10,-4
lccn/sn86071045/1889-07-12,2,11,0,11
lccn/sn85038411/1914-02-20,2,10,1,9
lccn/sn85038411/1914-02-21,2,10,0,10
lccn/sn85038411/1914-02-23,2,7,3,4
lccn/sn83025287/1879-01-12,2,10,9,1
lccn/sn83025287/1879-03-23,2,7,1,6
lccn/sn83025287/1879-03-23,2,31,16,15
lccn/sn83025287/1879-05-02,2,19,5,14
lccn/sn83025287/1878-09-09,2,21,5,16
lccn/sn83045462/1904-05-21,2,12,5,7
lccn/sn83045462/1904-04-28,2,5,3,2
lccn/sn83045462/1904-04-29,2,10,0,10
lccn/sn83045462/1904-07-01,2,5,4,1
lccn/sn83045462/1904-05-05,1,0,0,0
lccn/sn83045366/1906-10-28,2,19,5,14
lccn/sn83045462/1894-09-08,2,11,3,8
lccn/sn83045462/1908-03-30,2,9,2,7
lccn/sn83045462/1904-05-20,1,0,0,0
lccn/sn83045462/1904-05-03,2,11,1,10
lccn/sn85033526/1875-12-23,2,10,8,2
lccn/sn83045462/1904-03-10,1,3,3,0
lccn/sn84020274/1905-09-09,2,13,2,11
lccn/sn84020274/1905-09-12,2,16,5,11
lccn/sn84031492/1872-10-26,1,4,7,-3
lccn/sn85049554/1901-11-19,2,14,6,8
lccn/sn84031492/1874-01-02,2,9,5,4
lccn/sn85049554/1900-12-26,1,2,6,-4
lccn/sn84031492/1873-03-30,1,0,0,0
lccn/sn88053055/1899-11-22,1,5,5,0
lccn/sn89053851/1909-05-13,2,9,4,5
lccn/sn82016014/1911-03-22,2,9,4,5
lccn/sn82016014/1911-03-31,2,4,3,1
lccn/sn82016014/1911-02-08,2,8,3,5
lccn/sn99021999/1907-10-26,2,11,4,7
lccn/sn99021999/1907-09-23,2,12,6,6
lccn/sn99021999/1907-09-06,2,7,4,3
lccn/sn99021999/1907-06-02,1,2,2,0
lccn/sn82015408/1862-03-08,2,23,6,17
lccn/sn83045462/1916-06-05,1,0,0,0
lccn/sn85058397/1911-09-23,2,9,3,6
lccn/sn83045462/1916-04-29,2,4,3,1
lccn/sn83045462/1916-10-01,2,15,4,11
lccn/sn83045555/1901-11-02,2,15,11,4
lccn/sn83045555/1903-05-05,1,3,5,-2
lccn/sn83045555/1903-05-18,2,10,6,4
lccn/sn82015483/1894-04-09,2,11,2,9
lccn/sn82015483/1894-04-12,2,8,7,1
lccn/sn82015483/1894-04-18,2,14,2,12
lccn/sn82015483/1893-05-18,2,13,7,6
lccn/sn94052989/1894-03-24,2,12,9,3
lccn/sn82015483/1890-09-12,2,5,4,1
lccn/sn94052989/1892-05-29,2,8,4,4
lccn/sn84038306/1914-07-29,1,2,2,0
lccn/sn82015483/1893-09-16,2,5,3,2
lccn/sn82006863/1855-01-27,2,12,3,9
lccn/sn95047178/1902-04-24,1,2,4,-2
lccn/sn82015483/1890-09-15,2,4,3,1
lccn/sn82015483/1890-09-16,1,2,5,-3
lccn/sn94052989/1894-03-03,2,7,6,1
lccn/sn82015483/1891-06-12,1,5,6,-1
lccn/sn84024738/1878-09-30,1,0,0,0
lccn/sn84024738/1875-03-27,2,4,1,3
lccn/sn84024738/1868-07-25,2,7,3,4
lccn/sn84024738/1868-07-20,2,6,1,5
lccn/sn98069867/1920-05-13,2,12,3,9
lccn/sn84026844/1877-08-30,2,8,4,4
lccn/sn84026824/1914-07-16,2,10,2,8
lccn/sn84026844/1888-08-03,2,15,9,6
lccn/sn84023253/1879-12-26,2,13,2,11
lccn/sn84023253/1877-06-08,1,6,9,-3
lccn/sn84023296/1899-09-16,1,0,0,0
lccn/sn84026847/1865-03-06,2,2,1,1
lccn/sn85038615/1913-11-09,2,10,7,3
lccn/sn85038615/1914-08-10,2,5,0,5
lccn/sn85038615/1914-09-20,1,4,13,-9
lccn/sn85038615/1913-08-27,1,0,0,0
lccn/sn83045462/1924-07-08,2,24,0,24
lccn/sn85038615/1914-02-23,2,17,3,14
lccn/sn85038615/1914-02-26,1,6,6,0
lccn/sn83030431/1916-09-18,1,2,10,-8
lccn/sn85038615/1913-10-09,2,4,3,1
lccn/sn83045462/1855-07-09,2,8,4,4
lccn/sn83045462/1855-07-13,2,14,5,9
lccn/sn83045462/1855-07-10,2,6,5,1
lccn/sn83045462/1855-07-12,2,14,1,13
lccn/sn88076679/1889-05-30,1,8,10,-2
lccn/sn96090256/1888-08-31,2,13,4,9
lccn/sn83045462/1911-01-06,2,9,1,8
lccn/sn86063615/1899-07-10,1,6,8,-2
lccn/sn86063615/1899-07-24,2,3,1,2
lccn/sn86063615/1899-10-15,2,10,0,10
lccn/sn86063615/1899-11-10,1,6,11,-5
lccn/sn86063615/1899-09-15,1,7,7,0
lccn/sn86063615/1899-12-02,2,8,4,4
lccn/sn86063615/1898-09-11,2,10,8,2
lccn/sn84022129/1878-04-12,2,4,0,4
lccn/sn83026389/1902-09-06,2,6,3,3
lccn/sn85025715/1897-09-08,2,3,2,1
lccn/sn85025715/1897-09-14,2,12,6,6
lccn/sn85025715/1897-09-09,1,2,8,-6
lccn/sn85025715/1897-09-10,2,13,5,8
lccn/sn85025715/1896-09-09,1,3,7,-4
lccn/sn85025715/1896-10-11,2,11,4,7
lccn/sn83045462/1867-06-26,2,5,4,1
lccn/sn83026413/1877-08-11,1,0,0,0
lccn/sn83045462/1900-09-27,2,8,3,5
lccn/sn83025779/1922-12-16,2,4,3,1
lccn/sn83025733/1875-02-10,2,15,3,12
lccn/sn86088296/1885-05-21,2,9,6,3
lccn/sn86088296/1885-06-18,1,0,0,0
lccn/sn86088296/1886-12-30,1,5,6,-1
lccn/sn83045396/1905-01-17,2,5,3,2
lccn/sn82016187/1892-07-07,1,1,4,-3
lccn/sn83045396/1905-09-19,2,10,5,5
lccn/sn83030214/1905-05-04,1,5,6,-1
lccn/sn83030214/1905-03-18,2,17,2,15
lccn/sn83045396/1909-09-08,1,3,7,-4
lccn/sn83032011/1885-01-09,2,6,2,4
lccn/sn83032011/1887-01-07,2,19,4,15
lccn/sn83032011/1888-12-28,2,8,3,5
lccn/sn83045396/1909-08-11,2,18,5,13
lccn/sn83045396/1909-08-22,2,11,2,9
lccn/sn86063952/1899-03-20,2,10,9,1
lccn/sn86063952/1899-03-22,2,8,5,3
lccn/sn85038292/1869-07-08,2,14,3,11
lccn/sn83045462/1924-10-14,2,8,1,7
lccn/sn83045462/1924-10-26,2,10,7,3
lccn/sn85052141/1883-01-26,2,6,5,1
lccn/sn85038292/1885-08-29,2,9,5,4
lccn/sn83030272/1915-08-22,1,3,3,0
lccn/sn85034248/1917-04-14,2,2,1,1
lccn/sn86071779/1899-08-29,2,11,5,6
lccn/sn86071779/1899-09-13,2,18,13,5
lccn/sn83045462/1924-04-26,2,11,7,4
lccn/sn83045462/1923-03-11,1,5,5,0
lccn/sn83004264/1895-05-24,2,5,3,2
lccn/sn83045462/1924-05-11,2,6,2,4
lccn/sn84037890/1889-01-02,1,5,5,0
lccn/sn83030272/1916-04-03,2,2,1,1
lccn/sn85040344/1887-02-26,2,11,8,3
lccn/sn85040344/1899-04-01,1,3,3,0
lccn/sn85040344/1899-10-21,2,3,1,2
lccn/sn85040344/1897-09-25,2,5,3,2
lccn/sn85040344/1894-12-08,2,8,7,1
lccn/sn83045604/1898-06-18,2,5,1,4
lccn/sn83045604/1900-09-02,1,2,3,-1
lccn/sn83030193/1892-10-19,2,9,2,7
lccn/sn83030193/1892-10-19,2,5,4,1
lccn/sn83030193/1892-10-19,1,4,5,-1
lccn/sn84036033/1884-09-24,2,15,5,10
lccn/sn85040344/1897-04-24,2,24,9,15
lccn/sn83030214/1920-02-07,2,14,2,12
lccn/sn83030213/1850-11-14,2,16,10,6
lccn/sn83045433/1914-04-15,2,8,7,1
lccn/sn84027352/1860-02-09,2,10,1,9
lccn/sn99021999/1900-05-28,2,11,0,11
lccn/sn95026977/1907-04-04,2,5,0,5
lccn/sn99021999/1900-10-29,1,6,7,-1
lccn/sn99021999/1900-08-21,2,15,8,7
lccn/sn95026977/1909-11-29,2,6,2,4
lccn/sn95026977/1905-03-10,2,10,0,10
lccn/sn99021999/1901-03-20,2,13,5,8
lccn/sn95047242/1903-12-22,2,9,6,3
lccn/sn84020594/1874-10-30,2,9,5,4
lccn/sn84038112/1865-02-03,2,3,0,3
lccn/sn82015080/1887-01-12,1,0,0,0
lccn/sn85033964/1882-01-12,1,2,7,-5
lccn/sn85038615/1910-08-15,2,3,0,3
lccn/sn85038614/1892-08-14,1,4,7,-3
lccn/sn97067613/1891-07-30,1,6,9,-3
lccn/sn97067613/1890-10-30,2,30,3,27
lccn/sn97067613/1886-02-04,2,8,3,5
lccn/sn97067613/1881-12-29,2,19,5,14
lccn/sn88078580/1874-01-10,1,2,14,-12
lccn/sn84023416/1887-11-11,2,10,3,7
lccn/sn84026844/1879-06-14,1,6,6,0
lccn/sn83045604/1889-10-28,1,0,0,0
lccn/sn84023416/1905-03-24,2,8,5,3
lccn/sn84023416/1897-08-20,2,22,9,13
lccn/sn83045611/1882-06-23,1,10,16,-6
lccn/sn97067613/1885-02-12,2,5,3,2
lccn/sn97067613/1885-03-12,2,11,2,9
lccn/sn87060165/1910-10-04,2,9,5,4
lccn/sn87060165/1910-06-14,2,4,3,1
lccn/sn85025007/1904-06-25,1,8,14,-6
lccn/sn85025007/1905-11-11,1,6,6,0
lccn/sn83035173/1855-03-28,1,5,5,0
lccn/sn88085460/1900-05-25,2,20,10,10
lccn/sn83035173/1856-05-28,2,9,4,5
lccn/sn83035174/1868-08-12,2,15,3,12
lccn/sn88077272/1878-07-04,2,16,6,10
lccn/sn88077272/1878-07-11,2,7,3,4
lccn/sn88077272/1885-06-11,2,4,1,3
lccn/sn86079037/1872-01-10,1,0,0,0
lccn/sn84024546/1892-04-10,2,10,8,2
lccn/sn83045555/1906-08-28,1,10,15,-5
lccn/sn83045555/1906-08-29,2,16,11,5
lccn/sn84024546/1892-06-25,2,17,9,8
lccn/sn84024546/1892-06-30,2,5,4,1
lccn/sn84024546/1892-07-12,2,25,14,11
lccn/sn84024546/1892-07-14,2,21,4,17
lccn/sn86053573/1879-10-15,2,12,5,7
lccn/sn86053573/1879-12-10,2,9,3,6
lccn/sn83045555/1902-05-30,2,8,4,4
lccn/sn83045555/1903-09-25,1,8,15,-7
lccn/sn83045555/1900-09-08,1,12,14,-2
lccn/sn83045555/1900-09-18,1,6,10,-4
lccn/sn83045555/1902-05-17,2,18,4,14
lccn/sn83045555/1902-08-30,2,22,4,18
lccn/sn85054468/1898-08-13,2,7,4,3
lccn/sn2008058169/1890-04-,2,9,2,7
lccn/sn83045211/1918-02-26,2,10,8,2
lccn/sn2008058170/1890-06-,2,3,1,2
lccn/sn2008058169/1890-02-,2,5,3,2
lccn/sn85058130/1891-11-20,2,50,17,33
lccn/sn83045433/1912-04-07,2,13,5,8
lccn/sn83045462/1920-09-28,1,4,4,0
lccn/sn84024546/1891-07-02,2,11,1,10
lccn/sn84024546/1891-07-21,2,7,0,7
lccn/sn84024546/1891-07-23,2,12,3,9
lccn/sn84024546/1891-07-25,2,17,5,12
lccn/sn84024546/1891-07-28,2,14,2,12
lccn/sn84024546/1891-08-01,1,7,9,-2
lccn/sn84024546/1892-02-18,1,0,0,0
lccn/sn84024546/1891-09-15,2,41,4,37
lccn/sn84024546/1891-08-15,2,13,3,10
lccn/sn84024546/1891-08-22,2,7,3,4
lccn/sn82015483/1881-07-14,2,6,2,4
lccn/sn82015483/1884-12-22,2,12,9,3
lccn/sn83016555/1874-12-16,2,20,15,5
lccn/sn95047378/1901-08-04,1,7,10,-3
lccn/sn88074815/1901-09-27,2,30,15,15
lccn/sn88074815/1903-05-22,2,17,2,15
lccn/sn88074815/1901-03-22,2,6,3,3
lccn/sn82014086/1919-05-14,2,7,4,3
lccn/sn85066387/1897-07-25,1,8,10,-2
lccn/sn82014086/1919-10-20,1,5,7,-2
lccn/sn88074815/1908-04-10,2,4,1,3
lccn/sn85066387/1897-09-12,1,0,0,0
lccn/sn82014086/1917-09-04,2,9,5,4
lccn/sn82014086/1917-06-02,2,11,3,8
lccn/sn85042462/1905-09-03,2,10,2,8
lccn/sn85030287/1903-09-17,2,5,4,1
lccn/sn95047416/1902-03-21,1,3,7,-4
lccn/sn95047417/1906-01-19,1,0,0,0
lccn/sn95047417/1907-11-01,1,3,18,-15
lccn/sn82014897/1878-05-03,2,15,8,7
lccn/sn95047417/1909-10-15,1,7,11,-4
lccn/sn83025925/1870-11-30,1,3,7,-4
lccn/sn83025925/1870-12-02,1,2,7,-5
lccn/sn83025925/1870-10-11,2,5,4,1
lccn/sn83025925/1870-10-12,2,10,1,9
lccn/sn83025925/1870-10-13,2,12,10,2
lccn/sn83025925/1870-10-14,1,4,5,-1
lccn/sn83025925/1870-10-19,2,9,3,6
lccn/sn83025925/1870-10-20,1,5,5,0
lccn/sn83025925/1870-10-22,2,2,1,1
lccn/sn83025925/1870-10-24,1,4,4,0
lccn/sn83025925/1870-10-27,2,9,2,7
lccn/sn83025925/1870-10-29,2,10,3,7
lccn/sn83025925/1870-11-19,2,7,1,6
lccn/sn83025925/1870-09-30,2,4,2,2
lccn/sn83025925/1870-11-26,2,11,2,9
lccn/sn84026409/1890-12-10,1,4,10,-6
lccn/sn83025925/1870-09-06,2,9,0,9
lccn/sn83025925/1870-09-09,2,17,8,9
lccn/sn83025925/1870-09-16,1,1,1,0
lccn/sn83025925/1870-09-19,1,1,5,-4
lccn/sn83025925/1870-09-22,2,8,7,1
lccn/sn84025891/1911-05-13,2,16,7,9
lccn/sn84026409/1885-02-18,1,0,0,0
lccn/sn84026409/1891-01-07,2,8,4,4
lccn/sn82014086/1920-12-27,2,6,5,1
lccn/sn82014086/1922-12-12,2,7,3,4
lccn/sn82014086/1920-04-15,2,7,6,1
lccn/sn82014086/1920-05-04,2,15,13,2
lccn/sn82014086/1921-06-01,2,7,4,3
lccn/sn82014086/1921-04-18,2,10,3,7
lccn/sn82014086/1922-10-10,1,0,0,0
lccn/sn82014086/1922-03-28,1,1,3,-2
lccn/sn85066387/1907-10-21,1,1,5,-4
lccn/sn95026977/1906-01-04,2,4,0,4
lccn/sn82014086/1921-03-17,1,6,13,-7
lccn/sn82015415/1894-05-28,2,8,2,6
lccn/sn82014086/1921-03-10,2,12,6,6
lccn/sn82014086/1921-03-11,2,10,3,7
lccn/sn82014086/1921-03-12,2,13,9,4
lccn/sn82014086/1921-03-14,2,8,3,5
lccn/sn82014086/1921-03-18,2,16,6,10
lccn/sn82014086/1922-05-08,1,7,11,-4
lccn/sn85066387/1905-02-22,2,6,4,2
lccn/sn82014086/1922-10-06,1,2,7,-5
lccn/sn85066387/1905-03-17,2,2,0,2
lccn/sn85032920/1904-03-23,2,17,15,2
lccn/sn84022650/1897-06-11,2,9,4,5
lccn/sn83045160/1884-07-01,2,14,2,12
lccn/sn84038125/1875-01-01,2,5,0,5
lccn/sn85038615/1908-10-30,2,17,6,11
lccn/sn85038615/1908-10-31,1,0,0,0
lccn/sn85038615/1908-11-26,1,0,0,0
lccn/sn97071028/1891-04-10,2,8,3,5
lccn/sn85033429/1872-04-11,2,13,3,10
lccn/sn85033429/1872-05-02,2,12,2,10
lccn/sn85033429/1870-10-06,2,12,9,3
lccn/sn85033429/1887-04-21,2,9,1,8
lccn/sn83030214/1907-01-19,1,4,10,-6
lccn/sn83030214/1907-01-02,2,22,21,1
lccn/sn83045433/1919-04-01,1,0,0,0
lccn/sn83045433/1919-09-17,2,8,1,7
lccn/sn83045433/1919-09-22,1,2,4,-2
lccn/sn83045433/1919-10-13,2,3,2,1
lccn/sn83045433/1919-10-19,1,0,0,0
lccn/sn83045433/1919-12-18,2,6,3,3
lccn/sn83045433/1919-07-11,2,4,0,4
lccn/sn84024437/1870-03-03,2,10,9,1
lccn/sn83045396/1910-06-02,2,12,9,3
lccn/sn84026753/1872-05-02,1,10,11,-1
lccn/sn84031492/1874-12-13,2,11,3,8
lccn/sn99021999/1914-01-01,2,6,0,6
lccn/sn82015104/1899-05-30,2,6,2,4
lccn/sn88053055/1895-10-15,2,9,8,1
lccn/sn85042459/1883-08-05,2,5,2,3
lccn/sn85042459/1883-09-07,2,9,4,5
lccn/sn85066387/1896-06-28,1,10,11,-1
lccn/sn84038335/1909-01-28,1,3,7,-4
lccn/sn86063624/1896-05-26,2,6,4,2
lccn/sn86063615/1899-01-11,2,13,9,4
lccn/sn83045366/1902-01-24,2,25,8,17
lccn/sn83045462/1912-09-25,2,5,2,3
lccn/sn83045433/1910-10-10,2,9,2,7
lccn/sn99021999/1898-08-10,1,2,12,-10
lccn/sn99021999/1899-08-30,2,12,11,1
lccn/sn99021999/1900-01-16,2,8,4,4
lccn/sn99021999/1898-06-07,2,9,6,3
lccn/sn99021999/1898-05-28,1,5,5,0
lccn/sn85066387/1909-05-12,2,3,2,1
lccn/sn84029671/1893-05-26,1,10,12,-2
lccn/sn85066387/1899-06-09,1,3,5,-2
lccn/sn85066387/1899-06-16,2,9,2,7
lccn/sn83045462/1922-06-18,1,0,0,0
lccn/sn83045462/1922-06-14,2,7,3,4
lccn/sn88064327/1900-09-01,2,15,6,9
lccn/sn85025007/1874-04-28,1,5,6,-1
lccn/sn86069873/1904-11-11,1,0,0,0
lccn/sn83045462/1921-07-29,1,6,13,-7
lccn/sn86069873/1902-09-09,2,14,1,13
lccn/sn83030214/1880-03-18,2,10,3,7
lccn/sn83045462/1921-10-30,2,9,0,9
lccn/sn83016943/1895-11-23,1,0,0,0
lccn/sn83016943/1897-07-03,2,12,1,11
lccn/sn83045462/1921-04-19,2,5,2,3
lccn/sn83045462/1921-06-01,2,2,0,2
lccn/sn83045462/1921-06-05,2,11,2,9
lccn/sn88076013/1894-06-16,1,4,14,-10
lccn/sn83045555/1904-09-17,2,9,4,5
lccn/sn83045555/1904-09-20,2,7,5,2
lccn/sn83045555/1907-02-19,1,1,3,-2
lccn/sn83032058/1878-11-07,1,8,15,-7
lccn/sn83045555/1908-05-29,2,8,3,5
lccn/sn83045555/1906-04-09,2,18,4,14
lccn/sn83045555/1907-01-31,1,8,10,-2
lccn/sn86053573/1885-06-27,2,5,3,2
lccn/sn83045211/1916-05-24,2,15,5,10
lccn/sn83045555/1902-10-11,2,10,3,7
lccn/sn83045462/1895-05-25,2,11,1,10
lccn/sn83032300/1880-04-09,1,3,5,-2
lccn/sn83032300/1880-06-18,1,2,7,-5
lccn/sn82005159/1869-07-23,2,8,4,4
lccn/sn82005159/1869-07-30,2,11,2,9
lccn/sn82005159/1869-08-12,2,6,1,5
lccn/sn82005159/1869-08-19,2,10,2,8
lccn/sn82005159/1869-08-26,2,10,5,5
lccn/sn83032300/1883-08-21,1,6,6,0
lccn/sn83032300/1883-11-13,1,2,7,-5
lccn/sn83032300/1888-06-26,1,2,2,0
lccn/sn83032300/1889-12-06,2,10,4,6
lccn/sn83032300/1890-06-28,2,7,6,1
lccn/sn86064205/1890-06-22,2,16,6,10
lccn/sn86064205/1890-06-25,2,14,4,10
lccn/sn88084272/1920-01-17,2,7,5,2
lccn/sn83045433/1913-02-02,2,7,1,6
lccn/sn83045433/1912-08-07,2,13,1,12
lccn/sn84024441/1896-07-10,2,19,8,11
lccn/sn85054468/1897-09-13,2,16,4,12
lccn/sn83045462/1922-10-19,2,9,0,9
lccn/sn83030214/1919-12-27,2,16,1,15
lccn/sn83030214/1919-12-28,2,8,1,7
lccn/sn83030214/1919-10-05,2,8,3,5
lccn/sn83045462/1922-12-16,1,9,15,-6
lccn/sn83045462/1922-10-25,2,14,2,12
lccn/sn83045462/1922-10-05,2,6,1,5
lccn/sn85054468/1897-09-02,2,8,5,3
lccn/sn82000205/1887-01-22,2,9,1,8
lccn/sn84026749/1906-12-05,2,16,5,11
lccn/sn84026409/1899-08-23,1,6,7,-1
lccn/sn83045462/1915-08-08,2,11,3,8
lccn/sn83045462/1915-08-16,2,13,1,12
lccn/sn83045462/1916-02-07,2,2,1,1
lccn/sn83045462/1915-12-12,2,7,1,6
lccn/sn83045462/1916-01-05,2,9,3,6
lccn/sn83045462/1915-12-25,2,13,4,9
lccn/sn83045462/1920-05-01,2,14,10,4
lccn/sn83045462/1920-09-19,1,3,17,-14
lccn/sn83045462/1916-11-19,1,6,6,0
lccn/sn83045462/1915-11-25,2,1,0,1
lccn/sn93066071/1898-10-27,2,9,4,5
lccn/sn86053634/1880-11-24,2,4,2,2
lccn/sn84026409/1891-11-18,2,19,8,11
lccn/sn84026409/1892-11-23,2,8,4,4
lccn/sn84026106/1877-05-31,1,0,0,0
lccn/sn86081889/1899-11-16,2,9,6,3
lccn/sn85025007/1890-06-25,1,11,17,-6
lccn/sn83030272/1908-09-19,2,10,9,1
lccn/sn90059523/1900-10-20,1,2,6,-4
lccn/sn84026749/1920-03-30,2,5,0,5
lccn/sn90059523/1900-09-19,2,11,2,9
lccn/sn89066818/1891-10-10,2,15,12,3
lccn/sn90059523/1903-06-21,2,11,0,11
lccn/sn86086284/1874-05-24,1,0,0,0
lccn/sn84024738/1855-09-14,2,14,4,10
lccn/sn84024738/1854-09-27,2,4,3,1
lccn/sn84024738/1854-09-29,2,12,7,5
lccn/sn84024738/1854-09-15,2,10,2,8
lccn/sn84024738/1854-08-18,2,4,2,2
lccn/sn84024738/1854-08-05,1,6,7,-1
lccn/sn84024738/1854-08-08,2,24,1,23
lccn/sn84024738/1854-09-05,1,1,1,0
lccn/sn84024738/1854-08-22,2,3,0,3
lccn/sn84024738/1854-08-25,2,14,6,8
lccn/sn84024738/1854-08-29,1,3,3,0
lccn/sn84024738/1854-09-13,2,14,1,13
lccn/sn84024738/1854-10-02,1,3,7,-4
lccn/sn97071110/1916-09-21,2,11,6,5
lccn/sn84024738/1853-01-07,2,8,2,6
lccn/sn83045396/1909-05-30,1,3,3,0
lccn/sn83045396/1907-04-10,1,3,3,0
lccn/sn83045396/1907-03-07,1,10,12,-2
lccn/sn83045396/1907-03-09,2,3,2,1
lccn/sn83045396/1911-11-24,2,7,1,6
lccn/sn83045396/1910-11-20,2,12,0,12
lccn/sn85058117/1885-09-02,2,12,5,7
lccn/sn83045462/1920-02-12,2,6,3,3
lccn/sn83045396/1910-03-01,2,27,15,12
lccn/sn83045396/1910-10-04,2,8,3,5
lccn/sn83045396/1910-08-26,1,4,6,-2
lccn/sn83045396/1910-09-07,1,6,7,-1
lccn/sn83045396/1910-05-31,2,12,3,9
lccn/sn83045396/1910-06-14,1,4,6,-2
lccn/sn83045396/1910-06-15,2,3,2,1
lccn/sn83045396/1910-06-16,1,0,0,0
lccn/sn83045396/1910-06-18,2,13,3,10
lccn/sn83045396/1912-10-31,1,5,15,-10
lccn/sn83045396/1911-07-29,2,6,3,3
lccn/sn83045396/1911-07-31,2,6,4,2
lccn/sn83045396/1911-08-01,2,5,2,3
lccn/sn83045396/1911-08-02,2,6,3,3
lccn/sn83045396/1911-08-03,2,9,7,2
lccn/sn83045396/1911-08-04,2,10,4,6
lccn/sn83045396/1914-03-03,2,10,4,6
lccn/sn83045396/1911-12-18,2,8,6,2
lccn/sn83030214/1903-01-30,2,12,8,4
lccn/sn83030214/1907-12-22,1,9,9,0
lccn/sn83030214/1903-03-10,1,1,2,-1
lccn/sn83030214/1903-03-19,1,2,3,-1
lccn/sn83045396/1912-04-13,2,9,6,3
lccn/sn83030214/1903-03-17,1,4,4,0
lccn/sn83045396/1912-04-09,1,5,6,-1
lccn/sn83045462/1919-11-05,2,8,2,6
lccn/sn83045462/1919-11-06,2,1,0,1
lccn/sn83045462/1919-11-15,2,16,5,11
lccn/sn94052989/1891-08-12,2,16,7,9
lccn/sn95047263/1912-08-01,1,7,7,0
lccn/sn82014086/1913-06-21,2,20,2,18
lccn/sn82014086/1913-05-31,2,14,7,7
lccn/sn82014381/1883-01-01,2,9,7,2
lccn/sn82014381/1890-08-05,2,1,0,1
lccn/sn82015104/1895-11-08,1,0,0,0
lccn/sn82015104/1895-11-09,1,0,0,0
lccn/sn82015104/1895-12-03,1,0,0,0
lccn/sn88053087/1901-01-15,2,5,1,4
lccn/sn84024718/1883-09-04,2,13,2,11
lccn/sn84024718/1883-07-10,1,8,10,-2
lccn/sn85042002/1855-07-19,2,9,1,8
lccn/sn82014593/1852-10-05,2,8,2,6
lccn/sn84024718/1873-07-29,2,8,4,4
lccn/sn84024718/1873-08-26,2,10,2,8
lccn/sn84024718/1873-08-05,1,3,3,0
lccn/sn84024718/1873-08-19,1,0,0,0
lccn/sn84024718/1873-08-12,2,10,5,5
lccn/sn84024718/1872-10-01,1,8,19,-11
lccn/sn84024718/1870-12-06,2,12,3,9
lccn/sn84024718/1868-09-22,2,10,3,7
lccn/sn84024718/1868-09-29,2,15,2,13
lccn/sn84024718/1868-10-06,2,11,5,6
lccn/sn84024718/1868-07-14,2,6,1,5
lccn/sn84024718/1868-10-13,2,5,2,3
lccn/sn84024718/1868-10-20,2,10,5,5
lccn/sn84024718/1869-08-24,2,6,3,3
lccn/sn85066387/1895-09-20,1,11,18,-7
lccn/sn85066387/1895-09-26,1,0,0,0
lccn/sn85066387/1895-09-27,2,6,2,4
lccn/sn92051487/1894-05-25,2,6,5,1
lccn/sn84020109/1860-02-16,2,13,2,11
lccn/sn85066387/1896-02-08,1,3,4,-1
lccn/sn85066387/1895-08-05,2,17,6,11
lccn/sn85066387/1895-06-05,2,15,5,10
lccn/sn84020109/1868-10-08,2,7,1,6
lccn/sn85066387/1895-08-28,1,3,7,-4
lccn/sn92051487/1895-11-08,2,8,7,1
lccn/sn83045774/1921-05-23,1,0,0,0
lccn/sn99021999/1903-02-06,2,6,4,2
lccn/sn84027691/1874-10-15,2,7,4,3
lccn/sn84026897/1858-11-17,2,19,2,17
lccn/sn84028794/1854-10-11,1,5,8,-3
lccn/sn93067760/1891-04-07,2,9,2,7
lccn/sn84028794/1859-01-26,2,11,7,4
lccn/sn86063760/1913-07-23,1,2,9,-7
lccn/sn93067777/1888-07-12,2,7,3,4
lccn/sn93067777/1884-09-18,1,1,5,-4
lccn/sn84026853/1874-01-21,1,0,0,0
lccn/2012218613/1891-04-08,1,7,9,-2
lccn/sn87076552/1917-12-28,1,0,0,0
lccn/sn82014635/1897-01-26,1,7,13,-6
lccn/sn82014635/1898-01-02,1,8,9,-1
lccn/sn94052364/1890-04-26,2,18,6,12
lccn/sn82014635/1896-04-09,2,7,4,3
lccn/sn95073194/1895-05-08,1,5,6,-1
lccn/sn95073194/1896-03-18,1,3,8,-5
lccn/sn95073194/1898-01-19,1,7,8,-1
lccn/sn99068076/1900-11-24,1,0,0,0
lccn/sn99068076/1886-12-10,1,6,8,-2
lccn/sn83016555/1872-05-26,2,16,3,13
lccn/sn85025007/1870-03-04,2,7,5,2
lccn/sn85025007/1871-01-26,1,4,6,-2
lccn/sn85025007/1870-09-03,1,5,6,-1
lccn/sn82015483/1886-04-22,2,17,1,16
lccn/sn82015483/1886-05-08,2,9,1,8
lccn/sn84031081/1921-07-08,2,10,8,2
lccn/sn83016555/1874-03-20,2,16,11,5
lccn/sn83016555/1874-02-10,1,0,0,0
lccn/sn84031081/1921-05-26,1,7,10,-3
lccn/sn83045232/1880-03-03,2,5,1,4
lccn/sn84031081/1920-08-22,2,18,4,14
lccn/sn83016555/1870-06-17,2,17,12,5
lccn/sn83025287/1883-06-12,2,12,9,3
lccn/sn83025287/1880-03-29,1,8,11,-3
lccn/sn86063624/1895-05-05,2,4,3,1
lccn/sn86063615/1898-07-07,1,0,0,0
lccn/sn86063615/1897-04-05,2,22,3,19
lccn/sn86063615/1897-05-01,1,6,17,-11
lccn/sn85042414/1919-02-24,2,21,4,17
lccn/sn86063615/1897-03-11,1,6,6,0
lccn/sn83025287/1882-03-12,1,8,16,-8
lccn/sn86063615/1897-09-12,2,9,2,7
lccn/sn84023127/1859-08-05,1,0,0,0
lccn/sn84022367/1872-03-28,2,7,4,3
lccn/sn84022367/1873-01-02,2,11,9,2
lccn/sn84022367/1873-03-27,1,13,15,-2
lccn/sn84022367/1865-03-23,2,6,3,3
lccn/sn84022367/1867-03-14,2,13,1,12
lccn/sn84023200/1852-04-01,2,12,8,4
lccn/sn85042345/1922-11-22,1,7,9,-2
lccn/sn86053634/1897-08-25,2,11,6,5
lccn/sn86053634/1899-06-28,2,13,2,11
lccn/sn84031492/1876-02-02,2,18,3,15
lccn/sn84026355/1895-05-31,2,11,3,8
lccn/sn84031492/1877-07-01,1,0,0,0
lccn/sn84031492/1877-09-06,2,9,4,5
lccn/sn85042345/1922-12-03,2,3,2,1
lccn/sn83032041/1878-11-29,2,2,1,1
lccn/sn83032041/1870-03-24,2,5,4,1
lccn/sn83030214/1908-01-18,2,6,5,1
lccn/sn83030214/1908-03-21,1,12,12,0
lccn/sn85034438/1900-12-22,1,8,10,-2
lccn/sn85034438/1900-11-11,1,0,0,0
lccn/sn85034438/1902-02-22,1,21,32,-11
lccn/sn85034438/1901-11-27,2,16,8,8
lccn/sn83045604/1895-11-14,1,2,4,-2
lccn/sn83045604/1896-05-12,1,0,1,-1
lccn/sn83045604/1896-05-18,2,9,5,4
lccn/sn83045604/1896-05-26,1,1,5,-4
lccn/sn83045604/1896-05-14,2,6,1,5
lccn/sn83045604/1896-07-23,2,4,1,3
lccn/sn99021999/1912-04-14,1,5,5,0
lccn/sn83045462/1908-01-18,2,7,0,7
lccn/sn83045462/1913-11-27,2,12,5,7
lccn/sn92053945/1887-06-09,2,10,9,1
lccn/sn83045462/1913-12-03,2,7,3,4
lccn/sn99021999/1917-05-18,2,6,0,6
lccn/sn99021999/1916-10-03,2,4,3,1
lccn/sn90059180/1914-05-08,2,12,6,6
lccn/sn99021999/1917-07-15,2,11,4,7
lccn/sn99021999/1917-07-22,2,10,3,7
lccn/sn86059181/1866-02-24,2,12,1,11
lccn/sn94052989/1892-09-15,2,18,7,11
lccn/sn99021999/1912-03-31,2,29,4,25
lccn/sn82015679/1895-07-07,2,9,5,4
lccn/sn83045462/1914-02-12,2,7,1,6
lccn/sn85066387/1905-11-18,2,8,1,7
lccn/sn84024738/1873-09-01,1,4,5,-1
lccn/sn84024738/1873-07-14,2,6,2,4
lccn/sn84024738/1870-04-27,1,0,0,0
lccn/sn84024738/1871-11-07,1,0,0,0
lccn/sn84024738/1869-07-21,2,2,0,2
lccn/sn84024738/1869-07-27,2,14,2,12
lccn/sn84024738/1869-09-15,1,2,22,-20
lccn/sn85038531/1919-06-05,2,7,2,5
lccn/sn84024738/1868-01-06,1,0,0,0
lccn/sn84024738/1868-01-06,1,0,0,0
lccn/sn84024738/1868-01-08,1,0,0,0
lccn/sn93051669/1894-09-08,2,8,3,5
lccn/sn93051669/1896-03-07,1,2,7,-5
lccn/sn93051669/1896-11-14,1,3,5,-2
lccn/sn82015679/1888-05-13,1,5,9,-4
lccn/sn84026749/1909-12-17,2,4,3,1
lccn/sn89081128/1899-04-26,1,0,2,-2
lccn/sn90059523/1899-01-31,2,15,5,10
lccn/sn90059523/1898-02-20,2,14,7,7
lccn/sn89067274/1903-10-01,2,9,5,4
lccn/sn89067274/1914-11-19,2,7,0,7
lccn/sn89067274/1915-01-07,2,8,7,1
lccn/sn89067274/1915-12-02,2,26,9,17
lccn/sn89067274/1917-05-03,2,10,5,5
lccn/sn89067274/1917-05-24,2,5,2,3
lccn/sn90059523/1898-04-20,2,11,8,3
lccn/sn90059523/1898-04-01,2,17,9,8
lccn/sn90059523/1898-04-17,2,3,2,1
lccn/sn90059523/1898-05-22,2,14,1,13
lccn/sn90059523/1897-12-24,2,14,7,7
lccn/sn82016419/1880-11-05,2,23,2,21
lccn/sn82016419/1880-11-12,2,14,1,13
lccn/sn82016419/1880-12-10,2,10,6,4
lccn/sn82016419/1880-10-29,2,20,10,10
lccn/sn82016419/1878-11-08,1,4,8,-4
lccn/sn82016419/1878-11-01,2,12,0,12
lccn/sn82016419/1878-11-15,1,11,11,0
lccn/sn87055779/1917-09-30,2,9,5,4
lccn/sn87055779/1917-10-07,2,13,7,6
lccn/sn87055779/1917-10-14,2,3,0,3
lccn/sn87055779/1917-11-11,2,6,1,5
lccn/sn82016419/1868-04-17,2,15,4,11
lccn/sn82016419/1869-03-26,2,7,3,4
lccn/sn82016419/1861-02-23,2,8,7,1
lccn/sn83045462/1879-12-10,2,7,4,3
lccn/sn87055779/1922-06-29,1,9,14,-5
lccn/sn99021999/1920-10-13,2,10,8,2
lccn/sn99021999/1920-10-14,1,9,11,-2
lccn/sn99021999/1920-10-15,1,5,6,-1
lccn/sn99021999/1920-10-16,2,18,2,16
lccn/sn83045462/1923-01-04,2,11,4,7
lccn/sn84027670/1880-04-08,1,6,6,0
lccn/sn82016419/1878-03-22,2,12,5,7
lccn/sn84027670/1884-01-17,1,6,6,0
lccn/sn99021999/1896-03-27,1,3,6,-3
lccn/sn99021999/1896-06-27,2,5,4,1
lccn/sn84027670/1884-03-06,2,6,3,3
lccn/sn99021999/1894-01-04,2,8,4,4
lccn/sn99021999/1897-02-14,2,10,7,3
lccn/sn84027670/1886-03-25,2,5,1,4
lccn/sn82014635/1894-01-11,1,7,8,-1
lccn/sn99021999/1899-02-08,1,4,7,-3
lccn/sn99021999/1889-11-29,2,13,2,11
lccn/sn99021999/1896-05-15,1,0,9,-9
lccn/sn99021999/1896-05-20,1,6,12,-6
lccn/sn84027670/1888-02-16,1,7,9,-2
lccn/sn99021999/1897-06-07,2,14,13,1
lccn/sn82014635/1891-07-01,1,1,5,-4
lccn/sn82014635/1891-07-03,1,1,3,-2
lccn/sn83016866/1852-08-28,2,28,12,16
lccn/sn85025007/1873-02-05,1,1,6,-5
lccn/sn93061701/1921-05-27,1,5,6,-1
lccn/sn87065532/1883-09-21,1,7,8,-1
lccn/sn84020048/1856-01-31,1,5,5,0
lccn/sn86090537/1881-06-18,2,18,0,18
lccn/sn85025007/1873-07-08,2,2,0,2
lccn/sn86089443/1886-09-30,1,0,0,0
lccn/sn87076843/1878-07-05,2,13,4,9
lccn/sn84022109/1885-07-01,1,8,9,-1
lccn/sn91068075/1889-10-26,2,8,1,7
lccn/sn91068076/1891-09-04,2,10,7,3
lccn/sn91068076/1891-09-07,1,3,5,-2
lccn/sn91068076/1891-09-08,2,3,1,2
lccn/sn86089443/1881-09-15,2,3,0,3
lccn/sn88085187/1911-06-02,2,13,3,10
lccn/sn88085187/1911-06-03,2,9,2,7
lccn/sn88084272/1913-03-07,2,7,1,6
lccn/sn85026193/1867-01-18,2,9,1,8
lccn/sn87070038/1849-04-13,2,3,1,2
lccn/sn85038229/1867-01-18,2,8,3,5
lccn/sn85026193/1863-02-11,2,12,1,11
lccn/sn88084272/1914-09-12,2,11,0,11
lccn/sn88084272/1913-10-02,2,7,3,4
lccn/sn86064205/1890-06-20,2,22,5,17
lccn/sn86064205/1890-06-21,2,16,5,11
lccn/sn86064205/1890-06-21,2,20,9,11
lccn/sn86071197/1896-02-03,2,8,5,3
lccn/sn86071197/1896-01-23,2,6,4,2
lccn/sn86071197/1897-04-05,1,5,5,0
lccn/sn86071197/1897-08-31,1,9,9,0
lccn/sn86071197/1901-09-28,1,11,14,-3
lccn/sn84024738/1874-01-02,2,10,5,5
lccn/sn84024738/1874-03-24,2,6,2,4
lccn/sn84024738/1875-05-26,1,0,0,0
lccn/sn84024738/1875-02-27,2,6,2,4
lccn/sn84024738/1874-09-05,1,4,7,-3
lccn/sn84024738/1874-09-21,1,4,5,-1
lccn/sn84024738/1875-08-23,2,2,1,1
lccn/sn84024738/1875-08-24,1,8,8,0
lccn/sn84024738/1853-06-08,1,0,0,0
lccn/sn84024738/1876-12-06,1,0,0,0
lccn/sn84024738/1878-05-01,2,23,3,20
lccn/sn84024738/1878-09-24,2,11,1,10
lccn/sn84024738/1876-11-13,2,5,2,3
lccn/sn84024738/1879-11-17,1,0,0,0
lccn/sn98060050/1902-05-23,2,8,5,3
lccn/sn98060050/1902-12-12,1,1,4,-3
lccn/sn86071719/1896-02-12,2,12,6,6
lccn/sn86092536/1918-05-14,2,4,1,3
lccn/sn86092536/1917-03-21,1,7,7,0
lccn/sn86092536/1917-06-25,1,3,5,-2
lccn/sn86092536/1916-11-16,1,0,0,0
lccn/sn86092536/1919-01-18,2,1,0,1
lccn/sn84026847/1873-11-29,1,2,3,-1
lccn/sn84026847/1871-01-21,2,7,6,1
lccn/sn87076917/1887-11-16,2,9,8,1
lccn/sn86071719/1893-03-01,2,4,0,4
lccn/sn85038161/1888-05-10,2,11,7,4
lccn/sn87076917/1887-05-16,1,0,0,0
lccn/sn87076917/1887-02-15,2,7,3,4
lccn/sn87076917/1888-08-24,1,0,0,0
lccn/sn87076917/1887-09-27,2,15,2,13
lccn/sn86071719/1902-05-21,1,1,1,0
lccn/sn84023246/1864-12-16,1,0,0,0
lccn/sn84022473/1874-08-14,2,18,17,1
lccn/sn86092536/1921-01-25,2,9,2,7
lccn/sn86092536/1921-05-24,2,2,1,1
lccn/sn84028271/1879-01-16,2,19,9,10
lccn/sn84028271/1880-08-12,1,1,4,-3
lccn/sn84028271/1880-08-19,1,0,0,0
lccn/sn84024207/1869-04-08,1,0,0,0
lccn/sn84024207/1869-12-02,1,1,1,0
lccn/sn88084272/1918-09-12,2,7,1,6
lccn/sn88084272/1918-09-14,2,12,2,10
lccn/sn88084272/1918-09-17,2,10,4,6
lccn/sn88084272/1918-09-18,2,9,1,8
lccn/sn88084272/1918-09-19,2,6,1,5
lccn/sn88084272/1918-10-05,2,6,4,2
lccn/sn83045396/1908-06-28,2,6,4,2
lccn/sn82016187/1893-03-30,1,7,7,0
lccn/sn84024441/1898-03-15,2,15,7,8
lccn/sn84024441/1898-03-24,2,23,3,20
lccn/sn84024441/1898-03-30,2,25,2,23
lccn/sn83025925/1869-05-12,2,6,3,3
lccn/sn83045396/1907-02-04,2,7,1,6
lccn/sn83045396/1907-02-02,2,14,0,14
lccn/sn83045396/1905-01-28,2,6,2,4
lccn/sn85042461/1898-10-20,2,11,3,8
lccn/sn85042461/1898-09-19,2,2,1,1
lccn/sn99021999/1905-06-11,1,2,6,-4
lccn/sn99021999/1910-06-12,2,7,4,3
lccn/sn84022770/1893-09-08,1,4,6,-2
lccn/sn84028490/1878-08-08,1,2,2,0
lccn/sn91066782/1914-09-21,2,19,11,8
lccn/sn91066782/1919-09-10,1,1,2,-1
lccn/sn87093407/1917-04-16,1,0,0,0
lccn/sn88085081/1896-01-17,2,13,6,7
lccn/sn88085101/1917-06-01,2,11,9,2
lccn/sn88085101/1917-08-24,1,5,8,-3
lccn/sn82016014/1922-09-27,2,5,2,3
lccn/sn84038114/1885-09-23,2,9,2,7
lccn/sn82016014/1920-05-27,2,24,8,16
lccn/sn82016014/1920-05-22,1,6,15,-9
lccn/sn85066387/1908-08-07,1,2,18,-16
lccn/sn99021999/1906-01-24,1,4,4,0
lccn/sn99021999/1906-01-28,1,1,2,-1
lccn/sn86071045/1899-06-08,2,11,6,5
lccn/sn86071045/1896-08-13,1,3,4,-1
lccn/sn86071045/1896-11-05,2,6,2,4
lccn/sn86071045/1892-10-14,2,13,5,8
lccn/sn86071045/1892-10-21,2,19,4,15
lccn/sn86071045/1905-06-08,1,0,7,-7
lccn/sn86071045/1903-05-28,2,9,4,5
lccn/sn86071045/1903-06-11,2,6,3,3
lccn/sn86071045/1890-12-26,1,3,12,-9
lccn/sn83030214/1904-01-08,2,10,7,3
lccn/sn83030214/1904-03-12,1,0,0,0
lccn/sn83030214/1899-11-26,1,0,0,0
lccn/sn83045433/1910-08-28,2,17,14,3
lccn/sn84026925/1887-11-30,2,11,2,9
lccn/sn84026925/1888-06-06,2,9,6,3
lccn/sn84026925/1883-05-17,1,0,0,0
lccn/sn84026925/1877-07-26,2,14,5,9
lccn/sn84026925/1877-08-02,1,0,0,0
lccn/sn84026925/1877-08-09,2,9,2,7
lccn/sn84026925/1877-08-16,1,0,0,0
lccn/sn84026925/1877-08-23,2,11,9,2
lccn/sn84026925/1877-08-30,1,0,0,0
lccn/sn84026925/1867-07-04,1,6,11,-5
lccn/sn84026925/1915-02-26,1,3,3,0
lccn/sn85038119/1885-11-19,2,6,0,6
lccn/sn84026925/1897-05-05,1,0,0,0
lccn/sn84026925/1912-10-29,1,2,7,-5
lccn/sn84026925/1913-06-13,1,6,16,-10
lccn/sn84022871/1889-11-04,2,11,4,7
lccn/sn85059716/1853-04-20,2,11,5,6
lccn/sn85059716/1853-05-04,1,0,0,0
lccn/sn88077244/1865-11-28,2,8,5,3
lccn/sn82014116/1849-01-24,1,4,5,-1
lccn/sn86091341/1878-06-30,1,0,0,0
lccn/sn83045232/1884-03-09,2,15,8,7
lccn/sn90059522/1885-10-03,2,22,3,19
lccn/sn90059523/1896-05-30,2,14,4,10
lccn/sn83045366/1901-05-22,2,15,8,7
lccn/sn83045366/1901-06-08,2,6,2,4
lccn/sn90059522/1884-06-04,1,0,0,0
lccn/sn83045462/1902-12-06,2,10,5,5
lccn/sn83045462/1903-01-22,1,8,19,-11
lccn/sn88068010/1887-08-25,2,11,5,6
lccn/sn83045462/1904-09-12,2,9,3,6
lccn/sn83045462/1905-01-28,2,3,1,2
lccn/sn83045462/1905-03-31,2,4,2,2
lccn/sn90059522/1887-07-12,2,15,11,4
lccn/sn83045366/1901-08-10,2,27,13,14
lccn/sn83045366/1901-11-30,2,17,1,16
lccn/sn83045462/1903-04-23,2,6,3,3
lccn/sn83045462/1903-02-26,2,6,1,5
lccn/sn83045462/1903-03-26,2,13,5,8
lccn/sn90059522/1885-05-09,1,5,8,-3
lccn/sn83045389/1917-09-05,1,6,6,0
lccn/sn83045389/1917-09-12,1,7,8,-1
lccn/sn83045389/1917-08-29,2,11,2,9
lccn/sn83045389/1917-09-30,1,7,9,-2
lccn/sn83045389/1917-08-30,2,14,2,12
lccn/sn83045389/1916-09-24,2,8,3,5
lccn/sn83045389/1916-09-11,2,7,5,2
lccn/sn83032231/1890-09-20,1,4,10,-6
lccn/sn83045462/1898-03-30,1,4,5,-1
lccn/sn83045462/1898-04-05,2,17,10,7
lccn/sn83045462/1898-03-12,2,2,1,1
lccn/sn83045462/1898-03-17,2,14,6,8
lccn/sn83045462/1898-03-19,1,4,10,-6
lccn/sn83045462/1897-11-25,1,6,10,-4
lccn/sn84026749/1915-09-29,2,17,5,12
lccn/sn84026749/1917-01-01,1,0,0,0
lccn/sn85058130/1892-06-11,2,12,7,5
lccn/sn84026749/1917-01-31,1,4,5,-1
lccn/sn84026749/1917-01-11,2,13,5,8
lccn/sn82014424/1883-02-14,1,2,7,-5
lccn/sn83025925/1866-03-08,2,6,3,3
lccn/sn84024441/1900-02-27,2,11,9,2
lccn/sn83032011/1885-07-31,2,12,9,3
lccn/sn83032231/1877-01-06,2,13,1,12
lccn/sn83032231/1887-04-23,2,13,3,10
lccn/sn83045462/1898-10-21,2,16,3,13
lccn/sn83045462/1898-07-12,2,12,4,8
lccn/sn83045462/1898-08-12,2,13,6,7
lccn/sn83045462/1896-06-05,1,4,6,-2
lccn/sn83045462/1896-06-09,2,16,0,16
lccn/sn83045462/1897-12-16,1,3,5,-2
lccn/sn83045462/1897-10-12,1,2,3,-1
lccn/sn83030214/1921-10-02,2,3,2,1
lccn/sn85058140/1910-02-06,1,6,6,0
lccn/sn83045555/1909-12-28,2,15,10,5
lccn/sn85058140/1910-06-14,2,8,4,4
lccn/sn85058140/1910-06-18,1,2,2,0
lccn/sn84026355/1901-04-25,2,10,8,2
lccn/sn85058130/1903-12-06,1,2,2,0
lccn/sn83045462/1918-02-10,1,0,10,-10
lccn/sn83045462/1918-05-31,2,21,2,19
lccn/sn84026355/1900-10-20,2,6,3,3
lccn/sn85038615/1905-03-02,2,23,7,16
lccn/sn85034438/1902-09-02,2,10,2,8
lccn/sn95067647/1910-02-17,2,6,2,4
lccn/sn83030193/1895-05-24,2,8,7,1
lccn/sn85038615/1905-04-28,2,8,2,6
lccn/sn85038615/1905-05-27,2,61,18,43
lccn/sn85038615/1911-08-17,2,7,6,1
lccn/sn85038615/1911-07-20,2,5,3,2
lccn/sn85038615/1911-07-22,2,9,0,9
lccn/sn85033306/1873-06-27,2,9,2,7
lccn/sn85033306/1873-07-11,2,17,3,14
lccn/sn85033306/1873-07-18,2,6,4,2
lccn/sn85033306/1880-07-01,1,4,5,-1
lccn/sn85033306/1880-07-08,2,7,4,3
lccn/sn85033306/1880-07-15,2,4,3,1
lccn/sn85033306/1880-07-29,1,5,6,-1
lccn/sn85033306/1880-08-05,1,2,5,-3
lccn/sn85033306/1877-09-13,2,10,6,4
lccn/sn85033306/1880-09-16,2,4,2,2
lccn/sn85033306/1880-10-28,1,0,0,0
lccn/sn83045366/1903-05-22,2,17,1,16
lccn/sn83045366/1903-06-06,2,5,4,1
lccn/sn84026749/1903-07-05,2,10,5,5
lccn/sn83045462/1904-05-12,2,11,5,6
lccn/sn84020274/1905-09-14,2,24,4,20
lccn/sn84020274/1905-08-24,2,9,5,4
lccn/sn83045462/1911-04-02,2,7,6,1
lccn/sn83045462/1910-10-31,2,6,2,4
lccn/sn83045462/1910-09-18,1,4,17,-13
lccn/sn86063615/1898-12-18,1,7,9,-2
lccn/sn88076741/1885-05-08,2,20,5,15
lccn/sn88076741/1890-08-22,2,7,2,5
lccn/sn88076741/1890-08-29,2,6,1,5
lccn/sn88076741/1894-11-09,2,6,4,2
lccn/sn83045366/1902-06-10,2,5,2,3
lccn/sn83045366/1902-05-31,1,3,8,-5
lccn/sn83045462/1912-02-07,2,4,0,4
lccn/sn85038615/1910-11-25,2,11,1,10
lccn/sn85038615/1910-11-27,2,6,1,5
lccn/sn85038615/1910-11-28,2,12,1,11
lccn/sn85038615/1910-11-08,2,13,0,13
lccn/sn85038615/1910-11-18,2,7,2,5
lccn/sn88065731/1918-04-13,1,4,10,-6
lccn/sn89060124/1895-08-23,2,11,2,9
lccn/sn88061082/1880-05-29,1,8,9,-1
lccn/sn88061082/1885-06-06,2,22,14,8
lccn/sn88061082/1885-06-13,2,8,4,4
lccn/sn83045462/1925-09-29,1,4,6,-2
lccn/sn83045462/1925-09-17,2,19,4,15
lccn/sn83045462/1925-11-16,2,11,2,9
lccn/sn83030272/1911-07-21,2,5,3,2
lccn/sn83030272/1911-02-25,1,1,7,-6
lccn/sn86069161/1891-04-22,2,11,10,1
lccn/sn95079154/1903-03-19,1,0,2,-2
lccn/sn83030272/1911-05-27,1,0,0,0
lccn/sn84026925/1919-06-24,1,5,10,-5
lccn/sn85038119/1889-07-11,1,2,11,-9
lccn/sn85038119/1897-05-06,1,0,0,0
lccn/sn84026853/1877-02-28,2,10,4,6
lccn/sn84026853/1895-09-11,2,13,1,12
lccn/sn84026853/1896-02-12,2,2,1,1
lccn/sn84026853/1896-02-12,2,4,2,2
lccn/sn84026853/1896-03-04,1,3,11,-8
lccn/sn84026853/1896-03-04,1,4,5,-1
lccn/sn84026853/1887-07-20,2,20,1,19
lccn/sn84026853/1905-03-22,2,7,4,3
lccn/sn84026907/1899-10-04,2,31,11,20
lccn/sn99021999/1907-02-10,2,16,7,9
lccn/sn99021999/1906-04-22,1,3,9,-6
lccn/sn82016014/1918-05-21,2,8,1,7
lccn/sn84026820/1897-07-17,1,3,3,0
lccn/sn82016014/1917-04-17,2,30,0,30
lccn/sn83045774/1920-10-03,1,2,5,-3
lccn/sn99021999/1906-11-23,2,14,3,11
lccn/sn99021999/1906-06-10,1,0,4,-4
lccn/sn99021999/1906-05-14,1,5,7,-2
lccn/sn82016014/1919-06-04,2,5,2,3
lccn/sn82016014/1919-05-10,2,3,2,1
lccn/sn82016014/1919-06-05,2,9,0,9
lccn/sn99021999/1906-08-27,2,9,2,7
lccn/sn88064616/1876-05-17,1,1,6,-5
lccn/sn85038615/1913-06-08,2,6,0,6
lccn/sn85038615/1913-06-06,2,11,1,10
lccn/sn84026536/1856-09-26,2,34,7,27
lccn/sn84026536/1856-09-19,2,9,5,4
lccn/sn84020712/1861-01-15,2,10,5,5
lccn/sn83030272/1866-02-08,1,4,6,-2
lccn/sn83025308/1889-01-05,1,0,0,0
lccn/sn85033437/1872-11-09,2,14,3,11
lccn/sn85033437/1872-06-08,1,8,10,-2
lccn/sn84026536/1868-10-16,2,13,5,8
lccn/sn84026536/1869-04-09,1,3,5,-2
lccn/sn85038615/1907-03-20,1,3,3,0
lccn/sn88061082/1878-06-22,2,11,2,9
lccn/sn85038615/1906-02-12,1,0,0,0
lccn/sn85038615/1904-11-13,1,0,0,0
lccn/sn83045462/1928-01-14,2,10,9,1
lccn/sn83045462/1928-03-11,2,1,0,1
lccn/sn83045462/1928-03-22,2,18,8,10
lccn/sn83045462/1928-03-18,1,3,6,-3
lccn/sn83045462/1928-04-29,1,3,5,-2
lccn/sn83045462/1928-05-10,2,7,5,2
lccn/sn83045462/1927-11-20,2,8,4,4
lccn/sn83045462/1927-10-05,1,6,9,-3
lccn/sn84026688/1902-06-26,1,6,6,0
lccn/sn83045462/1928-05-23,1,0,0,0
lccn/sn86086768/1849-01-19,2,14,5,9
lccn/sn85033189/1856-09-02,2,18,1,17
lccn/sn86086769/1868-12-16,1,5,6,-1
lccn/sn85033139/1909-07-15,1,6,6,0
lccn/sn85033078/1907-11-21,2,9,6,3
lccn/sn84031081/1911-01-07,2,8,3,5
lccn/sn88064491/1908-11-28,2,6,2,4
lccn/sn83045389/1918-08-23,1,0,0,0
lccn/sn83045389/1918-08-11,2,19,2,17
lccn/sn83045389/1918-09-09,2,12,2,10
lccn/sn83045389/1918-09-17,2,13,0,13
lccn/sn85038614/1903-01-15,1,2,8,-6
lccn/sn84031081/1913-08-29,1,0,0,0
lccn/sn83045389/1918-08-26,2,6,3,3
lccn/sn85038614/1902-09-07,2,9,4,5
lccn/sn85038614/1902-09-10,2,12,3,9
lccn/sn85038614/1902-09-18,1,2,11,-9
lccn/sn83016926/1879-09-24,2,4,0,4
lccn/sn83016926/1879-10-15,2,14,5,9
lccn/sn83016926/1879-10-22,1,5,10,-5
lccn/sn83016926/1879-11-05,1,9,15,-6
lccn/sn83016926/1879-11-12,2,7,2,5
lccn/sn83016926/1879-12-03,2,6,1,5
lccn/sn83016926/1879-12-24,1,0,0,0
lccn/sn83016926/1875-07-07,2,9,1,8
lccn/sn83016926/1875-07-21,2,25,1,24
lccn/sn83016926/1875-07-28,2,20,8,12
lccn/sn83016926/1875-08-04,2,5,2,3
lccn/sn83016926/1875-08-18,2,27,3,24
lccn/sn83016926/1875-08-25,2,4,2,2
lccn/sn83016926/1875-09-01,2,5,3,2
lccn/sn83016926/1875-10-27,2,8,1,7
lccn/sn83030214/1901-02-13,2,13,2,11
lccn/sn83030214/1901-04-13,1,3,8,-5
lccn/sn83030214/1901-08-30,2,6,3,3
lccn/sn90059522/1889-08-23,1,1,10,-9
lccn/sn90059522/1889-08-25,1,0,0,0
lccn/sn90059522/1890-05-28,2,6,5,1
lccn/sn90059522/1890-04-19,2,10,4,6
lccn/sn90059522/1891-03-20,1,1,5,-4
lccn/sn90059522/1889-07-03,2,10,6,4
lccn/sn90059522/1888-01-01,1,5,5,0
lccn/sn90059523/1899-03-11,1,4,4,0
lccn/sn90059523/1898-09-05,1,0,0,0
lccn/sn90059523/1898-09-12,1,6,10,-4
lccn/sn90059523/1898-11-02,2,10,6,4
lccn/sn90059523/1898-06-09,2,6,4,2
lccn/sn90059523/1899-04-27,1,0,2,-2
lccn/sn90059523/1898-04-24,1,2,4,-2
lccn/sn90059522/1889-01-19,1,8,8,0
lccn/sn90059522/1884-11-07,2,9,2,7
lccn/sn86071197/1902-01-12,2,21,2,19
lccn/sn88084272/1919-09-01,1,6,7,-1
lccn/sn88084272/1918-04-12,2,20,3,17
lccn/sn86071197/1902-12-07,2,16,2,14
lccn/sn86071197/1902-07-11,2,14,4,10
lccn/sn86071197/1902-08-17,2,11,2,9
lccn/sn86071197/1898-10-23,2,9,4,5
lccn/sn86071197/1894-03-04,2,7,4,3
lccn/sn86071197/1898-05-08,2,7,2,5
lccn/sn86071197/1898-06-06,2,12,5,7
lccn/sn87093407/1916-07-21,2,13,3,10
lccn/sn86071158/1893-01-07,2,8,2,6
lccn/sn86071158/1893-01-09,1,3,4,-1
lccn/sn86088296/1884-07-10,2,17,6,11
lccn/sn85038615/1909-12-04,2,11,1,10
lccn/sn85038615/1909-12-05,2,7,1,6
lccn/sn85038615/1909-12-03,1,1,1,0
lccn/sn85038615/1909-07-24,1,0,0,0
lccn/sn85038615/1909-10-30,2,11,2,9
lccn/sn85038615/1909-06-10,1,3,4,-1
lccn/sn85038615/1909-07-23,1,0,0,0
lccn/sn85038615/1909-09-19,2,12,2,10
lccn/sn84024441/1898-09-03,2,23,12,11
lccn/sn83045433/1911-01-05,2,9,6,3
lccn/sn84024441/1896-08-03,2,8,4,4
lccn/sn83030193/1894-07-19,2,14,6,8
lccn/sn83030272/1908-11-12,1,8,12,-4
lccn/sn98069867/1919-02-04,2,9,5,4
lccn/sn84031492/1878-08-25,2,12,3,9
lccn/sn84031492/1878-09-01,2,17,14,3
lccn/sn84024779/1887-02-17,2,15,12,3
lccn/sn84024779/1888-07-05,2,24,9,15
lccn/sn83030214/1913-02-24,2,6,3,3
lccn/sn83045160/1874-03-04,1,9,10,-1
lccn/sn83045160/1874-03-10,2,8,2,6
lccn/sn85033139/1877-07-26,2,13,3,10
lccn/sn83045160/1876-01-29,2,14,1,13
lccn/sn83045160/1876-02-08,2,8,2,6
lccn/sn83045604/1899-11-10,2,4,2,2
lccn/sn83045604/1899-05-28,2,8,0,8
lccn/sn85033139/1897-11-25,2,15,9,6
lccn/sn86072143/1910-09-15,1,4,5,-1
lccn/sn84023200/1852-05-06,1,0,0,0
lccn/sn86072143/1911-12-21,1,6,8,-2
lccn/sn86072143/1911-12-28,2,8,2,6
lccn/sn86072143/1912-01-11,2,5,4,1
lccn/sn86072143/1912-02-08,1,2,5,-3
lccn/sn86072143/1912-02-22,2,12,4,8
lccn/sn86072143/1910-12-01,1,3,14,-11
lccn/sn86072143/1911-03-16,1,3,10,-7
lccn/sn86072143/1912-06-20,2,5,2,3
lccn/sn86072143/1912-07-04,2,16,4,12
lccn/sn86072143/1909-06-03,2,7,3,4
lccn/sn86072143/1909-06-10,1,5,8,-3
lccn/sn86072143/1909-06-24,2,4,3,1
lccn/sn86072143/1906-02-08,1,7,9,-2
lccn/sn86072143/1906-10-11,1,0,14,-14
lccn/sn98060050/1895-04-19,2,3,2,1
lccn/sn98060050/1895-05-17,1,5,5,0
lccn/sn98060050/1892-12-30,1,0,5,-5
lccn/sn98060050/1893-05-26,1,8,9,-1
lccn/sn98060050/1894-03-16,2,9,5,4
lccn/sn98060050/1900-04-20,1,5,5,0
lccn/sn98060050/1907-06-14,2,3,2,1
lccn/sn98060050/1900-07-06,2,10,6,4
lccn/sn98060050/1899-06-09,1,3,6,-3
lccn/sn98060050/1897-10-01,1,7,9,-2
lccn/sn98060050/1895-08-30,2,10,6,4
lccn/sn98060050/1900-06-15,2,10,4,6
lccn/sn98060050/1905-06-02,2,15,11,4
lccn/sn98060050/1910-10-07,1,3,3,0
lccn/sn86072143/1885-09-11,2,12,10,2
lccn/sn86072143/1887-01-14,1,2,4,-2
lccn/sn83045462/1881-09-06,2,8,1,7
lccn/sn85058130/1900-12-30,2,8,2,6
lccn/sn83045211/1918-05-30,2,11,6,5
lccn/sn83045462/1917-09-08,2,6,1,5
lccn/sn83045462/1914-09-28,1,11,11,0
lccn/sn83045462/1920-10-11,2,16,2,14
lccn/sn85058130/1901-08-11,1,6,8,-2
lccn/sn83045462/1921-01-23,1,3,7,-4
lccn/sn83025287/1881-04-01,1,3,5,-2
lccn/sn90059522/1884-08-20,1,7,17,-10
lccn/sn83025287/1881-07-02,2,8,6,2
lccn/sn84020274/1900-08-11,2,11,4,7
lccn/sn84020274/1900-08-12,2,9,4,5
lccn/sn84020274/1900-08-13,2,10,1,9
lccn/sn84020274/1900-08-24,2,6,2,4
lccn/sn84020274/1900-12-22,2,4,2,2
lccn/sn84020274/1901-02-21,1,10,14,-4
lccn/sn83025287/1882-11-26,2,22,13,9
lccn/sn83030214/1903-12-25,2,7,4,3
lccn/sn83045366/1906-01-18,2,8,0,8
lccn/sn90059522/1887-10-08,1,3,12,-9
lccn/sn90059522/1887-10-18,2,9,1,8
lccn/sn85058130/1907-01-20,2,12,3,9
lccn/sn85058130/1907-06-02,1,3,4,-1
lccn/sn85058130/1899-03-01,2,14,1,13
lccn/sn85058130/1899-11-30,2,8,4,4
lccn/sn85058130/1898-10-23,2,27,20,7
lccn/sn85058130/1899-05-12,1,12,17,-5
lccn/sn85058130/1899-05-26,1,8,8,0
lccn/sn84026749/1913-12-01,2,10,1,9
lccn/sn84026749/1916-05-25,2,7,6,1
lccn/sn83045450/1857-10-07,2,7,1,6
lccn/sn83045450/1858-01-16,1,4,4,0
lccn/sn84023209/1873-12-03,2,15,4,11
lccn/sn84026844/1866-07-07,1,0,0,0
lccn/sn84026844/1875-08-03,2,12,0,12
lccn/sn84026844/1873-05-30,2,10,1,9
lccn/sn84026749/1905-12-21,2,8,0,8
lccn/sn83030214/1908-07-04,2,6,3,3
lccn/sn84026749/1906-06-24,1,5,13,-8
lccn/sn83030214/1920-01-12,1,9,19,-10
lccn/sn83030214/1919-06-23,2,10,3,7
lccn/sn83030214/1919-01-02,1,5,6,-1
lccn/sn87062244/1894-10-24,1,0,0,0
lccn/sn83045433/1915-12-26,2,9,3,6
lccn/sn85058130/1909-03-14,2,8,3,5
lccn/sn83045555/1902-05-28,2,4,2,2
lccn/sn84024546/1892-07-07,2,6,5,1
lccn/sn83030214/1903-08-20,2,9,6,3
lccn/sn83030214/1904-08-01,2,8,1,7
lccn/sn83045211/1917-06-09,2,3,0,3
lccn/sn83045211/1916-02-12,2,8,1,7
lccn/sn83030214/1909-02-20,2,7,0,7
lccn/sn83030214/1909-02-24,2,5,3,2
lccn/sn94052989/1892-04-07,1,9,9,0
lccn/sn94052989/1892-03-14,2,8,4,4
lccn/sn94052989/1892-03-20,1,0,0,0
lccn/sn82015679/1894-12-23,2,5,3,2
lccn/sn82015679/1894-12-23,2,7,6,1
lccn/sn82015679/1894-12-24,2,4,3,1
lccn/sn82015679/1895-12-28,2,12,3,9
lccn/sn82015679/1896-01-26,1,11,12,-1
lccn/sn82015679/1895-06-02,1,12,16,-4
lccn/sn82015679/1895-06-13,1,5,5,0
lccn/sn82015679/1894-10-10,1,3,5,-2
lccn/sn82015679/1895-12-15,1,0,0,0
lccn/sn82015679/1894-01-14,1,7,9,-2
lccn/sn82015679/1897-03-12,1,5,10,-5
lccn/sn82015679/1896-10-18,2,12,3,9
lccn/sn82015679/1895-12-22,2,13,7,6
lccn/sn82015679/1896-08-08,1,5,14,-9
lccn/sn82015679/1896-09-04,2,53,4,49
lccn/sn82015679/1896-09-13,2,16,2,14
lccn/sn82015679/1895-09-15,2,10,5,5
lccn/sn83045462/1914-02-03,2,9,2,7
lccn/sn89064525/1889-08-02,2,11,2,9
lccn/sn92053943/1882-06-02,1,10,10,0
lccn/sn83045462/1912-09-15,2,7,2,5
lccn/sn82016014/1899-06-03,1,0,0,0
lccn/sn83045462/1909-06-21,2,12,1,11
lccn/sn83045462/1909-06-23,2,4,2,2
lccn/sn83045462/1909-06-10,2,6,1,5
lccn/sn83045462/1914-02-13,2,8,6,2
lccn/sn84024546/1890-06-14,2,6,3,3
lccn/sn84024546/1890-03-09,1,7,13,-6
lccn/sn84024546/1889-06-10,2,20,4,16
lccn/sn84024546/1889-03-06,1,8,8,0
lccn/sn83045462/1895-03-02,2,16,12,4
lccn/sn84024546/1890-09-12,2,12,5,7
lccn/sn84024546/1890-09-20,1,0,0,0
lccn/sn84024546/1890-09-03,2,15,2,13
lccn/sn83045462/1896-07-09,1,0,0,0
lccn/sn83045462/1896-04-13,2,8,4,4
lccn/sn83045462/1896-06-15,2,10,1,9
lccn/sn83045462/1896-09-17,2,2,1,1
lccn/sn83045462/1895-07-24,2,12,4,8
lccn/sn83045462/1896-01-06,2,8,5,3
lccn/sn85058140/1909-10-24,1,3,5,-2
lccn/sn85058140/1910-10-02,1,9,12,-3
lccn/sn83045462/1896-11-07,2,12,2,10
lccn/sn83045462/1897-02-10,1,3,3,0
lccn/sn83045462/1897-02-23,2,17,8,9
lccn/sn83045604/1891-02-23,1,1,8,-7
lccn/sn83045604/1890-07-27,2,11,9,2
lccn/sn83045604/1891-11-01,2,14,5,9
lccn/sn83045604/1899-08-06,1,0,0,0
lccn/sn84020274/1903-01-31,1,7,7,0
lccn/sn84020274/1901-06-13,2,20,8,12
lccn/sn84020274/1901-04-17,2,4,2,2
lccn/sn83025287/1880-04-16,2,10,2,8
lccn/sn83025287/1881-03-21,1,5,9,-4
lccn/sn83025287/1881-10-23,1,4,7,-3
lccn/sn83025287/1882-08-20,2,8,6,2
lccn/sn83025287/1882-09-19,1,3,6,-3
lccn/sn83025287/1881-02-01,2,3,1,2
lccn/sn83025287/1881-02-16,2,14,2,12
lccn/sn84031492/1880-08-22,2,14,6,8
lccn/sn83045366/1905-01-13,2,6,4,2
lccn/sn83045366/1905-06-10,2,8,1,7
lccn/sn83045366/1905-02-09,2,11,5,6
lccn/sn83045366/1902-09-15,2,8,3,5
lccn/sn85042414/1921-10-25,2,13,5,8
lccn/sn83045366/1902-11-10,2,18,12,6
lccn/sn85058130/1905-10-05,1,0,0,0
lccn/sn83045555/1905-04-21,1,9,13,-4
lccn/sn83045555/1905-08-05,1,1,8,-7
lccn/sn83045555/1905-09-16,2,14,5,9
lccn/sn84026847/1872-04-10,2,12,4,8
lccn/sn84026847/1871-01-18,2,7,3,4
lccn/sn84026847/1870-09-17,2,13,6,7
lccn/sn84026847/1870-11-03,2,13,8,5
lccn/sn84026847/1870-11-04,2,22,6,16
lccn/sn84026847/1870-11-21,2,12,6,6
lccn/sn84026847/1870-11-30,1,0,0,0
lccn/sn84026824/1883-05-19,1,7,7,0
lccn/sn84026824/1888-03-23,2,11,10,1
lccn/sn84026824/1880-03-06,2,6,3,3
lccn/sn84026824/1886-07-30,2,55,24,31
lccn/sn83032300/1881-06-17,2,11,6,5
lccn/sn83030214/1902-05-07,2,7,6,1
lccn/sn83030214/1900-08-14,2,13,8,5
lccn/sn83030214/1900-05-20,1,3,4,-1
lccn/sn83032300/1883-07-06,2,6,3,3
lccn/sn83030214/1903-07-05,2,11,8,3
lccn/sn85058130/1897-10-16,2,11,7,4
lccn/sn85058130/1897-11-06,2,12,10,2
lccn/sn85058130/1897-08-25,2,12,2,10
lccn/sn85058130/1898-03-08,2,18,4,14
lccn/sn85058130/1898-03-11,1,0,0,0
lccn/sn85058130/1898-08-04,1,8,9,-1
lccn/sn85058130/1898-05-24,2,7,5,2
lccn/sn85058130/1898-02-27,2,6,1,5
lccn/sn83045555/1906-10-31,1,4,6,-2
lccn/sn85058130/1896-09-05,2,32,9,23
lccn/sn84026749/1908-04-13,1,3,4,-1
lccn/sn92053945/1890-02-26,2,15,2,13
lccn/sn92053945/1890-03-01,2,9,7,2
lccn/sn83025287/1879-10-12,2,8,6,2
lccn/sn83025287/1879-11-30,1,3,3,0
lccn/sn84026749/1908-12-18,2,3,2,1
lccn/sn83045433/1914-01-18,2,18,17,1
lccn/sn83045433/1915-10-04,2,16,11,5
lccn/sn83045462/1922-05-13,1,0,0,0
lccn/sn83045462/1922-05-20,2,7,2,5
lccn/sn83045462/1922-04-30,2,23,8,15
lccn/sn83045462/1921-12-09,2,6,3,3
lccn/sn83045462/1919-10-09,1,2,2,0
lccn/sn84022770/1863-05-02,2,3,2,1
lccn/sn85026034/1878-04-12,1,3,15,-12
lccn/sn91066782/1917-04-28,1,6,11,-5
lccn/sn91066782/1908-06-12,1,5,11,-6
lccn/sn85026034/1873-05-23,2,5,2,3
lccn/sn84028490/1887-04-14,2,4,3,1
lccn/sn91066782/1906-11-09,1,0,3,-3
lccn/sn84026847/1875-01-22,1,1,3,-2
lccn/sn84026847/1874-11-20,1,4,4,0
lccn/sn85026241/1881-11-03,1,5,6,-1
lccn/sn85026241/1874-10-22,2,12,4,8
lccn/sn86092535/1858-08-26,2,21,4,17
lccn/sn86092535/1858-08-25,1,9,14,-5
lccn/sn85026241/1865-02-02,2,11,3,8
lccn/sn85026241/1886-03-11,2,15,3,12
lccn/sn85026241/1886-12-30,1,3,3,0
lccn/sn85026241/1887-03-17,2,3,2,1
lccn/sn85026241/1887-04-21,1,2,4,-2
lccn/sn85026241/1887-05-19,1,2,6,-4
lccn/sn85026241/1887-06-16,2,9,5,4
lccn/sn85026241/1887-06-23,2,7,3,4
lccn/sn85026241/1887-09-01,2,5,3,2
lccn/sn85026241/1887-10-13,2,6,3,3
lccn/sn85026241/1887-11-17,1,5,7,-2
lccn/sn85026241/1892-02-25,1,0,0,0
lccn/sn85026241/1888-05-24,2,2,1,1
lccn/sn85026241/1888-06-07,2,2,1,1
lccn/sn85026241/1888-07-26,2,2,0,2
lccn/sn85026241/1888-08-02,2,2,0,2
lccn/sn85026241/1888-08-23,2,1,0,1
lccn/sn88085947/1910-04-19,2,8,0,8
lccn/sn82003410/1855-10-03,2,8,5,3
lccn/sn86053573/1883-02-08,2,12,5,7
lccn/sn83045433/1917-06-11,1,4,4,0
lccn/sn84026749/1922-04-27,2,6,5,1
lccn/sn83045462/1900-03-02,2,1,0,1
lccn/sn83045462/1901-04-10,1,11,13,-2
lccn/sn83045462/1901-12-26,1,7,8,-1
lccn/sn83045462/1902-08-29,2,21,12,9
lccn/sn83045462/1901-10-04,2,10,7,3
lccn/sn83030214/1903-05-05,1,6,12,-6
lccn/sn83045462/1901-11-12,2,7,2,5
lccn/sn87055779/1922-12-30,1,8,10,-2
lccn/sn87055779/1922-05-28,1,0,0,0
lccn/sn83045462/1900-10-31,2,10,2,8
lccn/sn89081022/1905-09-27,2,8,6,2
lccn/sn85066387/1912-07-26,2,4,1,3
lccn/sn90059522/1895-03-20,1,3,4,-1
lccn/sn86063325/1855-08-23,2,10,7,3
lccn/sn86063325/1858-08-26,2,15,5,10
lccn/sn90059522/1884-09-23,1,6,6,0
lccn/sn90059522/1884-10-09,2,16,5,11
lccn/sn83045462/1913-10-22,2,13,8,5
lccn/sn82015679/1887-12-03,2,13,11,2
lccn/sn90059523/1903-11-05,2,6,2,4
lccn/sn84023200/1882-10-11,2,3,2,1
lccn/sn86072143/1919-08-28,2,13,4,9
lccn/sn98060050/1911-04-28,2,8,5,3
lccn/sn98060050/1912-05-24,2,5,4,1
lccn/sn86072143/1915-02-04,1,4,5,-1
lccn/sn86072143/1917-09-06,2,2,1,1
lccn/sn86072143/1917-12-27,1,3,3,0
lccn/sn86072143/1918-04-25,2,8,4,4
lccn/sn86072143/1915-05-20,2,12,6,6
lccn/sn86072143/1915-08-12,2,11,1,10
lccn/sn86072143/1915-10-07,1,4,15,-11
lccn/sn84023253/1887-03-31,2,8,3,5
lccn/sn83045462/1907-05-26,2,10,9,1
lccn/sn89067274/1896-11-12,1,3,5,-2
lccn/sn89067274/1897-02-04,1,1,9,-8
lccn/sn89067274/1905-05-18,1,6,14,-8
lccn/sn89067274/1907-08-29,1,5,15,-10
lccn/sn82015679/1890-01-25,2,8,6,2
lccn/sn82015679/1890-02-16,1,0,0,0
lccn/sn82015679/1889-12-14,1,3,8,-5
lccn/sn82015679/1888-05-27,2,28,5,23
lccn/sn82015679/1889-04-28,2,8,5,3
lccn/sn82015483/1889-03-15,2,18,10,8
lccn/sn82015483/1886-06-28,1,5,8,-3
lccn/sn85054468/1900-01-08,2,12,6,6
lccn/sn85054468/1900-05-06,2,19,7,12
lccn/sn85054468/1900-03-03,1,3,10,-7
lccn/sn82014424/1881-09-06,2,13,6,7
lccn/sn82014424/1881-09-19,1,5,13,-8
lccn/sn82014424/1881-09-29,2,11,4,7
lccn/sn82015483/1880-05-25,2,37,14,23
lccn/sn82015483/1881-05-20,2,6,0,6
lccn/sn84020631/1889-11-12,2,3,2,1
lccn/sn85025007/1878-09-06,1,2,3,-1
lccn/sn90059522/1893-02-26,2,10,7,3
lccn/sn90059522/1886-07-23,2,14,8,6
lccn/sn90059522/1886-07-30,2,16,9,7
lccn/sn90059523/1901-01-05,2,19,2,17
lccn/sn90059523/1902-02-18,2,18,9,9
lccn/sn90059523/1901-01-03,2,14,0,14
lccn/sn90059523/1901-01-04,1,4,6,-2
lccn/sn90061417/1893-01-27,2,6,1,5
lccn/sn90061417/1899-10-20,2,12,6,6
lccn/sn90061417/1897-09-03,2,35,26,9
lccn/sn90061417/1895-04-26,1,13,14,-1
lccn/sn90059522/1892-02-24,1,2,5,-3
lccn/sn85034039/1879-03-21,2,8,7,1
lccn/sn83016943/1905-02-18,1,6,8,-2
lccn/sn83016943/1905-02-25,2,8,3,5
lccn/sn82015378/1848-03-23,2,9,6,3
lccn/sn85058130/1904-03-24,2,4,2,2
lccn/sn83045555/1904-03-16,2,9,8,1
lccn/sn82000205/1886-11-27,1,4,4,0
lccn/sn83030213/1842-08-30,1,0,0,0
lccn/sn84026355/1900-06-04,1,5,6,-1
lccn/sn89066695/1901-03-13,2,13,3,10
lccn/sn89066695/1905-05-25,2,22,11,11
lccn/sn83016734/1883-01-25,1,0,0,0
lccn/sn83016734/1883-02-22,1,0,0,0
lccn/sn83016734/1883-02-22,2,5,4,1
lccn/sn83030431/1917-03-02,1,0,0,0
lccn/sn85054468/1898-03-16,2,20,1,19
lccn/sn85054468/1898-03-24,2,12,2,10
lccn/sn85054468/1898-03-30,1,8,11,-3
lccn/sn85054468/1898-04-07,2,13,3,10
lccn/sn85058130/1906-10-24,2,8,1,7
lccn/sn85058130/1906-07-07,2,13,1,12
lccn/sn85054468/1899-06-28,1,0,0,0
lccn/sn82014424/1884-09-26,2,7,1,6
lccn/sn82016187/1890-08-28,2,12,6,6
lccn/sn83045433/1920-04-30,2,6,0,6
lccn/sn84026749/1915-06-18,2,2,1,1
lccn/sn82014296/1869-07-13,2,2,1,1
lccn/sn82014296/1869-11-05,2,21,10,11
lccn/sn85033781/1871-10-27,1,3,4,-1
lccn/sn82014635/1903-10-04,2,8,5,3
lccn/sn85025431/1871-08-31,2,41,17,24
lccn/sn85025431/1871-08-31,2,38,14,24
lccn/sn82014635/1902-12-28,2,7,2,5
lccn/sn84020750/1856-08-30,2,12,4,8
lccn/sn99063952/1890-12-30,1,0,0,0
lccn/sn84026561/1855-06-06,2,15,2,13
lccn/sn85038615/1911-01-30,2,5,3,2
lccn/sn85038615/1911-01-31,2,11,2,9
lccn/sn84026561/1855-05-30,2,9,4,5
lccn/sn84026561/1855-06-13,2,15,3,12
lccn/sn84026561/1855-06-20,1,10,11,-1
lccn/sn84026561/1855-06-27,2,19,4,15
lccn/sn83045211/1921-01-07,2,5,4,1
lccn/sn83045211/1920-09-14,1,4,13,-9
lccn/sn83045211/1920-08-16,2,9,5,4
lccn/sn83045211/1920-08-25,1,2,5,-3
lccn/sn83045211/1920-08-27,2,20,7,13
lccn/sn83045211/1920-09-01,2,18,2,16
lccn/sn83045211/1920-10-04,2,8,5,3
lccn/sn83045211/1920-10-11,2,4,1,3
lccn/sn83045555/1897-06-04,1,0,2,-2
lccn/sn83030273/1920-04-15,1,1,2,-1
lccn/sn83030273/1920-02-07,1,0,0,0
lccn/sn83030431/1919-12-07,2,6,3,3
lccn/sn83030431/1920-01-04,2,2,0,2
lccn/sn84020713/1872-07-16,2,10,8,2
lccn/sn86082061/1899-02-09,2,9,7,2
lccn/sn86082061/1910-07-28,2,12,7,5
lccn/sn85038615/1909-07-25,2,15,0,15
lccn/sn85038614/1901-09-10,1,4,13,-9
lccn/sn83030272/1906-12-09,2,10,4,6
lccn/sn85038615/1908-09-15,2,13,4,9
lccn/sn83045160/1880-10-19,2,17,4,13
lccn/sn83045160/1880-10-21,2,16,4,12
lccn/sn83045160/1880-10-27,2,4,3,1
lccn/sn83045160/1880-11-02,2,9,5,4
lccn/sn83045160/1880-11-30,2,19,9,10
lccn/sn83045160/1880-11-24,2,13,3,10
lccn/sn83045160/1880-11-26,2,12,3,9
lccn/sn85038615/1908-08-20,2,4,1,3
lccn/sn83045160/1880-11-12,2,7,5,2
lccn/sn83045160/1880-11-06,2,15,2,13
lccn/sn83045160/1880-11-10,2,13,4,9
lccn/sn83045160/1880-11-18,2,13,2,11
lccn/sn83045160/1880-11-20,2,5,2,3
lccn/sn93060416/1895-05-11,2,27,2,25
lccn/sn87052143/1887-01-08,1,6,8,-2
lccn/sn93060412/1891-02-07,1,0,0,0
lccn/sn93060416/1897-06-05,2,10,2,8
lccn/sn93060416/1892-08-13,2,8,3,5
lccn/sn84026909/1870-08-17,2,5,4,1
lccn/sn87076552/1914-03-13,2,13,7,6
lccn/sn85038088/1874-01-09,1,4,16,-12
lccn/sn85038238/1869-04-29,2,14,3,11
lccn/sn84026909/1871-04-19,2,5,1,4
lccn/sn84026897/1853-01-12,2,12,4,8
lccn/sn84026897/1851-09-04,1,6,13,-7
lccn/sn86063760/1891-04-08,2,7,6,1
lccn/sn86063760/1896-02-12,1,2,2,0
lccn/sn86063760/1896-03-04,1,4,10,-6
lccn/sn86063760/1897-01-06,1,4,4,0
lccn/sn84026994/1869-06-29,2,12,5,7
lccn/sn84026965/1887-12-01,1,10,15,-5
lccn/sn84026994/1871-10-27,2,8,6,2
lccn/sn84026994/1871-11-30,2,10,1,9
lccn/sn85032490/1889-06-12,1,5,7,-2
lccn/sn85032490/1889-11-16,2,19,4,15
lccn/sn85032490/1887-11-12,2,7,1,6
lccn/sn84028140/1899-12-15,2,11,4,7
lccn/sn84024283/1887-01-20,1,2,4,-2
lccn/sn82015679/1891-06-03,1,4,4,0
lccn/sn82015679/1891-06-17,2,8,0,8
lccn/sn82015679/1891-06-19,2,8,3,5
lccn/sn82015679/1891-07-03,1,2,4,-2
lccn/sn82015679/1891-07-13,2,13,8,5
lccn/sn82015679/1891-07-22,2,15,5,10
lccn/sn82015679/1891-08-21,2,13,4,9
lccn/sn82015679/1891-09-16,2,8,5,3
lccn/sn82015679/1891-08-14,1,17,17,0
lccn/sn82015679/1891-06-22,2,7,1,6
lccn/sn82015679/1899-10-18,1,5,5,0
lccn/sn82015679/1899-10-20,1,9,11,-2
lccn/sn82015679/1899-10-23,2,10,6,4
lccn/sn82015679/1899-10-24,2,11,0,11
lccn/sn82015679/1899-11-11,2,4,3,1
lccn/sn82015679/1899-10-11,2,13,8,5
lccn/sn82015679/1899-10-14,2,15,3,12
lccn/sn82015679/1899-10-12,1,3,11,-8
lccn/sn82015679/1899-10-19,1,5,5,0
lccn/sn82015679/1899-10-28,2,5,2,3
lccn/sn84024283/1891-10-08,1,3,13,-10
lccn/sn84038628/1867-08-24,1,3,8,-5
lccn/sn99021999/1921-06-07,1,3,3,0
lccn/sn82016014/1916-05-13,1,3,50,-47
lccn/sn99021999/1920-03-28,1,4,6,-2
lccn/sn83045462/1923-03-18,2,7,4,3
lccn/sn83045462/1923-02-23,1,7,8,-1
lccn/sn84027670/1883-01-11,1,6,7,-1
lccn/sn84027670/1877-11-29,2,10,4,6
lccn/sn84027670/1881-11-10,1,7,8,-1
lccn/sn84027670/1881-02-17,2,9,7,2
lccn/sn83045462/1923-01-10,2,3,2,1
lccn/sn84027670/1882-02-09,2,14,10,4
lccn/sn84027670/1879-10-16,2,13,6,7
lccn/sn84027670/1880-03-11,1,2,5,-3
lccn/sn84027670/1880-05-06,2,18,1,17
lccn/sn83045462/1923-06-06,1,3,3,0
lccn/sn83045462/1923-04-21,1,3,4,-1
lccn/sn83045462/1923-04-15,2,9,2,7
lccn/sn83045462/1923-06-16,2,6,2,4
lccn/sn84026749/1904-09-27,2,16,9,7
lccn/sn84026749/1907-02-21,1,0,16,-16
lccn/sn90059522/1892-07-31,2,14,10,4
lccn/sn83030214/1916-07-27,1,0,4,-4
lccn/sn87052181/1905-02-18,1,7,7,0
lccn/sn87055779/1914-06-17,2,9,3,6
lccn/sn90059523/1899-08-17,2,15,6,9
lccn/sn90059523/1899-08-17,2,15,5,10
lccn/sn83045462/1892-06-29,2,11,4,7
lccn/sn85038158/1869-08-19,2,6,4,2
lccn/sn85038158/1879-10-02,1,9,9,0
lccn/sn85038158/1871-06-22,2,8,1,7
lccn/sn85038158/1859-11-03,2,22,2,20
lccn/sn85026309/1864-03-09,2,5,1,4
lccn/sn92065637/1907-01-25,2,4,3,1
lccn/sn84026897/1899-08-23,1,2,2,0
lccn/sn84026897/1898-06-15,2,12,4,8
lccn/sn84026897/1899-04-19,1,3,7,-4
lccn/sn85026309/1866-07-25,2,3,1,2
lccn/sn85026309/1866-08-15,1,2,2,0
lccn/sn85038158/1883-03-07,2,6,5,1
lccn/sn85038158/1883-08-01,2,6,3,3
lccn/sn84026994/1869-06-29,2,12,8,4
lccn/sn84026965/1880-12-02,2,7,5,2
lccn/sn84026965/1891-04-16,2,8,2,6
lccn/sn84026965/1891-06-04,2,17,0,17
lccn/sn84026994/1872-09-24,2,9,1,8
lccn/sn84026994/1872-09-25,2,7,5,2
lccn/sn84027008/1874-12-02,2,12,5,7
lccn/sn85033673/1881-04-05,1,0,0,0
lccn/sn85038615/1912-04-14,1,0,0,0
lccn/sn85038615/1912-09-08,2,11,4,7
lccn/sn84024670/1874-01-02,1,0,0,0
lccn/sn95068565/1881-09-28,1,0,0,0
lccn/sn95047297/1904-09-09,2,16,4,12
lccn/sn99021999/1909-10-03,1,1,2,-1
lccn/sn99021999/1909-10-06,2,16,2,14
lccn/sn82016014/1906-12-19,2,17,6,11
lccn/sn99021999/1909-02-22,1,7,9,-2
lccn/sn99021999/1909-05-10,1,8,15,-7
lccn/sn82016014/1906-12-17,2,8,6,2
lccn/sn82016014/1908-05-29,2,6,2,4
lccn/sn84038114/1881-08-18,1,0,0,0
lccn/sn83045462/1907-03-28,1,0,0,0
lccn/sn83045462/1907-02-25,2,7,0,7
lccn/sn83045462/1907-03-02,2,6,2,4
lccn/sn83045462/1907-02-14,2,5,3,2
lccn/sn83045462/1906-12-31,2,5,2,3
lccn/sn83045462/1907-01-05,2,20,3,17
lccn/sn83045462/1907-01-09,2,18,8,10
lccn/sn83045462/1906-10-01,2,11,2,9
lccn/sn83045462/1906-10-10,2,7,2,5
lccn/sn83045462/1906-10-23,2,11,2,9
lccn/sn83045462/1906-10-22,1,5,7,-2
lccn/sn83045462/1906-09-21,1,1,3,-2
lccn/sn83045462/1906-09-21,1,2,4,-2
lccn/sn83045462/1906-09-23,2,7,1,6
lccn/sn83045462/1907-02-15,2,5,0,5
lccn/sn82015679/1899-10-16,2,13,4,9
lccn/sn82015679/1899-12-31,1,5,15,-10
lccn/sn89067390/1899-11-09,2,9,0,9
lccn/sn92053934/1899-11-13,1,5,5,0
lccn/sn82015679/1899-06-20,2,8,3,5
lccn/sn82015679/1899-06-21,1,4,9,-5
lccn/sn85038411/1917-08-16,2,23,6,17
lccn/sn85038411/1917-09-08,1,4,4,0
lccn/sn83045462/1908-05-24,2,14,4,10
lccn/sn91099608/1884-03-15,1,2,3,-1
lccn/sn83045462/1908-10-24,2,5,2,3
lccn/sn83045462/1917-07-08,1,3,9,-6
lccn/sn2001063133/1894-08-,1,1,4,-3
lccn/sn2001063133/1894-06-,1,3,10,-7
lccn/sn83045462/1902-06-28,1,4,11,-7
lccn/sn83045462/1902-06-19,2,14,9,5
lccn/sn83045462/1914-01-21,2,14,4,10
lccn/sn83045462/1913-09-10,1,0,0,0
lccn/sn83045462/1913-07-06,2,11,3,8
lccn/sn85025431/1872-09-26,2,13,6,7
lccn/sn83045462/1913-12-12,2,5,2,3
lccn/sn83045462/1913-12-25,2,4,1,3
lccn/sn83045462/1913-12-29,1,7,7,0
lccn/sn83045462/1914-05-04,1,8,14,-6
lccn/sn83045462/1914-03-04,1,7,8,-1
lccn/sn83045462/1914-02-24,2,9,2,7
lccn/sn83045462/1914-02-25,2,3,1,2
lccn/sn83045462/1914-03-05,2,13,3,10
lccn/sn83045462/1913-12-30,2,6,2,4
lccn/sn83045462/1913-12-10,1,0,0,0
lccn/sn83045462/1913-10-30,2,11,3,8
lccn/sn83045462/1913-10-25,2,11,3,8
lccn/sn85042462/1908-10-06,2,16,1,15
lccn/sn85025431/1883-06-13,2,8,4,4
lccn/sn85025431/1884-06-11,2,11,0,11
lccn/sn85025431/1881-11-23,1,6,6,0
lccn/sn99021999/1880-07-12,1,6,9,-3
lccn/sn92053934/1919-08-12,2,7,1,6
lccn/sn83045462/1913-06-03,1,3,13,-10
lccn/sn83045462/1914-06-27,2,4,1,3
lccn/sn83045462/1914-06-13,1,1,2,-1
lccn/sn82015104/1893-11-25,1,3,26,-23
lccn/sn99021999/1889-08-18,2,7,4,3
lccn/sn82014381/1889-12-02,2,12,2,10
lccn/sn82014381/1889-12-14,2,18,2,16
lccn/sn99021999/1889-10-15,2,6,5,1
lccn/sn99021999/1885-06-16,2,6,5,1
lccn/sn99021999/1885-06-29,2,18,17,1
lccn/sn99021999/1885-07-07,2,11,4,7
lccn/sn99021999/1883-05-23,1,2,6,-4
lccn/sn99021999/1883-06-26,1,16,22,-6
lccn/sn99021999/1883-06-28,2,7,4,3
lccn/sn97070614/1915-05-14,1,1,4,-3
lccn/sn82015679/1895-02-05,2,12,5,7
lccn/sn99021999/1904-03-06,1,2,10,-8
lccn/sn84038306/1900-11-28,2,16,4,12
lccn/sn82014805/1883-08-25,2,4,0,4
lccn/sn99021999/1904-04-25,2,7,5,2
lccn/sn95026908/1906-03-02,2,8,2,6
lccn/sn95026908/1906-02-09,2,14,1,13
lccn/sn95026908/1906-03-30,2,10,0,10
lccn/sn85042461/1895-12-01,2,12,2,10
lccn/sn82014805/1882-09-26,2,3,1,2
lccn/sn84038306/1908-02-26,2,7,5,2
lccn/sn82016014/1901-02-12,1,3,6,-3
lccn/sn82016014/1902-02-25,1,7,10,-3
lccn/sn85066387/1898-07-27,1,0,0,0
lccn/sn99021999/1894-05-13,2,19,4,15
lccn/sn99021999/1898-04-05,1,5,6,-1
lccn/sn99021999/1898-04-06,1,5,6,-1
lccn/sn84020558/1921-03-01,2,6,0,6
lccn/sn85066387/1898-09-10,2,20,5,15
lccn/sn82014635/1898-12-28,2,16,9,7
lccn/sn99021999/1895-04-10,2,4,3,1
lccn/sn99021999/1895-03-03,2,14,4,10
lccn/sn99021999/1891-05-21,2,12,3,9
lccn/sn99021999/1893-02-24,2,16,4,12
lccn/sn85066387/1910-04-20,1,1,4,-3
lccn/sn94053256/1895-04-05,2,4,1,3
lccn/sn99021999/1898-04-28,2,7,1,6
lccn/sn99021999/1897-09-13,2,11,7,4
lccn/sn99021999/1897-09-07,1,3,20,-17
lccn/sn99021999/1897-09-07,2,4,3,1
lccn/sn99021999/1891-06-09,1,10,10,0
lccn/sn99021999/1891-09-07,1,4,7,-3
lccn/sn99021999/1891-09-08,2,12,3,9
lccn/sn99021999/1891-08-28,2,7,6,1
lccn/sn90059522/1891-01-01,2,8,7,1
lccn/sn90059522/1894-03-30,2,3,1,2
lccn/sn90059522/1892-06-04,2,7,6,1
lccn/sn90059522/1892-06-25,2,9,5,4
lccn/sn83045462/1908-03-12,2,7,2,5
lccn/sn83045462/1908-02-08,2,7,3,4
lccn/sn83045462/1908-02-10,1,5,7,-2
lccn/sn83045462/1908-02-15,2,6,1,5
lccn/sn83045462/1908-03-28,1,2,2,0
lccn/sn83045462/1908-03-21,2,14,5,9
lccn/sn83045462/1908-06-21,2,5,2,3
lccn/sn89066234/1903-02-14,2,11,8,3
lccn/sn90059523/1897-05-25,1,0,0,0
lccn/sn90059523/1897-02-01,1,1,4,-3
lccn/sn90059522/1888-04-22,2,12,11,1
lccn/sn90059522/1888-11-03,2,15,6,9
lccn/sn90059523/1896-09-04,2,36,5,31
lccn/sn90059522/1886-12-23,2,8,3,5
lccn/sn87055779/1915-01-14,1,0,0,0
lccn/sn83045462/1892-11-17,2,9,3,6
lccn/sn83040340/1885-05-15,2,8,3,5
lccn/sn83040340/1882-12-29,2,6,3,3
lccn/sn83040340/1883-08-03,2,8,3,5
lccn/sn99021999/1896-10-17,2,9,4,5
lccn/sn99021999/1896-10-20,1,8,11,-3
lccn/sn85033781/1881-08-26,1,5,9,-4
lccn/sn83030431/1918-09-10,1,0,0,0
lccn/sn83030431/1919-07-20,2,10,8,2
lccn/sn83045450/1857-08-05,2,16,4,12
lccn/sn84045030/1856-11-05,1,6,6,0
lccn/sn84045030/1857-08-05,2,19,5,14
lccn/sn85042147/1839-04-10,2,7,2,5
lccn/sn85042147/1839-05-08,2,17,4,13
lccn/sn85042147/1839-06-05,2,15,2,13
lccn/sn85042147/1839-06-19,1,10,14,-4
lccn/sn85042147/1839-07-03,2,19,4,15
lccn/sn84045030/1850-11-06,1,0,0,0
lccn/sn85038145/1873-09-11,2,8,0,8
lccn/sn85038145/1874-01-15,2,20,2,18
lccn/sn84038114/1883-01-12,1,0,0,0
lccn/sn82015418/1862-02-27,2,18,4,14
lccn/sn82014086/1909-10-05,2,6,3,3
lccn/sn82014086/1909-12-25,1,7,8,-1
lccn/sn82014086/1909-05-11,1,6,7,-1
lccn/sn85042460/1886-01-23,2,16,9,7
lccn/sn88053055/1901-08-20,2,8,3,5
lccn/sn88053055/1901-08-15,1,4,11,-7
lccn/sn82016014/1909-11-10,2,9,1,8
lccn/sn82016014/1909-10-23,1,3,12,-9
lccn/sn88053055/1901-06-15,1,3,7,-4
lccn/sn88053055/1901-06-29,2,6,4,2
lccn/sn85042460/1886-01-09,2,8,7,1
lccn/sn88053055/1901-07-03,1,4,5,-1
lccn/sn88053046/1891-02-05,1,4,14,-10
lccn/sn88053046/1897-06-24,2,14,7,7
lccn/sn88053046/1898-11-10,1,3,5,-2
lccn/sn88053046/1898-07-14,1,10,10,0
lccn/sn88053046/1897-03-11,1,3,6,-3
lccn/sn88053046/1900-11-15,2,12,9,3
lccn/sn88053046/1902-01-02,2,4,0,4
lccn/sn82014086/1916-07-01,2,3,1,2
lccn/sn82006863/1859-07-23,2,12,8,4
lccn/sn82006863/1859-08-13,2,12,4,8
lccn/sn94052989/1893-06-29,1,6,13,-7
lccn/sn89058426/1909-05-21,2,6,0,6
lccn/sn94052989/1891-10-14,2,11,1,10
lccn/sn89058426/1911-10-13,1,1,1,0
lccn/sn82014086/1916-01-20,1,0,11,-11
lccn/sn82014086/1914-01-26,1,3,10,-7
lccn/sn82014086/1914-06-09,2,17,3,14
lccn/sn82014086/1914-12-26,2,7,6,1
lccn/sn88053046/1902-11-27,1,5,10,-5
lccn/sn94052989/1891-01-24,2,4,2,2
lccn/sn94052989/1891-10-04,1,0,0,0
lccn/sn94052989/1891-10-11,1,0,0,0
lccn/sn89058426/1906-03-16,1,5,6,-1
lccn/sn88061077/1870-09-17,2,14,3,11
lccn/sn86086852/1883-01-12,2,9,3,6
lccn/sn86086852/1909-07-08,1,0,2,-2
lccn/sn83030193/1922-11-15,2,6,5,1
lccn/sn85033395/1854-06-01,1,2,3,-1
lccn/sn92053942/1874-07-08,1,6,8,-2
lccn/sn83045462/1910-05-15,1,0,3,-3
lccn/sn83045462/1910-07-21,2,12,9,3
lccn/sn83045462/1910-06-22,2,5,0,5
lccn/sn83045462/1910-06-25,1,9,36,-27
lccn/sn83045462/1908-09-26,2,12,9,3
lccn/sn83045462/1908-12-07,1,16,20,-4
lccn/sn83045462/1908-12-15,2,4,0,4
lccn/sn85033611/1859-06-09,2,17,0,17
lccn/sn83045462/1908-10-21,2,4,0,4
lccn/sn83045462/1910-06-27,1,14,15,-1
lccn/sn85042345/1921-04-03,2,9,2,7
lccn/sn85054828/1866-04-04,1,4,8,-4
lccn/sn85042345/1921-02-22,2,4,0,4
lccn/sn83030214/1922-12-27,1,0,0,0
lccn/sn85042345/1920-09-01,2,11,6,5
lccn/sn86053634/1892-08-03,2,5,3,2
lccn/sn83045462/1899-04-26,2,8,7,1
lccn/sn99021999/1911-06-06,1,0,0,0
lccn/sn99021999/1911-11-12,2,22,13,9
lccn/sn82016014/1905-11-29,1,0,0,0
lccn/sn85042459/1884-06-27,2,13,4,9
lccn/sn85042461/1893-05-31,2,15,1,14
lccn/sn99021999/1910-09-03,2,18,3,15
lccn/sn99021999/1912-01-01,2,13,2,11
lccn/sn84038306/1902-01-29,2,10,7,3
lccn/sn84020274/1901-05-01,1,0,0,0
lccn/sn84020274/1901-05-08,1,0,0,0
lccn/sn84020274/1904-11-22,1,5,6,-1
lccn/sn85042405/1886-12-16,1,8,8,0
lccn/sn83016107/1901-09-27,1,0,0,0
lccn/sn83016107/1904-11-04,2,5,3,2
lccn/sn83016107/1906-05-11,2,6,3,3
lccn/sn83016107/1877-08-31,2,12,8,4
lccn/sn83016107/1877-11-23,2,13,0,13
lccn/sn83016107/1877-11-30,2,12,1,11
lccn/sn83016107/1892-11-11,2,24,4,20
lccn/sn83016107/1895-09-13,2,13,4,9
lccn/sn83016107/1897-04-16,1,1,3,-2
lccn/sn84022673/1872-07-12,2,12,5,7
lccn/sn83016107/1878-04-05,2,12,6,6
lccn/sn83016107/1870-08-12,2,14,4,10
lccn/sn85038615/1910-04-10,2,4,1,3
lccn/sn85038615/1910-04-15,1,0,0,0
lccn/sn85038615/1908-08-02,2,2,0,2
lccn/sn85038615/1908-07-22,2,9,0,9
lccn/sn85038615/1908-07-23,2,10,2,8
lccn/sn85038615/1908-07-24,2,8,0,8
lccn/sn83030272/1909-01-05,1,8,15,-7
lccn/sn88064537/1893-06-17,2,13,6,7
lccn/sn83045389/1922-04-10,2,2,1,1
lccn/sn83045433/1914-11-01,2,9,4,5
lccn/sn84031081/1907-02-28,1,4,6,-2
lccn/sn86079077/1876-02-11,2,12,0,12
lccn/sn86079077/1876-02-18,2,8,0,8
lccn/sn87065038/1852-01-01,2,5,0,5
lccn/sn84026749/1911-03-27,2,14,2,12
lccn/sn84026749/1911-03-28,1,0,0,0
lccn/sn84026749/1911-03-29,2,10,1,9
lccn/sn84026749/1911-02-16,2,14,10,4
lccn/sn84026749/1911-02-17,2,12,0,12
lccn/sn84026749/1911-02-20,2,5,1,4
lccn/sn84026749/1911-02-21,2,15,1,14
lccn/sn85038615/1914-10-03,2,9,1,8
lccn/sn84023963/1899-06-02,2,6,2,4
lccn/sn83045462/1906-06-22,1,0,0,0
lccn/sn83045462/1905-05-06,1,0,0,0
lccn/sn83045462/1905-07-09,1,0,0,0
lccn/sn83045462/1906-09-17,1,5,14,-9
lccn/sn83045462/1906-08-30,2,21,6,15
lccn/sn83045462/1906-09-13,1,2,2,0
lccn/sn83045462/1906-09-10,2,11,2,9
lccn/sn83045462/1926-06-27,1,7,7,0
lccn/sn83045462/1928-12-30,2,14,4,10
lccn/sn83045462/1926-02-21,1,2,2,0
lccn/sn83045462/1926-03-29,1,8,12,-4
lccn/sn82015133/1892-07-16,2,15,9,6
lccn/sn82015133/1890-02-01,1,5,7,-2
lccn/sn82015679/1900-07-12,2,20,5,15
lccn/sn82015679/1900-06-24,2,9,5,4
lccn/sn82015679/1900-05-25,1,6,7,-1
lccn/sn82015679/1901-05-13,2,9,5,4
lccn/sn82015679/1900-09-17,2,16,8,8
lccn/sn82015679/1901-07-24,1,3,10,-7
lccn/sn82015679/1902-06-20,2,4,0,4
lccn/sn82015679/1903-03-29,2,6,1,5
lccn/sn82015679/1902-12-22,2,9,7,2
lccn/sn82015679/1903-01-28,1,1,7,-6
lccn/sn82015679/1903-03-09,1,5,6,-1
lccn/sn82015679/1903-05-04,2,19,4,15
lccn/sn82015679/1902-03-07,1,11,18,-7
lccn/sn82015679/1902-01-22,2,10,2,8
lccn/sn82015679/1902-01-30,1,0,9,-9
lccn/sn82015679/1902-11-19,2,15,3,12
lccn/sn82015679/1902-09-14,2,30,9,21
lccn/sn82015679/1902-09-26,1,4,7,-3
lccn/sn82015679/1901-04-14,2,13,7,6
lccn/sn82015679/1901-02-13,1,0,0,0
lccn/sn82015679/1901-01-05,1,8,15,-7
lccn/sn82014306/1861-09-18,2,18,2,16
lccn/sn82015679/1901-12-21,1,13,18,-5
lccn/sn82015679/1903-09-27,2,15,8,7
lccn/sn87056600/1885-01-14,1,0,0,0
lccn/sn87056600/1886-06-30,1,4,5,-1
lccn/sn87056600/1892-01-27,2,11,4,7
lccn/sn82015677/1846-01-08,1,5,10,-5
lccn/sn87055779/1918-01-29,2,10,3,7
lccn/sn82005159/1856-09-26,2,20,6,14
lccn/sn85066387/1900-04-19,1,3,7,-4
lccn/sn85066387/1900-03-01,1,0,0,0
lccn/sn86083264/1907-03-21,2,13,9,4
lccn/sn86083264/1907-02-14,1,0,0,0
lccn/sn84031492/1879-08-04,2,4,1,3
lccn/sn84031492/1879-08-24,2,19,4,15
lccn/sn83045462/1928-08-31,2,9,6,3
lccn/sn83045462/1928-07-20,1,12,13,-1
lccn/sn84031492/1879-02-16,1,7,9,-2
lccn/sn84026118/1871-04-12,2,22,5,17
lccn/sn84020613/1898-08-30,1,6,6,0
lccn/sn85038180/1867-01-24,2,9,2,7
lccn/sn84020613/1900-05-22,2,10,7,3
lccn/sn89067453/1891-03-26,1,7,12,-5
lccn/sn85038180/1870-11-03,1,5,6,-1
lccn/sn85038180/1873-10-09,2,14,2,12
lccn/sn83035366/1853-06-16,2,3,2,1
lccn/sn91066782/1920-10-21,2,6,0,6
lccn/sn83045160/1870-08-06,2,9,5,4
lccn/sn83045160/1870-07-29,2,2,0,2
lccn/sn83045160/1870-07-25,1,2,3,-1
lccn/sn83045160/1870-07-26,2,10,3,7
lccn/sn83045160/1870-07-27,2,8,7,1
lccn/sn83045160/1870-08-08,2,14,9,5
lccn/sn83045160/1870-07-12,2,11,5,6
lccn/sn91066782/1921-03-24,2,18,8,10
lccn/sn83035044/1854-03-15,2,9,6,3
lccn/sn84020613/1899-05-17,1,9,9,0
lccn/sn83035083/1889-12-18,1,13,14,-1
lccn/sn83035083/1885-08-06,2,11,6,5
lccn/sn83035083/1892-08-03,1,6,10,-4
lccn/sn83035083/1892-08-10,2,11,8,3
lccn/sn85025759/1878-06-22,1,5,6,-1
lccn/sn92073232/1897-11-25,2,4,3,1
lccn/sn83045160/1872-11-26,1,0,0,0
lccn/sn83045160/1872-12-14,2,9,5,4
lccn/sn84022549/1861-03-22,2,29,26,3
lccn/sn96086441/1893-05-19,1,4,12,-8
lccn/sn96086441/1893-09-29,2,9,4,5
lccn/sn84022548/1868-02-21,2,19,8,11
lccn/sn84026788/1869-07-20,2,7,0,7
lccn/sn84026788/1869-08-03,2,4,0,4
lccn/sn84026788/1869-08-10,2,4,0,4
lccn/sn84022871/1886-01-18,2,26,15,11
lccn/sn84026788/1899-04-25,2,10,5,5
lccn/sn84022549/1861-08-23,2,3,2,1
lccn/sn84022548/1866-01-10,2,12,3,9
lccn/sn98069146/1902-08-29,2,9,5,4
lccn/sn98069146/1901-11-15,2,3,2,1
lccn/sn84022548/1866-01-03,2,16,1,15
lccn/sn84022548/1868-02-07,1,15,17,-2
lccn/sn84024448/1887-02-15,1,0,0,0
lccn/sn84026918/1887-08-05,1,0,0,0
lccn/sn83045160/1865-12-01,2,3,1,2
lccn/sn83045160/1865-11-09,2,5,4,1
lccn/sn83045160/1865-11-29,1,1,5,-4
lccn/sn85033306/1884-08-21,2,5,2,3
lccn/sn84024448/1887-08-21,2,10,4,6
lccn/sn88076013/1888-12-15,2,21,9,12
lccn/sn85038115/1873-03-18,2,11,4,7
lccn/sn84026965/1878-05-09,2,5,4,1
lccn/sn84026965/1880-12-02,1,6,8,-2
lccn/sn88076013/1887-08-27,2,15,4,11
lccn/sn84026403/1874-05-22,2,10,9,1
lccn/sn84026965/1882-06-29,1,2,8,-6
lccn/sn85038180/1881-05-12,1,0,0,0
lccn/sn84026918/1877-05-11,1,4,5,-1
lccn/sn83045462/1930-08-24,1,8,9,-1
lccn/sn83045462/1934-09-06,1,3,18,-15
lccn/sn83045462/1930-10-12,1,3,10,-7
lccn/sn83045462/1930-11-09,1,6,6,0
lccn/sn83045462/1932-07-20,1,10,13,-3
lccn/sn83045462/1934-05-17,1,2,3,-1
lccn/sn83045462/1934-05-14,2,21,2,19
lccn/sn85035720/1921-04-19,1,3,7,-4
lccn/sn87068097/1891-10-10,1,10,10,0
lccn/sn87068097/1891-10-28,2,10,1,9
lccn/sn87068097/1891-10-30,2,6,4,2
lccn/sn87068097/1891-10-22,2,8,7,1
lccn/sn87068097/1891-10-17,2,10,3,7
lccn/sn87068097/1891-11-06,2,9,1,8
lccn/sn87068097/1892-04-16,1,7,7,0
lccn/sn87068097/1891-10-26,1,4,4,0
lccn/sn78000873/1918-06-06,1,0,0,0
lccn/sn78000873/1915-11-04,2,19,2,17
lccn/sn78000873/1915-11-11,2,11,6,5
lccn/sn78000873/1914-09-03,1,3,10,-7
lccn/sn78000873/1914-11-12,2,4,2,2
lccn/sn86092518/1887-07-14,2,5,1,4
lccn/sn86092518/1886-10-27,2,13,3,10
lccn/sn86092518/1884-12-19,2,7,6,1
lccn/sn83045462/1945-03-29,1,0,0,0
lccn/sn83045462/1945-02-26,2,11,5,6
lccn/sn87068097/1890-05-08,2,11,3,8
lccn/sn87068097/1889-11-18,2,24,6,18
lccn/sn87068097/1889-11-19,2,18,13,5
lccn/sn87068097/1889-11-20,2,13,7,6
lccn/sn87068097/1889-11-11,2,10,1,9
lccn/sn87068097/1889-11-12,2,10,5,5
lccn/sn87068097/1889-10-19,2,13,4,9
lccn/sn87068097/1889-10-22,2,12,10,2
lccn/sn87068097/1889-10-23,1,6,12,-6
lccn/sn87068097/1889-10-24,1,9,14,-5
lccn/sn87068097/1890-01-07,1,7,11,-4
lccn/sn87068097/1889-10-16,1,3,5,-2
lccn/sn87068097/1889-10-17,1,2,11,-9
lccn/sn87068097/1889-11-02,1,5,5,0
lccn/sn87068097/1889-11-27,2,9,8,1
lccn/sn87068097/1889-10-26,2,5,2,3
lccn/sn87068097/1889-10-28,2,7,0,7
lccn/sn87068097/1889-10-29,2,9,0,9
lccn/sn87068097/1889-12-03,2,7,4,3
lccn/sn87068097/1889-12-04,2,18,6,12
lccn/sn87068097/1889-11-30,2,8,2,6
lccn/sn87068097/1889-12-02,2,16,3,13
lccn/sn87068097/1889-12-05,2,9,5,4
lccn/sn87068097/1889-12-06,2,4,3,1
lccn/sn87068097/1889-11-23,1,7,7,0
lccn/sn87068097/1889-11-25,1,4,4,0
lccn/sn87068097/1889-11-16,2,18,1,17
lccn/sn87068097/1889-11-07,1,5,10,-5
lccn/sn87068097/1889-10-14,2,10,8,2
lccn/sn87068097/1889-11-13,2,23,12,11
lccn/sn87068097/1889-11-14,2,11,2,9
lccn/sn87068097/1889-10-12,2,7,2,5
lccn/sn87068097/1889-10-31,2,17,5,12
lccn/sn87068097/1889-11-05,2,6,0,6
lccn/sn87068097/1890-10-10,1,9,11,-2
lccn/sn87068097/1890-09-29,2,7,4,3
lccn/sn87068097/1890-09-30,2,13,7,6
lccn/sn87068097/1890-10-08,2,11,1,10
lccn/sn87068097/1890-10-01,2,6,3,3
lccn/sn87068097/1890-09-19,2,11,6,5
lccn/sn87068097/1890-09-22,2,13,7,6
lccn/sn87068097/1890-09-23,2,6,5,1
lccn/sn87068097/1890-10-15,1,7,7,0
lccn/sn87068097/1890-10-03,2,13,2,11
lccn/sn87068097/1890-10-06,2,5,0,5
lccn/sn87068097/1890-10-21,2,5,2,3
lccn/sn87068097/1890-10-22,2,8,0,8
lccn/sn87068097/1890-10-20,2,17,4,13
lccn/sn87068097/1890-10-17,1,20,35,-15
lccn/sn87068097/1890-09-24,2,12,8,4
lccn/sn87068097/1890-09-26,2,30,5,25
lccn/sn87068097/1890-08-12,1,1,3,-2
lccn/sn87068097/1890-09-06,2,16,8,8
lccn/sn87068097/1890-09-15,2,11,6,5
lccn/sn87068097/1890-09-16,2,8,6,2
lccn/sn87068097/1890-09-10,2,6,5,1
lccn/sn87068097/1890-09-11,2,14,4,10
lccn/sn87068097/1890-09-12,2,11,3,8
lccn/sn87068097/1890-09-02,2,13,10,3
lccn/sn87068097/1890-09-03,2,13,9,4
lccn/sn87068097/1890-09-05,2,13,6,7
lccn/sn87068097/1890-09-18,2,14,2,12
lccn/sn87068097/1890-09-17,2,14,5,9
lccn/sn87068097/1889-09-10,1,1,21,-20
lccn/sn87068097/1889-09-16,2,11,4,7
lccn/sn87068097/1889-09-17,1,15,15,0
lccn/sn87068097/1889-09-13,2,10,4,6
lccn/sn87068097/1889-09-14,2,19,2,17
lccn/sn87068097/1889-09-06,2,14,6,8
lccn/sn87068097/1889-09-07,1,15,15,0
lccn/sn87068097/1889-09-05,1,18,36,-18
lccn/sn87068097/1889-09-25,1,6,8,-2
lccn/sn87068097/1889-09-26,2,16,3,13
lccn/sn87068097/1889-10-05,2,21,10,11
lccn/sn87068097/1889-09-24,2,15,1,14
lccn/sn87068097/1889-09-18,2,12,3,9
lccn/sn87068097/1889-10-10,1,5,9,-4
lccn/sn87068097/1889-09-20,2,8,4,4
lccn/sn87068097/1889-10-03,1,5,10,-5
lccn/sn87068097/1889-09-28,2,14,4,10
lccn/sn78000873/1907-02-14,2,13,8,5
lccn/sn86092523/1886-07-25,2,24,4,20
lccn/sn83045462/1943-02-23,2,9,0,9
lccn/sn83045462/1944-05-28,2,4,2,2
lccn/sn83025182/1863-09-09,2,2,0,2
lccn/sn83016025/1883-05-08,1,0,0,0
lccn/sn83045462/1937-01-03,2,7,6,1
lccn/sn78000873/1910-11-17,1,12,12,0
lccn/sn78000873/1911-04-06,2,5,2,3
lccn/sn78000873/1906-05-17,2,10,4,6
lccn/sn78000873/1906-02-22,2,5,0,5
lccn/sn78000873/1905-11-02,2,13,4,9
lccn/sn78000873/1910-03-31,2,13,4,9
lccn/sn83016689/1911-05-13,2,4,0,4
lccn/sn83016689/1911-04-26,2,7,4,3
lccn/sn78000873/1907-05-02,2,20,8,12
lccn/sn78000873/1905-03-30,1,3,5,-2
lccn/sn78000873/1905-07-06,1,2,3,-1
lccn/sn83045462/1943-09-03,2,14,1,13
lccn/sn78000873/1912-03-07,1,7,9,-2
lccn/sn83009653/1895-11-19,2,5,3,2
lccn/sn83009653/1897-02-02,2,8,7,1
lccn/sn83009653/1882-10-10,2,6,2,4
lccn/sn83009653/1883-02-13,2,9,1,8
lccn/sn83045462/1933-12-24,1,6,8,-2
lccn/sn85035720/1916-09-23,2,8,3,5
lccn/sn85035720/1917-05-29,2,15,0,15
lccn/sn84027398/1858-03-27,2,8,5,3
lccn/sn83045462/1930-12-31,1,0,0,0
lccn/sn83045462/1929-12-01,2,8,3,5
lccn/sn83045462/1931-11-12,2,15,1,14
lccn/sn90051265/1903-05-22,2,12,1,11
lccn/sn83045462/1935-02-16,2,12,4,8
lccn/sn83045462/1932-06-18,2,6,1,5
lccn/sn84027186/1870-03-25,2,15,3,12
lccn/sn83045462/1932-03-26,1,0,0,0
lccn/sn83045462/1934-10-07,2,26,18,8
lccn/sn83045462/1932-03-27,1,7,7,0
lccn/sn84038485/1878-05-16,1,6,6,0
lccn/sn83045462/1929-09-27,2,11,2,9
lccn/sn83045462/1930-03-16,2,10,1,9
lccn/sn83045462/1929-04-09,2,7,2,5
lccn/sn83045462/1929-08-21,2,26,3,23
lccn/sn83025161/1866-05-25,2,7,4,3
lccn/sn83025161/1867-08-30,2,3,1,2
lccn/sn83025161/1867-08-23,2,7,4,3
lccn/sn83045462/1930-04-27,2,13,4,9
lccn/sn83025161/1868-03-13,2,5,0,5
lccn/sn83025161/1867-09-06,2,3,1,2
lccn/sn83045462/1929-04-13,2,13,8,5
lccn/sn85040652/1918-06-01,2,9,5,4
lccn/sn85025007/1854-05-02,1,8,17,-9
lccn/sn85040451/1903-06-03,2,12,6,6
lccn/sn85040451/1903-09-09,1,5,7,-2
lccn/sn85040451/1905-11-01,2,8,5,3
lccn/sn85025007/1854-02-27,2,19,4,15
lccn/sn85040451/1898-04-27,2,13,5,8
lccn/sn85040451/1898-05-25,1,9,9,0
lccn/sn85040451/1906-02-07,2,2,1,1
lccn/sn85025007/1856-11-04,2,12,6,6
lccn/sn85025007/1856-08-16,1,5,6,-1
lccn/sn85025007/1856-08-22,2,8,5,3
lccn/sn85025007/1856-08-20,2,9,2,7
lccn/sn85025007/1856-08-25,2,7,1,6
lccn/sn85025007/1856-08-27,1,3,3,0
lccn/sn85025007/1856-08-29,2,15,3,12
lccn/sn85040451/1909-07-14,1,0,4,-4
lccn/sn85025007/1857-01-20,2,7,3,4
lccn/sn85025007/1857-01-28,2,15,4,11
lccn/sn85025007/1857-01-24,2,8,4,4
lccn/sn85025007/1857-01-30,2,12,2,10
lccn/sn85025007/1857-02-02,2,11,10,1
lccn/sn85025007/1857-01-15,1,0,0,0
lccn/sn85025007/1857-02-13,1,0,0,0
lccn/sn85040451/1901-02-20,1,2,5,-3
lccn/sn87068097/1891-09-17,1,6,6,0
lccn/sn87068097/1891-09-10,2,3,1,2
lccn/sn85040451/1901-11-20,2,16,1,15
lccn/sn85025007/1857-02-07,1,0,0,0
lccn/sn85025007/1857-02-05,2,8,2,6
lccn/sn85025007/1857-02-04,2,2,0,2
lccn/sn85025007/1857-02-03,2,4,2,2
lccn/sn85025007/1857-02-11,2,9,1,8
lccn/sn85025007/1857-02-06,1,0,0,0
lccn/sn83009653/1905-06-20,2,10,8,2
lccn/sn83009653/1907-12-03,2,5,2,3
lccn/sn83009653/1908-05-26,2,7,1,6
lccn/sn83045646/1868-04-11,2,9,4,5
lccn/sn83009653/1910-08-16,2,1,0,1
lccn/sn84022046/1880-07-15,1,0,0,0
lccn/sn83009653/1915-06-22,1,2,2,0
lccn/sn83009653/1916-09-05,1,2,4,-2
lccn/sn83009653/1917-06-12,1,6,6,0
lccn/sn83009653/1917-02-27,1,0,0,0
lccn/sn83009653/1919-09-23,2,6,3,3
lccn/sn83009653/1918-06-18,2,3,1,2
lccn/sn83009653/1920-06-29,2,4,3,1
lccn/sn83009653/1920-11-09,2,12,6,6
lccn/sn83009653/1913-06-10,1,1,9,-8
lccn/sn83009653/1913-06-17,2,4,2,2
lccn/sn83009653/1913-10-07,2,9,1,8
lccn/sn83009653/1913-09-23,2,2,1,1
lccn/sn83016689/1910-03-24,1,1,5,-4
lccn/sn84027718/1875-07-16,2,9,5,4
lccn/sn84022960/1890-01-04,1,0,0,0
lccn/sn83025182/1866-07-10,1,6,11,-5
lccn/sn83016025/1876-02-02,2,14,2,12
lccn/sn83016025/1876-01-29,2,9,2,7
lccn/sn85042354/1901-09-03,1,1,2,-1
lccn/sn85042354/1901-08-31,2,10,0,10
lccn/sn85042354/1901-09-02,2,14,4,10
lccn/sn85042354/1901-08-17,2,9,4,5
lccn/sn85042354/1901-08-19,1,5,8,-3
lccn/sn85042354/1901-08-16,2,9,4,5
lccn/sn85042354/1901-08-21,2,7,3,4
lccn/sn85042354/1901-08-22,2,9,2,7
lccn/sn85042354/1901-08-29,2,10,3,7
lccn/sn85042354/1901-08-24,2,12,5,7
lccn/sn85042354/1901-08-27,2,7,4,3
lccn/sn83045462/1943-12-05,2,14,1,13
lccn/sn83045462/1938-12-17,1,6,6,0
lccn/sn85042354/1895-11-05,1,0,0,0
lccn/sn87065175/1884-03-13,2,7,5,2
lccn/sn85042354/1895-10-12,2,8,7,1
lccn/sn83045462/1946-10-07,1,4,8,-4
lccn/sn85042354/1893-01-10,2,14,12,2
lccn/sn83045462/1946-09-22,2,5,3,2
lccn/sn87068097/1900-10-25,2,13,5,8
lccn/sn87068097/1900-10-26,1,7,11,-4
lccn/sn87068097/1900-06-28,2,14,10,4
lccn/sn84022044/1880-08-05,1,2,3,-1
lccn/sn84022044/1880-08-10,1,6,8,-2
lccn/sn84022044/1880-08-11,2,7,3,4
lccn/sn92051501/1898-09-01,1,3,5,-2
lccn/sn84022044/1880-08-04,2,6,1,5
lccn/sn87068097/1903-10-09,2,27,9,18
lccn/sn87068097/1904-12-09,1,0,0,0
lccn/sn87068097/1906-03-31,2,20,11,9
lccn/sn87068097/1903-04-23,2,14,3,11
lccn/sn87068097/1903-01-12,2,9,3,6
lccn/sn89053684/1902-09-28,2,13,3,10
lccn/sn89053684/1902-09-29,2,21,5,16
lccn/sn89053684/1902-10-05,2,8,2,6
lccn/sn82014519/1922-10-06,2,11,2,9
lccn/sn82014519/1922-10-05,2,17,2,15
lccn/sn85040437/1909-07-29,1,8,8,0
lccn/sn85042354/1919-01-21,2,15,2,13
lccn/sn85042354/1919-01-31,2,4,1,3
lccn/sn85042243/1927-09-16,1,4,10,-6
lccn/sn85042243/1927-09-17,2,9,8,1
lccn/sn85042243/1929-04-19,2,4,2,2
lccn/sn82015679/1884-01-19,2,15,10,5
lccn/sn82015289/1884-05-06,1,0,0,0
lccn/sn82015289/1882-08-29,2,7,2,5
lccn/sn82015289/1887-03-03,2,24,4,20
lccn/sn82015289/1880-10-12,2,6,0,6
lccn/sn85047611/1921-04-27,1,2,17,-15
lccn/sn89051213/1916-05-04,2,9,5,4
lccn/sn85042243/1928-06-07,1,4,13,-9
lccn/sn85047611/1922-03-30,2,15,1,14
lccn/sn85042243/1928-12-28,1,9,12,-3
lccn/sn83045462/1931-04-05,1,7,7,0
lccn/sn83045462/1931-07-09,2,13,8,5
lccn/sn83045462/1933-08-08,2,12,1,11
lccn/sn84027238/1858-04-07,1,18,20,-2
lccn/sn82014141/1857-12-03,2,15,7,8
lccn/sn82014141/1857-12-03,2,11,7,4
lccn/sn84027239/1869-05-12,2,9,3,6
lccn/sn84027238/1863-09-02,2,10,7,3
lccn/sn84027718/1897-09-30,2,8,2,6
lccn/sn83016025/1881-02-28,2,4,1,3
lccn/sn83016025/1880-04-06,2,5,0,5
lccn/sn83016025/1887-08-13,2,13,4,9
lccn/sn83016025/1886-09-17,2,11,5,6
lccn/sn83016025/1886-09-25,1,9,13,-4
lccn/sn83016025/1886-10-05,2,8,2,6
lccn/sn83016025/1886-07-10,1,16,21,-5
lccn/sn83016025/1886-09-09,2,7,3,4
lccn/sn83016025/1886-09-02,1,3,5,-2
lccn/sn83016025/1886-07-08,2,10,2,8
lccn/sn83016025/1886-10-04,2,21,2,19
lccn/sn83016025/1886-10-02,2,14,4,10
lccn/sn84027718/1900-09-13,1,4,11,-7
lccn/sn87068192/1885-06-04,2,4,3,1
lccn/sn83032103/1883-08-02,2,11,0,11
lccn/sn83016025/1886-09-16,2,15,2,13
lccn/sn83032103/1878-07-18,2,10,5,5
lccn/sn83016025/1886-09-28,2,10,9,1
lccn/sn83032103/1867-08-09,2,15,8,7
lccn/sn84027718/1892-05-12,1,9,12,-3
lccn/sn84022044/1881-03-17,2,22,4,18
lccn/sn84022044/1880-12-10,2,16,8,8
lccn/sn84022044/1880-12-05,2,15,4,11
lccn/sn84022044/1880-11-24,2,10,9,1
lccn/sn84022044/1881-01-19,2,23,4,19
lccn/sn84022044/1881-01-18,2,18,5,13
lccn/sn89053684/1900-08-12,1,0,0,0
lccn/sn89053684/1902-02-16,2,6,1,5
lccn/sn89053684/1900-06-29,1,1,1,0
lccn/sn86063034/1897-08-11,1,0,0,0
lccn/sn86063034/1896-12-24,1,0,0,0
lccn/sn85040451/1913-10-29,2,7,2,5
lccn/sn85040451/1916-12-20,1,4,5,-1
lccn/sn85033019/1876-02-04,2,9,0,9
lccn/sn85033019/1874-10-02,2,15,13,2
lccn/sn86063034/1887-04-30,1,7,9,-2
lccn/sn82015137/1886-10-01,1,3,8,-5
lccn/sn86063034/1888-10-09,2,6,5,1
lccn/sn86063034/1888-06-07,2,4,2,2
lccn/sn86063034/1887-12-28,1,13,14,-1
lccn/sn86063034/1888-04-28,2,17,5,12
lccn/sn82015137/1882-03-18,1,6,12,-6
lccn/sn85025090/1858-02-27,2,13,6,7
lccn/sn82015137/1885-09-28,1,0,0,0
lccn/sn82015137/1885-06-20,2,20,6,14
lccn/sn89060092/1897-02-26,2,8,2,6
lccn/sn82015137/1885-07-14,1,0,0,0
lccn/sn82015137/1885-07-05,2,21,3,18
lccn/sn86053968/1881-09-15,2,11,7,4
lccn/sn78000873/1897-10-07,2,9,3,6
lccn/sn78000873/1892-06-16,2,3,2,1
lccn/sn78000873/1899-07-06,1,7,13,-6
lccn/sn78000873/1899-07-27,1,6,11,-5
lccn/sn78000873/1899-08-10,2,13,4,9
lccn/sn78000873/1898-11-10,2,14,10,4
lccn/sn78000873/1897-05-27,1,0,0,0
lccn/sn78000873/1896-11-12,1,5,6,-1
lccn/sn78000873/1900-05-17,2,6,1,5
lccn/sn78000873/1898-07-14,1,4,18,-14
lccn/sn83045462/1936-01-26,1,2,2,0
lccn/sn84024825/1858-05-05,2,25,2,23
lccn/sn84024825/1858-05-05,2,26,3,23
lccn/sn84024825/1858-05-05,2,26,3,23
lccn/sn86063034/1899-12-31,1,0,0,0
lccn/sn83016025/1898-06-22,2,10,5,5
lccn/sn86063034/1891-06-21,2,9,3,6
lccn/sn86063034/1891-07-29,2,7,3,4
lccn/sn86063034/1890-05-11,2,9,7,2
lccn/sn83045462/1950-08-11,2,9,8,1
lccn/sn83045462/1950-11-13,1,6,9,-3
lccn/sn83009571/1861-12-13,1,7,7,0
lccn/sn83016025/1874-10-05,2,9,0,9
lccn/sn83016025/1874-10-06,2,9,1,8
lccn/sn87068097/1896-09-19,2,9,2,7
lccn/sn85035720/1906-06-23,2,9,8,1
lccn/sn87068097/1895-11-16,2,21,7,14
lccn/sn87068097/1899-06-23,1,0,0,0
lccn/sn87068097/1899-08-02,2,9,3,6
lccn/sn87068097/1896-12-30,1,2,3,-1
lccn/sn87068097/1894-02-05,2,8,3,5
lccn/sn87068097/1894-02-16,2,23,5,18
lccn/sn83016689/1914-12-08,2,12,3,9
lccn/sn83016689/1914-12-04,2,15,3,12
lccn/sn83016689/1914-10-13,1,0,0,0
lccn/sn87068097/1899-12-16,2,10,2,8
lccn/sn86063034/1892-09-07,2,16,9,7
lccn/sn86063034/1889-07-10,2,15,8,7
lccn/sn86063034/1889-07-23,2,9,1,8
lccn/sn88074815/1894-07-20,1,1,1,0
lccn/sn88074815/1894-08-31,2,8,1,7
lccn/sn88074815/1894-08-17,1,0,0,0
lccn/sn88074815/1891-08-14,2,10,5,5
lccn/sn82015679/1898-07-26,2,12,5,7
lccn/sn82015679/1898-07-28,2,15,3,12
lccn/sn82015679/1898-07-21,2,12,5,7
lccn/sn82015679/1898-07-16,2,10,3,7
lccn/sn82015679/1898-07-23,2,6,3,3
lccn/sn82015679/1898-07-30,2,12,3,9
lccn/sn86063034/1897-10-11,2,19,1,18
lccn/sn86063034/1899-10-07,2,5,2,3
lccn/sn86063034/1899-06-19,2,7,4,3
lccn/sn86063034/1899-06-09,1,6,6,0
lccn/sn86063034/1899-07-11,1,5,5,0
lccn/sn83016025/1899-06-27,1,3,4,-1
lccn/sn82015679/1899-02-20,2,18,4,14
lccn/sn82015679/1898-12-02,1,3,10,-7
lccn/sn82015679/1898-11-13,2,39,30,9
lccn/sn82015679/1898-12-29,2,16,15,1
lccn/sn82015679/1898-12-30,1,5,14,-9
lccn/sn87065469/1890-10-16,1,3,8,-5
lccn/sn85042354/1915-08-09,1,0,0,0
lccn/sn83016689/1915-09-14,2,15,3,12
lccn/sn83016689/1915-08-16,1,0,0,0
lccn/sn86063034/1899-12-19,2,12,4,8
lccn/sn82015679/1897-09-19,1,3,6,-3
lccn/sn82015679/1897-08-07,2,13,7,6
lccn/sn82015679/1897-12-05,1,6,6,0
lccn/sn82015679/1898-06-24,1,10,12,-2
lccn/sn82015679/1898-07-17,2,17,9,8
lccn/sn82015679/1898-07-14,2,8,4,4
lccn/sn82015679/1898-09-10,2,12,7,5
lccn/sn84022044/1880-12-02,2,13,2,11
lccn/sn84022044/1880-08-18,2,8,6,2
lccn/sn84022044/1880-11-21,2,9,4,5
lccn/sn83045462/1937-06-07,2,13,4,9
lccn/sn83045462/1937-06-11,2,10,8,2
lccn/sn83045462/1937-02-13,2,3,1,2
lccn/sn83045462/1937-01-11,2,4,2,2
lccn/sn83045462/1935-05-25,2,8,3,5
lccn/sn83045462/1934-01-21,2,19,14,5
lccn/sn83045462/1934-01-21,2,5,1,4
lccn/sn99062034/1890-04-30,1,2,2,0
lccn/sn83045462/1936-12-20,1,4,5,-1
lccn/sn83045462/1938-01-09,1,3,3,0
lccn/sn83045462/1938-03-28,1,6,6,0
lccn/sn83045462/1938-09-07,2,7,6,1
lccn/sn86092518/1882-06-22,2,13,4,9
lccn/sn86092518/1881-09-17,2,4,0,4
lccn/sn86092518/1882-07-10,1,0,0,0
lccn/sn86092523/1883-08-05,2,4,2,2
lccn/sn86063811/1933-08-16,2,8,1,7
lccn/sn86063811/1938-08-24,1,0,0,0
lccn/sn83045462/1949-10-15,2,2,1,1
lccn/sn83045462/1948-06-26,1,6,9,-3
lccn/sn85040749/1907-11-26,1,8,12,-4
lccn/sn85040749/1909-07-20,1,4,14,-10
lccn/sn85040749/1901-04-30,1,4,7,-3
lccn/sn83045462/1949-03-05,1,0,0,0
lccn/sn85040749/1904-11-29,1,6,18,-12
lccn/sn85040749/1905-09-26,1,14,21,-7
lccn/sn85040749/1905-06-13,2,4,1,3
lccn/sn83045462/1947-10-19,1,1,4,-3
lccn/sn83045462/1947-11-09,2,17,4,13
lccn/sn83045462/1947-02-15,2,11,6,5
lccn/sn83016689/1908-11-14,1,4,10,-6
lccn/sn83016689/1908-11-16,1,1,12,-11
lccn/sn83045462/1941-03-20,1,3,11,-8
lccn/sn83045462/1946-02-07,2,19,7,12
lccn/sn83016689/1908-06-22,2,15,5,10
lccn/sn83016025/1882-11-07,2,23,13,10
lccn/sn83016025/1882-10-21,2,20,10,10
lccn/sn83016025/1882-05-13,2,14,7,7
lccn/sn84026784/1875-10-02,1,5,5,0
lccn/sn86092518/1890-10-02,1,6,15,-9
lccn/sn86092518/1897-08-26,2,7,4,3
lccn/sn82015313/1929-01-24,2,5,2,3
lccn/sn82014519/1927-10-31,1,1,16,-15
lccn/sn82014519/1927-09-14,2,7,5,2
lccn/sn86092245/1901-02-21,1,8,9,-1
lccn/sn86092245/1901-02-28,2,8,5,3
lccn/sn86092245/1902-01-02,1,4,12,-8
lccn/sn85042243/1929-05-18,1,7,9,-2
lccn/sn85042243/1929-06-15,2,3,2,1
lccn/sn85042243/1930-01-03,1,2,3,-1
lccn/sn85042243/1929-10-04,1,1,3,-2
lccn/sn85042243/1929-06-01,1,5,10,-5
lccn/sn85042243/1930-11-15,1,5,8,-3
lccn/sn87062237/1922-04-15,1,7,7,0
lccn/sn87062237/1922-01-25,1,0,5,-5
lccn/sn87062237/1922-01-25,1,4,6,-2
lccn/sn91059394/1885-12-02,2,30,19,11
lccn/sn91059394/1889-06-26,2,17,7,10
lccn/sn85035720/1920-01-20,1,2,10,-8
lccn/sn82015313/1925-09-10,2,13,8,5
lccn/sn89053684/1904-06-26,1,0,0,0
lccn/sn85042243/1934-08-23,1,3,4,-1
lccn/sn85042243/1935-11-09,1,4,4,0
lccn/sn85042354/1921-09-24,1,0,9,-9
lccn/sn85042354/1921-09-12,1,3,3,0
lccn/sn85042243/1937-01-06,2,33,0,33
lccn/sn85042243/1937-01-05,2,23,0,23
lccn/sn85042243/1932-05-03,2,8,3,5
lccn/sn85042243/1933-02-14,1,8,9,-1
lccn/sn85042243/1933-03-30,2,7,1,6
lccn/sn85042224/1917-02-12,1,0,1,-1
lccn/sn85042224/1915-09-09,2,16,13,3
lccn/sn85042224/1915-10-09,2,21,1,20
lccn/sn85042224/1916-12-30,2,11,1,10
lccn/sn84024718/1852-01-21,1,0,0,0
lccn/sn84022374/1898-04-13,2,25,9,16
lccn/sn91059392/1885-01-15,1,13,13,0
lccn/sn91059392/1889-06-13,2,15,7,8
lccn/sn84026826/1879-04-04,1,3,6,-3
lccn/sn84026826/1873-09-12,1,4,9,-5
lccn/sn84026826/1872-11-29,1,2,3,-1
lccn/sn84026826/1879-12-26,2,9,8,1
lccn/sn84024718/1859-07-12,2,10,3,7
lccn/sn85040245/1909-07-15,1,8,8,0
lccn/sn84020504/1907-08-07,1,10,12,-2
lccn/sn84020504/1908-01-08,2,3,2,1
lccn/sn84020504/1907-10-04,2,4,0,4
lccn/sn82015313/1933-05-22,2,12,5,7
lccn/sn82015313/1935-12-07,2,12,2,10
lccn/sn82015313/1931-07-27,1,6,14,-8
lccn/sn87065528/1942-02-13,1,12,12,0
lccn/sn96061108/1886-11-11,1,0,0,0
lccn/sn89053987/1878-05-01,2,8,5,3
lccn/sn89053987/1872-02-07,2,16,2,14
lccn/sn89053987/1867-06-26,1,5,8,-3
lccn/sn89053987/1868-10-07,2,7,1,6
lccn/sn89053987/1868-10-14,2,16,3,13
lccn/sn89053987/1868-10-21,2,9,2,7
lccn/sn89053987/1871-11-08,2,12,3,9
lccn/sn91064009/1909-01-22,2,8,0,8
lccn/sn86072021/1888-03-01,1,0,0,0
lccn/sn82014248/1870-02-03,1,11,13,-2
lccn/sn82014248/1870-03-16,1,0,2,-2
lccn/sn82014248/1870-04-11,2,10,7,3
lccn/sn82014356/1850-04-25,2,14,10,4
lccn/sn82014356/1856-03-20,2,9,4,5
lccn/sn90051006/1907-09-07,2,3,2,1
lccn/sn86072192/1902-05-07,1,0,0,0
lccn/sn85038485/1907-02-14,2,19,2,17
lccn/sn87075008/1939-05-04,1,5,7,-2
lccn/sn91064011/1914-02-05,2,11,3,8
lccn/sn91064011/1914-09-05,1,4,6,-2
lccn/sn84027329/1883-08-23,2,7,2,5
lccn/sn84027329/1870-03-24,1,2,2,0
lccn/sn87058308/1885-05-07,2,24,5,19
lccn/sn84027329/1880-08-05,2,18,7,11
lccn/sn84027329/1879-05-22,1,13,13,0
lccn/sn86075141/1939-06-29,2,12,2,10
lccn/sn86075141/1939-06-15,1,0,0,0
lccn/sn86075141/1939-06-08,2,9,2,7
lccn/sn85038485/1909-09-08,1,5,5,0
lccn/sn82014248/1874-07-16,2,7,6,1
lccn/sn82014248/1877-06-19,2,12,6,6
lccn/sn91064011/1915-05-28,1,2,9,-7
lccn/sn91064011/1915-05-03,2,4,3,1
lccn/sn91064011/1915-01-25,1,3,5,-2
lccn/sn85038485/1910-04-10,2,5,3,2
lccn/sn85038485/1910-01-04,2,2,1,1
lccn/sn85038485/1910-01-05,2,13,8,5
lccn/sn87058308/1892-11-03,2,11,4,7
lccn/sn87058308/1893-11-16,2,19,1,18
lccn/sn85042104/1894-09-09,2,7,1,6
lccn/sn85042104/1894-09-02,2,7,3,4
lccn/sn85042104/1894-08-17,2,3,2,1
lccn/sn85042104/1894-09-23,1,1,1,0
lccn/sn82014248/1892-10-22,1,2,2,0
lccn/sn85038485/1911-09-21,2,12,3,9
lccn/sn97065763/1891-08-08,2,3,2,1
lccn/sn85038485/1911-08-06,2,17,1,16
lccn/sn85038485/1911-05-21,2,9,1,8
lccn/sn00065129/1884-02-09,1,0,0,0
lccn/sn85038485/1910-08-28,2,14,1,13
lccn/sn84024326/1923-02-27,1,4,6,-2
lccn/sn85038485/1913-07-13,2,18,1,17
lccn/sn97065763/1916-04-22,2,5,2,3
lccn/sn86063730/1932-05-29,2,16,5,11
lccn/sn97065763/1915-07-17,1,4,7,-3
lccn/sn88063294/1941-04-02,2,9,6,3
lccn/sn85038485/1915-08-15,1,0,0,0
lccn/sn85038485/1915-09-14,1,5,6,-1
lccn/sn90051300/1899-11-09,1,0,0,0
lccn/sn87068079/1901-05-09,1,12,14,-2
lccn/sn87068079/1904-01-14,2,4,1,3
lccn/sn87068079/1905-05-18,2,12,11,1
lccn/sn87068079/1909-02-04,2,6,3,3
lccn/sn87068079/1909-02-25,1,7,7,0
lccn/sn87068079/1909-03-04,2,9,2,7
lccn/sn2001063546/1901-12-,2,10,3,7
lccn/sn88063294/1942-09-14,2,7,6,1
lccn/sn82014248/1893-06-30,1,3,4,-1
lccn/sn88063294/1942-08-11,2,4,1,3
lccn/sn85025007/1869-05-22,2,6,3,3
lccn/sn82014248/1886-09-02,1,0,0,0
lccn/sn98062948/1893-01-05,1,3,8,-5
lccn/sn85035801/1918-02-05,1,3,5,-2
lccn/sn85035801/1916-09-12,1,6,6,0
lccn/sn85035801/1919-12-30,1,4,6,-2
lccn/sn85059533/1896-05-09,1,3,11,-8
lccn/sn84038206/1898-12-03,1,4,5,-1
lccn/sn89064489/1892-11-24,2,18,11,7
lccn/sn89053706/1894-08-20,2,9,0,9
lccn/sn89053706/1894-01-02,2,25,6,19
lccn/sn84022565/1885-08-19,2,14,11,3
lccn/sn84022565/1885-02-11,1,4,11,-7
lccn/sn84022565/1890-02-13,2,15,4,11
lccn/sn84022565/1895-01-17,2,6,2,4
lccn/sn84022565/1898-03-10,2,15,10,5
lccn/sn84022565/1896-03-19,2,6,2,4
lccn/sn84022565/1899-09-14,2,13,2,11
lccn/sn84022565/1905-04-27,2,2,0,2
lccn/sn84020071/1856-01-31,1,8,15,-7
lccn/sn88063294/1945-11-23,2,6,5,1
lccn/sn88063294/1945-12-28,1,0,0,0
lccn/sn96075050/1913-08-28,2,17,2,15
lccn/sn96075050/1923-01-04,2,20,15,5
lccn/sn96075050/1920-06-03,2,8,2,6
lccn/sn83016235/1897-11-05,2,10,2,8
lccn/sn83016235/1897-11-12,2,9,6,3
lccn/sn85049838/1891-02-05,2,13,12,1
lccn/sn85059533/1895-09-14,2,10,6,4
lccn/sn87057928/1909-01-14,2,20,5,15
lccn/sn86090947/1902-11-20,1,2,5,-3
lccn/sn86090947/1901-12-30,1,5,7,-2
lccn/sn86090947/1902-03-31,1,5,8,-3
lccn/sn89053706/1900-07-30,2,17,7,10
lccn/sn89053706/1903-07-27,1,0,0,0
lccn/sn89053706/1903-09-28,2,14,5,9
lccn/sn86090947/1917-09-25,2,11,3,8
lccn/sn84038468/1839-08-15,2,14,2,12
lccn/sn85059533/1889-08-17,2,7,5,2
lccn/sn84020422/1881-08-10,2,11,3,8
lccn/sn84020422/1883-10-24,2,9,2,7
lccn/sn84020422/1882-10-18,1,5,11,-6
lccn/sn84020422/1875-11-17,2,11,2,9
lccn/sn84020422/1877-10-17,2,9,2,7
lccn/sn89064489/1894-05-10,1,6,6,0
lccn/sn89064489/1894-05-10,1,0,0,0
lccn/sn85035801/1907-10-01,2,26,9,17
lccn/sn85035801/1907-09-10,2,7,1,6
lccn/sn85035801/1908-04-28,2,6,5,1
lccn/sn85035801/1908-04-07,2,7,3,4
lccn/sn85035801/1908-04-14,2,13,5,8
lccn/sn85035801/1908-04-21,2,8,4,4
lccn/sn85035801/1908-09-01,2,4,0,4
lccn/sn85035801/1908-09-22,2,4,0,4
lccn/sn85035801/1908-09-29,2,12,4,8
lccn/sn85035801/1909-04-20,1,3,5,-2
lccn/sn85035801/1909-04-27,1,0,0,0
lccn/sn85035801/1909-05-04,2,14,3,11
lccn/sn85035801/1909-04-06,1,4,12,-8
lccn/sn85035801/1909-05-11,2,20,13,7
lccn/sn85035801/1909-01-26,1,5,6,-1
lccn/sn85035801/1907-04-30,2,11,2,9
lccn/sn85035801/1908-01-28,2,2,0,2
lccn/sn85035801/1908-02-04,2,10,8,2
lccn/sn85035801/1908-01-14,2,12,6,6
lccn/sn85035801/1908-01-21,2,12,1,11
lccn/sn85035801/1906-02-06,2,15,9,6
lccn/sn85035801/1906-01-23,1,1,1,0
lccn/sn85035801/1906-01-30,1,1,1,0
lccn/sn85035801/1906-01-09,1,0,0,0
lccn/sn85035801/1906-03-06,2,15,5,10
lccn/sn85035801/1906-03-13,1,10,10,0
lccn/sn85035801/1906-04-03,2,8,0,8
lccn/sn85035801/1906-05-01,2,4,2,2
lccn/sn85035801/1906-04-10,2,7,0,7
lccn/sn85035801/1906-04-17,2,5,0,5
lccn/sn85035801/1909-09-21,2,17,5,12
lccn/sn85035801/1909-09-28,2,3,2,1
lccn/sn85035801/1910-05-10,2,5,2,3
lccn/sn85035801/1910-04-19,2,10,2,8
lccn/sn85035801/1910-04-12,2,11,3,8
lccn/sn85035801/1910-01-04,2,18,8,10
lccn/sn85035801/1908-03-31,2,16,7,9
lccn/sn85035801/1909-09-14,2,3,0,3
lccn/sn85035801/1911-01-10,1,0,0,0
lccn/sn85035801/1911-01-17,1,5,5,0
lccn/sn85035801/1913-09-02,1,2,9,-7
lccn/sn85035801/1913-10-28,1,11,11,0
lccn/sn85035801/1913-06-10,1,4,4,0
lccn/sn85035801/1915-05-18,2,15,5,10
lccn/sn85035801/1915-06-08,1,0,6,-6
lccn/sn82014085/1931-01-10,2,9,5,4
lccn/sn82014085/1931-05-11,2,19,11,8
lccn/sn85035524/1888-02-18,1,5,5,0
lccn/sn85035524/1888-05-05,2,7,4,3
lccn/sn85035524/1907-03-01,2,4,3,1
lccn/sn85035524/1908-05-29,2,6,2,4
lccn/sn85035524/1910-01-28,2,18,8,10
lccn/sn89053713/1920-04-24,2,12,6,6
lccn/sn89053713/1921-08-04,1,0,0,0
lccn/sn89053713/1921-08-13,2,17,2,15
lccn/sn89053713/1922-04-01,2,16,5,11
lccn/sn89053713/1922-05-27,2,14,0,14
lccn/sn89053713/1922-01-07,2,20,3,17
lccn/sn89053713/1921-04-19,2,24,4,20
lccn/sn89053713/1921-04-05,2,22,3,19
lccn/sn89053713/1921-05-24,2,9,6,3
lccn/sn89053713/1921-04-23,2,15,7,8
lccn/sn89053713/1921-04-02,2,12,4,8
lccn/sn89053713/1922-09-30,2,18,1,17
lccn/sn89053713/1922-05-30,1,0,0,0
lccn/sn89053713/1922-07-13,2,10,4,6
lccn/sn89053713/1923-03-06,2,9,3,6
lccn/sn89053713/1923-05-10,2,8,2,6
lccn/sn89053713/1923-05-15,2,16,9,7
lccn/sn89053713/1924-03-20,2,24,10,14
lccn/sn89053713/1924-02-21,2,10,3,7
lccn/sn89053713/1923-01-09,2,13,1,12
lccn/sn89053713/1924-01-03,1,0,0,0
lccn/sn89053713/1923-11-01,2,11,0,11
lccn/sn89053713/1923-03-03,2,13,12,1
lccn/sn89053713/1923-01-23,2,13,1,12
lccn/sn89053713/1923-09-15,2,11,7,4
lccn/sn89053713/1923-10-11,1,10,14,-4
lccn/sn89053713/1923-08-23,2,17,5,12
lccn/sn86090947/1919-04-01,1,0,0,0
lccn/sn89053713/1920-09-11,2,5,4,1
lccn/sn89053713/1924-07-24,1,1,5,-4
lccn/sn89053713/1924-07-31,2,19,4,15
lccn/sn89053713/1924-07-22,2,3,2,1
lccn/sn89053713/1924-05-20,2,8,5,3
lccn/sn89053713/1924-11-06,1,8,11,-3
lccn/sn89053713/1924-06-26,2,19,3,16
lccn/sn89053713/1924-09-02,2,8,2,6
lccn/sn89053729/1912-07-25,2,5,0,5
lccn/sn89053729/1912-10-28,2,15,3,12
lccn/sn89053729/1912-10-26,2,11,0,11
lccn/sn84020422/1889-04-10,1,3,3,0
lccn/sn84020422/1896-09-02,2,9,5,4
lccn/sn87058308/1896-05-07,2,15,7,8
lccn/sn82014085/1933-05-22,2,20,4,16
lccn/sn84022980/1898-03-04,2,8,5,3
lccn/sn83016209/1916-05-12,2,10,2,8
lccn/sn85040613/1909-07-21,1,4,6,-2
lccn/sn82014248/1898-01-20,1,2,10,-8
lccn/sn85040303/1849-01-19,2,16,5,11
lccn/sn84020071/1871-11-23,2,9,2,7
lccn/sn84020071/1873-11-06,1,6,14,-8
lccn/sn89053729/1913-10-31,2,7,3,4
lccn/sn89053729/1913-10-30,2,7,4,3
lccn/sn89053729/1913-10-29,2,6,1,5
lccn/sn86063730/1935-10-06,2,6,3,3
lccn/sn86063730/1935-10-06,1,4,4,0
lccn/sn86063730/1935-10-06,2,6,4,2
lccn/sn89053729/1913-11-02,1,3,11,-8
lccn/sn83045473/1924-11-07,1,1,2,-1
lccn/sn84024707/1876-03-30,1,2,2,0
lccn/sn84024707/1889-09-19,2,18,4,14
lccn/sn84024707/1872-01-18,1,0,0,0
lccn/sn84024707/1874-01-01,1,0,0,0
lccn/sn84024707/1873-06-26,2,28,5,23
lccn/sn84024707/1873-07-24,1,4,4,0
lccn/sn84024707/1873-08-07,1,0,0,0
lccn/sn84024707/1873-07-10,2,8,4,4
lccn/sn84024707/1873-07-17,2,4,3,1
lccn/sn84024653/1887-04-15,2,14,6,8
lccn/sn84024653/1887-04-22,2,13,1,12
lccn/sn84024653/1887-04-29,2,16,1,15
lccn/sn84024653/1886-05-14,1,0,0,0
lccn/sn84024653/1887-09-09,2,7,4,3
lccn/sn84024653/1888-07-27,1,7,9,-2
lccn/sn85033123/1881-09-02,1,0,0,0
lccn/sn85033123/1887-02-25,2,8,6,2
lccn/sn82014248/1901-02-21,2,5,3,2
lccn/sn82014248/1898-05-21,2,5,4,1
lccn/sn91070630/1893-05-16,2,6,2,4
lccn/sn85038485/1916-05-31,2,6,4,2
lccn/sn85033255/1888-06-21,1,7,11,-4
lccn/sn85033255/1886-05-20,1,0,0,0
lccn/sn85033255/1878-12-19,1,4,5,-1
lccn/sn85038485/1919-01-24,2,25,12,13
lccn/sn85033255/1874-10-02,1,0,0,0
lccn/sn87062224/1930-08-08,2,7,6,1
lccn/sn85038485/1920-01-25,2,14,0,14
lccn/sn85040310/1909-07-15,2,5,4,1
lccn/sn85038485/1920-02-29,2,18,2,16
lccn/sn85038485/1920-03-21,2,22,0,22
lccn/sn85038485/1917-06-22,2,15,3,12
lccn/sn90052005/1919-06-13,1,6,6,0
lccn/sn90052005/1918-01-11,1,0,0,0
lccn/sn82014248/1904-12-05,1,9,13,-4
lccn/sn84024652/1857-10-03,2,28,0,28
lccn/sn84024653/1873-11-07,2,7,3,4
lccn/sn84024653/1873-11-14,2,8,3,5
lccn/sn84024653/1873-07-11,2,10,7,3
lccn/sn84024653/1873-09-19,1,4,11,-7
lccn/sn84024653/1873-10-10,2,6,3,3
lccn/sn84024653/1868-08-28,1,0,0,0
lccn/sn84024653/1867-07-26,1,0,0,0
lccn/sn84024653/1860-08-10,2,7,0,7
lccn/sn84024653/1860-08-17,2,4,2,2
lccn/sn84024653/1860-08-03,1,0,0,0
lccn/sn96027384/1859-07-29,2,7,6,1
lccn/sn85038485/1917-12-23,1,0,0,0
lccn/sn85038485/1918-06-09,2,17,2,15
lccn/sn85038485/1918-06-07,2,22,1,21
lccn/sn85033255/1909-07-15,1,6,7,-1
lccn/sn84024649/1839-08-01,2,13,2,11
lccn/sn90052005/1913-01-26,2,11,1,10
lccn/sn83016589/1882-08-04,2,15,2,13
lccn/sn83016589/1881-06-10,2,9,5,4
lccn/sn83016589/1888-06-01,2,14,6,8
lccn/sn83016209/1894-06-08,1,3,9,-6
lccn/sn83016209/1899-04-07,2,8,3,5
lccn/sn83016209/1897-12-10,2,11,3,8
lccn/sn83016209/1911-10-13,1,1,8,-7
lccn/sn83016209/1895-10-04,2,4,3,1
lccn/sn83016209/1906-12-14,2,5,3,2
lccn/sn86092009/1889-03-21,2,15,5,10
lccn/sn83016209/1886-09-24,1,6,9,-3
lccn/sn83016209/1887-08-12,1,1,3,-2
lccn/sn83016209/1887-07-01,2,3,1,2
lccn/sn83016209/1887-07-22,1,3,4,-1
lccn/sn83016209/1887-01-07,1,5,7,-2
lccn/sn83016209/1887-01-14,1,4,9,-5
lccn/sn83016209/1887-01-21,1,2,7,-5
lccn/sn83016209/1887-01-28,1,10,10,0
lccn/sn83016209/1887-02-04,1,7,7,0
lccn/sn83016209/1887-02-11,2,16,3,13
lccn/sn90052005/1911-05-20,1,5,8,-3
lccn/sn85033133/1887-07-21,2,14,8,6
lccn/sn85033133/1869-10-05,2,7,4,3
lccn/sn85033133/1869-10-12,2,23,1,22
lccn/sn85033133/1873-06-26,2,7,5,2
lccn/sn85033133/1869-01-12,2,10,5,5
lccn/sn85033133/1870-03-01,2,9,3,6
lccn/sn85033133/1869-09-28,2,6,3,3
lccn/sn90052005/1914-12-14,2,11,5,6
lccn/sn85033133/1880-09-23,2,21,5,16
lccn/sn85033133/1878-03-07,1,2,4,-2
lccn/sn85033133/1879-01-30,2,17,2,15
lccn/sn85033133/1886-05-13,1,1,1,0
lccn/sn83016589/1922-06-23,2,8,4,4
lccn/sn83016589/1922-05-19,2,10,2,8
lccn/sn83016589/1922-05-26,2,6,3,3
lccn/sn83016589/1922-06-02,2,12,4,8
lccn/sn83016589/1923-11-02,1,3,10,-7
lccn/sn83016589/1923-11-09,1,3,5,-2
lccn/sn83016589/1923-02-23,1,5,12,-7
lccn/sn83016589/1922-10-13,2,15,5,10
lccn/sn88071311/1886-01-24,2,13,5,8
lccn/sn85036014/1889-10-13,2,12,4,8
lccn/sn85036014/1889-10-20,1,4,11,-7
lccn/sn85036014/1889-09-29,2,16,6,10
lccn/sn85036014/1889-11-03,2,8,1,7
lccn/sn85036014/1889-11-10,2,6,4,2
lccn/sn85036014/1889-09-15,2,19,2,17
lccn/sn85036014/1889-09-08,2,19,3,16
lccn/sn85036014/1890-09-07,1,7,8,-1
lccn/sn85036014/1890-09-14,2,14,9,5
lccn/sn85036014/1890-09-21,2,10,1,9
lccn/sn85036014/1890-09-28,2,13,4,9
lccn/sn84026089/1876-04-05,2,4,3,1
lccn/sn84026089/1877-05-02,1,0,0,0
lccn/sn84026089/1891-08-19,2,7,6,1
lccn/sn84026089/1886-06-30,1,6,13,-7
lccn/sn84026749/1927-03-24,1,8,8,0
lccn/sn84026749/1928-03-10,1,0,0,0
lccn/sn86053573/1874-05-29,2,18,1,17
lccn/sn85058130/1900-12-09,2,6,3,3
lccn/sn84026749/1906-12-30,2,3,2,1
lccn/sn83045462/1887-04-22,2,15,1,14
lccn/sn82014511/1860-07-12,2,9,4,5
lccn/sn98060050/1887-10-28,2,25,9,16
lccn/sn85058130/1901-08-08,2,4,2,2
lccn/sn86053573/1876-06-22,2,6,0,6
lccn/sn85058130/1905-07-30,2,8,6,2
lccn/sn85058130/1905-09-13,1,5,18,-13
lccn/sn83045462/1945-08-13,2,18,5,13
lccn/sn83045462/1945-08-26,2,20,1,19
lccn/sn83045462/1945-01-07,2,19,1,18
lccn/sn83045462/1940-08-25,2,8,5,3
lccn/sn83045462/1944-08-27,2,22,1,21
lccn/sn83045462/1937-09-26,2,8,3,5
lccn/sn83045462/1937-10-24,2,18,8,10
lccn/sn83045462/1937-12-05,2,10,8,2
lccn/sn83045462/1937-11-07,2,8,2,6
lccn/sn83045462/1937-10-31,2,9,3,6
lccn/sn83045462/1936-03-01,2,8,2,6
lccn/sn83045462/1947-08-08,2,14,2,12
lccn/sn83045462/1947-10-02,2,14,0,14
lccn/sn83045462/1947-10-03,2,12,0,12
lccn/sn82015137/1883-04-28,2,5,3,2
lccn/sn83045462/1949-02-14,2,8,3,5
lccn/sn83045462/1938-04-24,2,13,5,8
lccn/sn83045462/1938-03-20,2,17,0,17
lccn/sn83045462/1937-12-12,2,14,0,14
lccn/sn83045462/1937-12-19,2,13,0,13
lccn/sn83045462/1949-03-10,2,15,3,12
lccn/sn83045462/1949-06-01,2,5,2,3
lccn/sn83045462/1946-01-20,2,13,0,13
lccn/sn84024656/1854-08-16,2,3,1,2
lccn/sn85033255/1883-01-18,2,12,4,8
lccn/sn85066387/1910-06-26,2,6,1,5
lccn/sn84026749/1905-03-25,2,2,1,1
lccn/sn83045462/1927-01-30,2,15,2,13
lccn/sn82014381/1881-01-01,2,5,3,2
lccn/sn83045462/1923-12-11,1,0,0,0
lccn/sn83045462/1923-12-12,2,28,0,28
lccn/sn83045462/1923-10-18,2,8,1,7
lccn/sn83045462/1923-09-29,2,10,1,9
lccn/sn85066387/1905-08-01,1,0,0,0
lccn/sn85066387/1905-05-28,2,10,0,10
lccn/sn85066387/1905-05-02,2,8,0,8
lccn/sn85066387/1907-02-09,2,11,0,11
lccn/sn85066387/1912-02-04,2,3,1,2
lccn/sn83045462/1923-08-19,2,5,1,4
lccn/sn84026749/1910-10-08,2,7,3,4
lccn/sn83030272/1885-05-29,1,7,7,0
lccn/sn83030272/1904-01-28,2,7,2,5
lccn/sn86053571/1869-08-16,2,5,3,2
lccn/sn83045433/1909-07-19,2,6,1,5
lccn/sn83045433/1909-07-22,2,8,2,6
lccn/sn83045433/1909-07-29,1,7,10,-3
lccn/sn83045433/1909-08-06,2,18,2,16
lccn/sn83045433/1909-01-12,2,10,3,7
lccn/sn83045433/1909-02-19,1,1,15,-14
lccn/sn83045433/1908-06-18,2,4,2,2
lccn/sn83045433/1909-07-15,2,11,6,5
lccn/sn83045433/1909-07-16,2,8,4,4
lccn/sn83045462/1890-06-07,1,0,7,-7
lccn/sn84026749/1904-09-15,1,5,5,0
lccn/sn83045462/1912-10-19,2,15,1,14
lccn/sn83045462/1912-10-18,2,6,4,2
lccn/sn84031492/1874-09-20,2,9,1,8
lccn/sn83045462/1916-04-08,2,3,1,2
lccn/sn83045462/1916-04-10,2,14,0,14
lccn/sn83045462/1916-10-18,2,11,0,11
lccn/sn83045462/1916-10-01,2,15,0,15
lccn/sn83045462/1916-10-08,2,8,0,8
lccn/sn83045462/1916-10-09,2,6,0,6
lccn/sn83045462/1916-10-10,2,9,1,8
lccn/sn83045462/1916-10-14,2,3,2,1
lccn/sn83045462/1916-10-15,2,9,0,9
lccn/sn83045462/1916-10-16,2,6,0,6
lccn/sn83045462/1916-10-17,2,9,3,6
lccn/sn83045462/1916-11-11,1,0,0,0
lccn/sn83030214/1888-03-05,1,0,0,0
lccn/sn94052989/1894-02-16,1,4,4,0
lccn/sn94052989/1892-12-29,1,0,0,0
lccn/sn83009573/1858-10-04,2,11,7,4
lccn/sn83009573/1861-01-17,1,0,0,0
lccn/sn83009573/1860-09-17,2,9,6,3
lccn/sn83045462/1875-06-21,2,2,0,2
lccn/sn83045462/1910-08-15,2,4,2,2
lccn/sn83045462/1911-06-27,2,9,2,7
lccn/sn83045462/1911-06-28,2,9,1,8
lccn/sn83045462/1911-06-29,2,3,0,3
lccn/sn83045462/1912-06-22,2,5,2,3
lccn/sn83045462/1912-05-01,2,5,2,3
lccn/sn83045462/1912-05-03,2,9,0,9
lccn/sn83045462/1910-08-18,1,0,1,-1
lccn/sn83045462/1912-02-25,2,11,2,9
lccn/sn83045462/1912-03-05,2,10,3,7
lccn/sn83045462/1912-03-06,2,11,2,9
lccn/sn83045462/1912-01-31,2,9,0,9
lccn/sn83045462/1912-07-12,2,17,0,17
lccn/sn83045462/1912-07-13,2,20,4,16
lccn/sn83045462/1910-08-17,1,4,6,-2
lccn/sn83045462/1886-04-03,2,4,2,2
lccn/sn83045462/1877-09-12,1,3,4,-1
lccn/sn83045462/1877-06-21,1,3,4,-1
lccn/sn83030272/1899-12-24,1,10,12,-2
lccn/sn83030272/1899-10-15,1,2,3,-1
lccn/sn83030214/1906-07-25,2,3,2,1
lccn/sn85058130/1902-01-05,1,9,11,-2
lccn/sn85058130/1901-09-01,2,13,3,10
lccn/sn85058130/1901-10-20,2,10,7,3
lccn/sn85058130/1901-10-13,2,7,6,1
lccn/sn85058130/1901-11-03,2,19,4,15
lccn/sn93059208/1903-10-03,2,9,4,5
lccn/sn83045433/1908-02-23,2,10,3,7
lccn/sn83045433/1908-02-09,2,4,1,3
lccn/sn85058130/1905-09-07,2,6,3,3
lccn/sn85058130/1905-09-08,2,6,0,6
lccn/sn82014064/1871-09-20,1,2,2,0
lccn/sn82014064/1871-11-19,1,0,0,0
lccn/sn83045462/1912-02-10,2,12,3,9
lccn/sn83045462/1912-02-13,2,11,1,10
lccn/sn83045462/1912-09-17,2,12,0,12
lccn/sn83045462/1912-09-18,2,10,1,9
lccn/sn83045462/1912-09-20,2,14,0,14
lccn/sn83045462/1912-02-01,2,6,1,5
lccn/sn83045462/1912-02-09,2,2,0,2
lccn/sn83045462/1912-02-11,2,5,0,5
lccn/sn83045462/1912-02-14,2,10,3,7
lccn/sn83045462/1912-02-15,2,5,0,5
lccn/sn83045462/1912-02-18,2,14,1,13
lccn/sn83045462/1912-02-22,1,2,2,0
lccn/sn83045462/1912-02-23,2,6,1,5
lccn/sn83045462/1911-07-27,2,6,4,2
lccn/sn83045462/1911-07-31,2,7,4,3
lccn/sn83045462/1911-07-15,1,0,0,0
lccn/sn83045462/1911-07-20,1,0,0,0
lccn/sn83045462/1911-07-12,2,7,4,3
lccn/sn85066387/1909-05-16,1,2,2,0
lccn/sn84024735/1863-07-24,1,1,3,-2
lccn/sn83030213/1845-01-28,1,0,0,0
lccn/sn85058140/1910-10-14,2,7,0,7
lccn/sn86053573/1882-01-11,1,3,5,-2
lccn/sn83045462/1919-03-29,2,5,1,4
lccn/sn83045462/1922-09-10,2,6,3,3
lccn/sn83045462/1915-09-15,2,12,0,12
lccn/sn83045462/1915-08-14,2,16,3,13
lccn/sn83045462/1917-02-05,2,11,1,10
lccn/sn83045462/1917-02-06,2,9,1,8
lccn/sn83045462/1917-02-14,2,17,0,17
lccn/sn83045462/1917-02-15,2,14,4,10
lccn/sn83045462/1917-02-16,2,5,2,3
lccn/sn83045462/1917-02-21,2,16,3,13
lccn/sn83045462/1915-10-02,2,10,2,8
lccn/sn83045462/1915-10-04,2,11,2,9
lccn/sn83045462/1915-10-10,2,8,1,7
lccn/sn83045462/1915-10-11,2,7,1,6
lccn/sn83045462/1915-10-12,2,15,2,13
lccn/sn83045462/1915-08-15,2,4,0,4
lccn/sn83045462/1917-02-02,2,4,0,4
lccn/sn83045462/1916-09-24,2,5,1,4
lccn/sn83045462/1916-09-16,2,5,0,5
lccn/sn83045462/1917-01-23,2,1,0,1
lccn/sn83045462/1917-03-22,2,3,0,3
lccn/sn83045462/1917-02-26,2,9,2,7
lccn/sn83045462/1917-01-13,2,5,2,3
lccn/sn83045462/1887-01-21,1,7,9,-2
lccn/sn83045462/1887-09-21,2,14,1,13
lccn/sn83045462/1887-12-15,1,3,7,-4
lccn/sn83045462/1887-06-11,2,4,1,3
lccn/sn83045462/1889-06-14,1,7,10,-3
lccn/sn84024738/1858-07-01,1,0,0,0
lccn/sn83030214/1903-01-21,2,1,0,1
lccn/sn83030214/1902-12-06,1,2,3,-1
lccn/sn94052989/1890-07-26,2,15,3,12
lccn/sn94052989/1891-08-07,1,6,13,-7
lccn/sn85066387/1905-06-03,2,11,1,10
lccn/sn83030313/1866-01-26,1,3,4,-1
lccn/sn82014064/1870-05-05,1,0,0,0
lccn/sn82014064/1869-10-29,2,8,4,4
lccn/sn82014064/1870-04-25,1,8,21,-13
lccn/sn83030272/1873-09-26,1,6,7,-1
lccn/sn83045462/1909-07-09,1,0,0,0
lccn/sn83045462/1909-07-11,2,5,2,3
lccn/sn83045462/1909-07-13,1,0,0,0
lccn/sn83045462/1909-07-16,1,0,0,0
lccn/sn83045462/1909-07-10,2,7,4,3
lccn/sn83030272/1907-12-12,1,5,11,-6
lccn/sn83030272/1907-12-11,2,4,3,1
lccn/sn87062253/1873-12-11,1,12,20,-8
lccn/sn83045433/1910-03-27,2,8,3,5
lccn/sn83045433/1910-09-05,1,2,3,-1
lccn/sn83016926/1882-03-08,1,3,3,0
lccn/sn83045462/1903-06-17,2,6,0,6
lccn/sn84026749/1908-04-29,2,11,4,7
lccn/sn84026749/1908-04-25,2,9,2,7
lccn/sn83045462/1918-10-23,2,10,2,8
lccn/sn85058130/1903-04-14,2,2,1,1
lccn/sn85058130/1903-02-27,2,6,0,6
lccn/sn85058130/1903-06-04,2,12,2,10
lccn/sn85058130/1902-07-17,2,9,3,6
lccn/sn85058130/1902-07-20,1,6,11,-5
lccn/sn85058130/1903-06-05,1,9,11,-2
lccn/sn85058130/1903-08-28,1,2,4,-2
lccn/sn85058130/1903-08-24,1,1,4,-3
lccn/sn83045433/1907-09-11,2,8,4,4
lccn/sn85058130/1903-08-16,2,9,6,3
lccn/sn83045433/1907-05-11,2,12,5,7
lccn/sn85058130/1902-07-25,2,13,0,13
lccn/sn85058130/1902-07-26,2,12,1,11
lccn/sn85058130/1903-04-24,1,3,13,-10
lccn/sn85058130/1901-03-19,1,3,8,-5
lccn/sn85058130/1903-08-31,1,5,7,-2
lccn/sn85058130/1904-02-07,2,8,7,1
lccn/sn83030272/1903-12-27,1,4,5,-1
lccn/sn83045462/1912-02-07,2,17,0,17
lccn/sn83045462/1912-02-08,2,6,1,5
lccn/sn83045462/1925-10-04,2,3,2,1
lccn/sn83045462/1925-07-19,2,4,1,3
lccn/sn83045462/1925-08-16,2,6,2,4
lccn/sn83045462/1925-09-19,2,9,1,8
lccn/sn83045462/1925-11-15,2,10,3,7
lccn/sn83045462/1925-11-22,2,8,3,5
lccn/sn84026853/1885-03-18,1,0,0,0
lccn/sn83045774/1920-10-07,2,3,2,1
lccn/sn83030272/1868-12-10,1,2,4,-2
lccn/sn83030272/1909-12-05,2,13,6,7
lccn/sn83030272/1909-11-24,2,9,5,4
lccn/sn83045462/1927-07-02,2,13,0,13
lccn/sn83045462/1927-09-24,2,14,3,11
lccn/sn83045462/1927-08-07,2,16,3,13
lccn/sn83045462/1927-12-04,2,8,0,8
lccn/sn83045462/1928-05-24,1,6,7,-1
lccn/sn83030272/1892-07-25,1,0,1,-1
lccn/sn83030272/1892-06-10,1,0,0,0
lccn/sn83030272/1892-08-01,1,0,0,0
lccn/sn83016926/1880-05-26,2,9,3,6
lccn/sn86053571/1869-06-30,2,8,3,5
lccn/sn83045433/1910-05-10,2,11,1,10
lccn/sn83045433/1910-05-05,2,5,0,5
lccn/sn86072143/1879-07-11,2,12,9,3
lccn/sn98060050/1886-12-24,2,7,5,2
lccn/sn98060050/1891-01-30,1,4,4,0
lccn/sn98060050/1906-09-28,2,12,2,10
lccn/sn82014064/1868-11-21,2,5,2,3
lccn/sn83045462/1884-07-25,1,6,12,-6
lccn/sn83045462/1914-09-21,2,5,0,5
lccn/sn83045462/1914-09-22,2,4,1,3
lccn/sn85058130/1900-02-01,2,8,0,8
lccn/sn85058130/1900-02-02,2,9,0,9
lccn/sn83045433/1906-10-26,1,8,10,-2
lccn/sn83030214/1875-01-07,1,4,4,0
lccn/sn85058130/1900-09-19,1,2,15,-13
lccn/sn85058130/1900-11-03,2,4,2,2
lccn/sn83045433/1907-03-10,2,10,5,5
lccn/sn83045433/1907-03-10,2,5,0,5
lccn/sn83045462/1914-11-03,2,5,2,3
lccn/sn83045462/1914-11-05,2,9,1,8
lccn/sn83045462/1921-01-19,2,15,1,14
lccn/sn84024441/1901-09-23,1,6,7,-1
lccn/sn85058130/1902-05-13,2,6,2,4
lccn/sn85058130/1902-09-16,2,7,6,1
lccn/sn85058130/1902-08-13,1,8,8,0
lccn/sn85058130/1903-01-01,2,4,2,2
lccn/sn85058130/1907-06-06,2,9,2,7
lccn/sn85058130/1907-07-07,2,6,1,5
lccn/sn85058130/1907-04-10,1,3,8,-5
lccn/sn85058130/1906-09-25,1,1,1,0
lccn/sn84026749/1905-11-08,2,5,4,1
lccn/sn83045555/1900-06-29,1,1,5,-4
lccn/sn83045555/1900-06-02,2,10,6,4
lccn/sn83045462/1912-11-09,2,10,0,10
lccn/sn94052989/1894-02-14,1,0,0,0
lccn/sn85058130/1909-03-21,1,3,5,-2
lccn/sn85058140/1910-10-19,2,8,1,7
lccn/sn85058140/1910-10-24,2,6,2,4
lccn/sn85058140/1910-10-18,1,4,5,-1
lccn/sn85058130/1903-09-03,2,12,3,9
lccn/sn85058130/1903-09-05,1,2,7,-5
lccn/sn85058130/1905-01-28,1,3,4,-1
lccn/sn85058130/1904-07-12,2,8,1,7
lccn/sn85058130/1904-07-21,2,7,3,4
lccn/sn85058130/1904-07-24,2,25,16,9
lccn/sn85058130/1904-08-10,2,6,2,4
lccn/sn85058130/1905-09-15,2,4,3,1
lccn/sn85058130/1905-05-31,2,5,4,1
lccn/sn86053573/1873-09-01,2,2,0,2
lccn/sn86053573/1873-09-08,2,9,1,8
lccn/sn84026749/1908-05-01,2,7,3,4
lccn/sn84026749/1908-05-03,2,12,1,11
lccn/sn84026749/1908-05-06,2,16,2,14
lccn/sn84026749/1908-05-07,2,12,0,12
lccn/sn84026749/1908-05-08,2,7,3,4
lccn/sn84026749/1908-05-09,2,9,2,7
lccn/sn84026749/1909-07-08,2,7,6,1
lccn/sn84024441/1902-03-24,1,4,4,0
lccn/sn84026749/1908-05-13,2,14,7,7
lccn/sn84026749/1908-05-18,2,6,3,3
lccn/sn84023209/1875-06-02,2,5,3,2
lccn/sn83045462/1899-10-31,2,8,5,3
lccn/sn83045462/1900-01-06,1,0,1,-1
lccn/sn83045462/1923-06-30,2,9,0,9
lccn/sn84026749/1910-12-04,2,5,1,4
lccn/sn83045462/1913-03-31,1,1,1,0
lccn/sn83045462/1913-10-22,2,3,1,2
lccn/sn83045462/1913-10-23,2,5,2,3
lccn/sn83045462/1888-09-29,1,2,10,-8
lccn/sn83045462/1888-09-12,1,3,4,-1
lccn/sn84023200/1883-01-10,2,6,4,2
lccn/sn83045462/1907-06-27,2,11,0,11
lccn/sn85058130/1904-04-14,1,3,4,-1
lccn/sn85058130/1904-09-08,1,6,10,-4
lccn/sn85058130/1904-09-09,2,3,1,2
lccn/sn85058130/1904-12-06,1,2,10,-8
lccn/sn86053573/1882-06-22,1,3,20,-17
lccn/sn85058130/1904-09-05,2,6,1,5
lccn/sn85058130/1904-10-04,2,17,4,13
lccn/sn85058130/1904-07-06,2,7,1,6
lccn/sn83030272/1904-04-10,1,4,8,-4
lccn/sn83045462/1920-07-31,2,7,0,7
lccn/sn83045462/1920-08-08,1,0,0,0
lccn/sn83045211/1921-07-30,2,4,1,3
lccn/sn83045160/1879-12-21,1,3,7,-4
lccn/sn83030272/1879-03-07,1,2,8,-6
lccn/sn83045462/1923-04-08,2,10,0,10
lccn/sn83045462/1923-07-01,2,17,4,13
lccn/sn83045462/1923-07-03,1,3,3,0
lccn/sn83045462/1923-06-21,2,14,1,13
lccn/sn83045462/1923-08-26,2,7,1,6
lccn/sn83045462/1923-04-29,2,8,1,7
lccn/sn83045462/1923-04-15,2,9,2,7
lccn/sn83030272/1886-12-05,1,5,7,-2
lccn/sn84031490/1864-03-02,1,4,6,-2
lccn/sn83045462/1907-08-15,2,13,1,12
lccn/sn83045462/1906-11-14,2,11,2,9
lccn/sn83045462/1906-11-15,2,1,0,1
lccn/sn83045462/1908-05-20,1,0,0,0
lccn/sn83045462/1917-06-23,2,3,2,1
lccn/sn83045462/1917-06-27,2,5,0,5
lccn/sn83045462/1917-05-30,2,9,1,8
lccn/sn83045462/1917-06-02,2,8,6,2
lccn/sn83045462/1902-05-23,1,0,0,0
lccn/sn85066387/1909-09-12,2,7,1,6
lccn/sn83045462/1913-07-05,2,14,3,11
lccn/sn83045462/1913-07-19,2,11,3,8
lccn/sn83045462/1913-07-21,2,3,0,3
lccn/sn83045462/1913-10-24,2,14,1,13
lccn/sn94052989/1891-11-13,2,13,6,7
lccn/sn95026908/1916-04-13,2,10,2,8
lccn/sn83045462/1908-04-10,2,8,2,6
lccn/sn83045462/1908-04-23,1,0,0,0
lccn/sn83045462/1908-05-13,1,0,0,0
lccn/sn83045462/1914-07-09,2,9,1,8
lccn/sn83045462/1914-07-25,2,13,2,11
lccn/sn83045462/1914-07-27,2,7,1,6
lccn/sn90059522/1888-10-04,2,19,1,18
lccn/sn83030272/1897-01-10,2,4,1,3
lccn/sn83030431/1918-07-25,1,0,0,0
lccn/sn84031490/1862-11-18,2,8,3,5
lccn/sn85066387/1905-07-23,2,5,0,5
lccn/sn85066387/1905-09-04,2,10,2,8
lccn/sn85066387/1905-07-10,2,6,1,5
lccn/sn83045462/1910-06-21,2,13,2,11
lccn/sn83045462/1910-08-13,2,4,1,3
lccn/sn83030214/1879-01-30,2,3,0,3
lccn/sn83045462/1885-09-19,2,11,9,2
lccn/sn83030272/1907-01-29,1,1,11,-10
lccn/sn84024735/1850-09-17,2,10,8,2
lccn/sn83045462/1905-09-19,2,9,5,4
lccn/sn83045462/1905-06-29,2,7,5,2
lccn/sn83045462/1905-08-31,2,19,0,19
lccn/sn83045462/1905-06-08,2,10,2,8
lccn/sn83045462/1905-06-14,1,1,6,-5
lccn/sn83045462/1905-06-13,1,3,3,0
lccn/sn83045462/1905-05-31,2,9,3,6
lccn/sn83045462/1905-06-06,2,9,3,6
lccn/sn83045462/1926-11-14,1,0,0,0
lccn/sn83045462/1926-05-16,2,7,0,7
lccn/sn83045462/1926-05-09,2,8,3,5
lccn/sn83045462/1926-12-12,1,0,0,0
lccn/sn83045462/1926-10-03,2,7,0,7
lccn/sn83045462/1926-08-01,1,0,0,0
lccn/sn83045462/1926-12-11,2,18,0,18
lccn/sn83045462/1926-11-06,1,0,0,0
lccn/sn83045462/1926-09-25,1,0,0,0
lccn/sn83045462/1926-10-23,2,9,2,7
lccn/sn84031492/1881-11-06,1,0,0,0
lccn/sn84031492/1881-09-11,2,12,4,8
lccn/sn83045462/1928-08-01,2,11,2,9
lccn/sn87056710/1875-05-19,1,0,0,0
lccn/sn83045160/1883-06-12,2,12,7,5
lccn/sn83045462/1932-09-18,2,7,0,7
lccn/sn83045462/1934-05-07,2,10,0,10
lccn/sn83045462/1930-08-31,2,16,4,12
lccn/sn83045462/1932-12-11,2,7,1,6
lccn/sn83045462/1932-12-02,1,0,0,0
lccn/sn83045462/1934-09-09,2,25,2,23
lccn/sn83045462/1933-01-11,2,2,0,2
lccn/sn83045462/1932-10-25,2,10,1,9
lccn/sn83045462/1932-11-02,2,4,0,4
lccn/sn83045462/1932-11-20,1,0,0,0
lccn/sn83045462/1932-11-23,1,0,0,0
lccn/sn83045462/1932-11-18,1,0,0,0
lccn/sn83045462/1934-03-25,2,11,2,9
lccn/sn83045462/1934-04-27,2,6,2,4
lccn/sn83045462/1934-06-03,2,14,1,13
lccn/sn83045462/1932-10-11,2,7,3,4
lccn/sn83045462/1933-01-06,2,4,2,2
lccn/sn83045462/1932-12-30,2,18,5,13
lccn/sn83045462/1944-12-10,2,14,1,13
lccn/sn83045462/1944-09-17,2,19,1,18
lccn/sn83045462/1945-01-19,2,19,1,18
lccn/sn83045462/1945-01-27,2,4,0,4
lccn/sn83045462/1945-01-26,2,10,0,10
lccn/sn83045462/1945-02-08,2,15,1,14
lccn/sn83045462/1945-02-06,2,26,3,23
lccn/sn83045462/1945-04-13,2,6,1,5
lccn/sn83045462/1945-08-09,2,18,2,16
lccn/sn83045462/1945-08-08,2,20,4,16
lccn/sn83045462/1945-06-24,2,11,1,10
lccn/sn83045462/1945-06-25,2,11,1,10
lccn/sn83045462/1945-08-23,2,21,0,21
lccn/sn83045462/1945-08-22,2,25,1,24
lccn/sn83045462/1945-03-15,1,0,0,0
lccn/sn83045462/1945-03-14,2,11,2,9
lccn/sn83045462/1945-03-19,2,6,0,6
lccn/sn83045462/1945-03-16,2,12,0,12
lccn/sn83045462/1945-03-13,2,8,0,8
lccn/sn83045462/1945-03-17,2,14,0,14
lccn/sn83045462/1945-03-04,1,0,0,0
lccn/sn83045462/1945-02-28,1,0,0,0
lccn/sn83045462/1945-03-06,2,15,1,14
lccn/sn83045462/1945-03-08,2,11,1,10
lccn/sn83045462/1945-02-20,1,0,0,0
lccn/sn83045462/1945-02-23,1,0,0,0
lccn/sn83045462/1945-02-27,2,12,2,10
lccn/sn83045462/1945-03-27,2,13,4,9
lccn/sn83045462/1945-02-21,1,0,0,0
lccn/sn83045462/1945-02-22,2,11,2,9
lccn/sn83045462/1945-03-12,2,12,1,11
lccn/sn83045462/1945-03-22,2,17,1,16
lccn/sn83045462/1945-07-25,2,14,2,12
lccn/sn83045462/1945-08-26,1,0,0,0
lccn/sn83045462/1945-08-26,2,17,0,17
lccn/sn83045462/1945-08-29,2,21,0,21
lccn/sn83045462/1945-08-06,2,19,1,18
lccn/sn83045462/1945-07-22,2,18,2,16
lccn/sn83045462/1945-08-05,2,18,2,16
lccn/sn83045462/1945-07-08,2,9,2,7
lccn/sn83045462/1945-07-15,2,19,3,16
lccn/sn83045462/1945-07-15,2,12,2,10
lccn/sn83045462/1945-07-15,2,15,1,14
lccn/sn83045462/1945-04-15,2,12,0,12
lccn/sn83045462/1945-04-16,2,11,0,11
lccn/sn83045462/1945-04-17,2,15,2,13
lccn/sn83045462/1945-03-02,2,12,1,11
lccn/sn83045462/1945-03-07,2,8,1,7
lccn/sn83045462/1945-03-05,1,0,0,0
lccn/sn83045462/1945-03-10,1,0,0,0
lccn/sn83045462/1945-03-11,2,9,3,6
lccn/sn83045462/1945-03-11,1,0,0,0
lccn/sn83045462/1945-04-20,2,17,4,13
lccn/sn83045462/1945-05-09,2,13,2,11
lccn/sn83045462/1945-02-26,1,0,0,0
lccn/sn83045462/1945-02-11,2,18,1,17
lccn/sn83045462/1945-03-03,2,9,2,7
lccn/sn83045462/1945-03-18,2,14,0,14
lccn/sn83045462/1945-06-06,2,11,0,11
lccn/sn83045462/1944-05-14,2,12,0,12
lccn/sn83045462/1944-05-18,2,14,0,14
lccn/sn83045462/1944-05-17,2,8,3,5
lccn/sn83045462/1943-06-06,2,10,1,9
lccn/sn83045462/1945-06-03,2,13,1,12
lccn/sn83045462/1940-09-13,2,15,0,15
lccn/sn83045462/1940-08-25,2,8,5,3
lccn/sn83045462/1940-07-06,2,9,1,8
lccn/sn83045462/1943-04-17,2,7,1,6
lccn/sn83045462/1944-05-21,1,0,0,0
lccn/sn83045462/1944-07-16,2,12,1,11
lccn/sn83045462/1944-08-13,2,11,4,7
lccn/sn83045462/1944-08-14,2,8,1,7
lccn/sn83045462/1944-08-18,2,15,3,12
lccn/sn83045462/1944-09-10,2,9,4,5
lccn/sn83045462/1944-09-13,2,10,1,9
lccn/sn83045462/1943-06-04,1,0,0,0
lccn/sn83045462/1944-06-18,2,9,0,9
lccn/sn83045462/1943-05-20,2,5,0,5
lccn/sn83045462/1944-08-10,2,13,4,9
lccn/sn83045462/1944-08-06,2,12,2,10
lccn/sn83045462/1944-06-11,2,16,3,13
lccn/sn83045462/1944-06-17,2,7,2,5
lccn/sn83045462/1943-07-24,1,0,0,0
lccn/sn83045462/1943-07-23,1,0,0,0
lccn/sn83045462/1943-07-21,2,8,0,8
lccn/sn83045462/1944-09-24,2,6,1,5
lccn/sn83045462/1943-08-27,1,0,0,0
lccn/sn83045462/1943-08-28,2,17,2,15
lccn/sn83045462/1944-09-19,2,12,0,12
lccn/sn83045462/1944-09-18,2,17,1,16
lccn/sn83045462/1943-08-29,2,21,1,20
lccn/sn83045462/1940-03-03,2,11,1,10
lccn/sn83045462/1942-12-13,2,8,3,5
lccn/sn83045462/1940-03-09,1,0,0,0
lccn/sn83045462/1940-03-24,2,2,1,1
lccn/sn83045462/1943-01-05,2,7,2,5
lccn/sn83045462/1943-02-14,2,7,1,6
lccn/sn83045462/1943-02-15,2,10,0,10
lccn/sn83045462/1943-02-16,2,10,2,8
lccn/sn83045462/1942-11-22,2,9,1,8
lccn/sn83045462/1943-02-07,2,9,4,5
lccn/sn83045462/1944-12-06,2,14,0,14
lccn/sn83045462/1943-09-12,2,22,2,20
lccn/sn83045462/1944-10-20,2,8,1,7
lccn/sn83045462/1943-08-31,1,0,0,0
lccn/sn83045462/1944-11-01,2,9,2,7
lccn/sn83045462/1940-05-19,2,22,3,19
lccn/sn83045462/1940-07-07,2,2,1,1
lccn/sn83045462/1933-09-14,2,7,0,7
lccn/sn83045462/1933-09-21,2,14,0,14
lccn/sn83045462/1933-10-22,2,8,0,8
lccn/sn83045462/1933-10-28,2,10,0,10
lccn/sn83045462/1933-10-07,2,12,2,10
lccn/sn83045462/1933-10-06,1,0,0,0
lccn/sn83045462/1933-09-13,1,0,0,0
lccn/sn83045462/1935-09-29,2,16,1,15
lccn/sn83045462/1935-09-14,2,11,0,11
lccn/sn83045462/1937-09-01,2,8,1,7
lccn/sn83045462/1937-09-01,1,0,0,0
lccn/sn83045462/1933-09-24,2,12,2,10
lccn/sn83045462/1933-09-26,2,7,1,6
lccn/sn83045462/1933-10-08,1,0,0,0
lccn/sn83045462/1933-09-17,2,12,2,10
lccn/sn83045462/1937-08-02,2,5,1,4
lccn/sn83045462/1937-10-08,2,17,1,16
lccn/sn83045462/1937-10-10,2,14,1,13
lccn/sn83045462/1935-09-26,2,20,0,20
lccn/sn83045462/1937-10-17,2,15,1,14
lccn/sn83045462/1937-07-18,2,20,0,20
lccn/sn83045462/1937-11-07,2,5,1,4
lccn/sn83045462/1935-11-14,1,0,0,0
lccn/sn83045462/1935-11-09,2,12,0,12
lccn/sn83045462/1933-05-21,2,14,1,13
lccn/sn83045462/1933-05-23,2,13,1,12
lccn/sn83045462/1933-05-27,2,4,0,4
lccn/sn83045462/1933-05-20,2,11,3,8
lccn/sn83045462/1933-03-26,2,12,0,12
lccn/sn83045462/1933-03-28,2,3,0,3
lccn/sn83045462/1933-03-05,2,7,0,7
lccn/sn83045462/1933-03-22,1,0,0,0
lccn/sn83045462/1931-10-25,2,5,2,3
lccn/sn83045462/1933-02-16,2,6,1,5
lccn/sn83045462/1933-05-11,1,0,0,0
lccn/sn83045462/1933-04-03,1,0,0,0
lccn/sn83045462/1933-05-06,2,8,0,8
lccn/sn83045462/1933-03-25,2,8,1,7
lccn/sn83045462/1933-02-26,1,0,0,0
lccn/sn83045462/1936-04-12,2,12,4,8
lccn/sn83045462/1940-01-29,2,10,1,9
lccn/sn83045462/1937-06-02,2,17,2,15
lccn/sn83045462/1940-02-10,1,0,0,0
lccn/sn83045462/1939-12-03,2,9,0,9
lccn/sn83045462/1935-03-17,2,19,0,19
lccn/sn83045462/1932-05-22,2,15,1,14
lccn/sn83045462/1934-12-02,2,6,4,2
lccn/sn83045462/1935-03-31,2,5,3,2
lccn/sn83045462/1932-01-24,2,13,0,13
lccn/sn83045462/1932-04-17,2,24,3,21
lccn/sn83045462/1935-03-24,2,18,3,15
lccn/sn83045462/1935-03-16,2,16,1,15
lccn/sn83045462/1930-03-30,2,11,3,8
lccn/sn83045462/1930-03-16,1,1,2,-1
lccn/sn83045462/1930-01-05,2,14,1,13
lccn/sn83045462/1929-01-30,2,12,0,12
lccn/sn83045462/1930-01-18,2,6,1,5
lccn/sn83045462/1929-01-28,1,0,0,0
lccn/sn83045462/1929-02-17,1,0,0,0
lccn/sn83045462/1929-12-28,1,3,3,0
lccn/sn83045462/1929-03-08,2,14,2,12
lccn/sn83016025/1890-10-16,2,14,8,6
lccn/sn83045462/1939-01-25,2,15,5,10
lccn/sn83045462/1939-02-22,1,0,0,0
lccn/sn83045462/1939-07-16,2,22,6,16
lccn/sn83045462/1939-07-24,1,0,0,0
lccn/sn83045462/1939-05-03,2,12,1,11
lccn/sn83045462/1939-05-21,2,9,4,5
lccn/sn83045462/1939-04-03,1,0,0,0
lccn/sn83045462/1939-04-23,2,6,0,6
lccn/sn83045462/1939-04-30,2,14,3,11
lccn/sn83045462/1939-04-30,1,0,0,0
lccn/sn83045462/1939-02-13,2,24,2,22
lccn/sn83045462/1939-02-19,1,0,0,0
lccn/sn83045462/1939-04-17,2,11,1,10
lccn/sn83045462/1939-01-29,2,4,1,3
lccn/sn83045462/1939-03-26,2,17,2,15
lccn/sn83045462/1939-07-23,2,11,2,9
lccn/sn83045462/1944-02-10,2,14,0,14
lccn/sn83045462/1944-03-17,2,12,1,11
lccn/sn83045462/1944-03-16,2,9,1,8
lccn/sn83045462/1944-03-07,1,0,0,0
lccn/sn83045462/1944-03-08,2,5,1,4
lccn/sn83045462/1944-03-19,2,16,0,16
lccn/sn83045462/1944-03-11,2,5,1,4
lccn/sn83045462/1943-12-28,2,19,2,17
lccn/sn83045462/1943-11-23,2,4,3,1
lccn/sn83045462/1943-11-26,2,10,1,9
lccn/sn83045462/1944-05-01,2,16,2,14
lccn/sn83045462/1944-04-29,2,13,0,13
lccn/sn83045462/1944-04-30,2,7,0,7
lccn/sn83045462/1944-04-30,2,7,0,7
lccn/sn83045462/1944-02-13,2,15,4,11
lccn/sn83045462/1944-01-09,2,12,1,11
lccn/sn83045462/1944-03-31,2,12,1,11
lccn/sn83045462/1943-12-05,2,8,1,7
lccn/sn83045462/1944-04-02,2,12,1,11
lccn/sn83045462/1944-04-02,2,10,3,7
lccn/sn83045462/1944-04-01,2,8,0,8
lccn/sn83045462/1944-03-12,2,8,0,8
lccn/sn83045462/1944-03-23,1,0,0,0
lccn/sn83045462/1944-03-21,2,6,3,3
lccn/sn83045462/1944-03-29,2,9,0,9
lccn/sn83045462/1944-03-27,2,11,1,10
lccn/sn83045462/1944-04-06,2,15,0,15
lccn/sn83045462/1944-04-03,2,13,4,9
lccn/sn83045462/1944-04-05,2,13,1,12
lccn/sn83045462/1944-01-30,2,11,0,11
lccn/sn83045462/1944-01-08,2,18,2,16
lccn/sn83045462/1944-01-10,2,12,2,10
lccn/sn83045462/1944-02-08,2,14,4,10
lccn/sn83045462/1946-07-04,2,14,1,13
lccn/sn83045462/1947-07-06,2,10,3,7
lccn/sn83045462/1947-07-05,2,16,3,13
lccn/sn83045462/1947-06-07,2,7,5,2
lccn/sn83045462/1947-06-11,2,12,2,10
lccn/sn83045462/1947-06-09,2,6,1,5
lccn/sn83045462/1946-07-05,2,15,4,11
lccn/sn83045462/1947-07-02,2,10,2,8
lccn/sn83045462/1946-07-23,2,14,5,9
lccn/sn83045462/1947-05-20,2,7,0,7
lccn/sn83045462/1947-05-19,2,6,1,5
lccn/sn83045462/1946-06-10,1,0,0,0
lccn/sn83045462/1947-06-01,2,16,0,16
lccn/sn83045462/1938-10-07,2,8,0,8
lccn/sn83045462/1938-10-08,2,7,0,7
lccn/sn83045462/1946-08-18,2,6,5,1
lccn/sn83045462/1946-08-18,1,0,0,0
lccn/sn83045462/1946-08-25,2,13,2,11
lccn/sn83045462/1946-08-25,2,13,2,11
lccn/sn83045462/1946-08-22,2,11,2,9
lccn/sn83045462/1947-08-17,2,9,3,6
lccn/sn83045462/1946-09-01,2,14,2,12
lccn/sn83045462/1946-09-01,2,11,1,10
lccn/sn83045462/1947-08-20,2,13,1,12
lccn/sn83045462/1947-08-19,2,9,4,5
lccn/sn83045462/1947-08-24,2,17,2,15
lccn/sn83045462/1947-08-21,2,17,1,16
lccn/sn83045462/1947-08-21,2,13,0,13
lccn/sn83045462/1947-08-23,2,13,1,12
lccn/sn83045462/1947-08-22,2,22,2,20
lccn/sn83045462/1947-08-22,2,12,0,12
lccn/sn83045462/1947-08-22,2,9,0,9
lccn/sn83045462/1947-08-14,1,5,8,-3
lccn/sn83045462/1946-08-29,2,16,2,14
lccn/sn83045462/1946-08-28,2,13,0,13
lccn/sn83045462/1946-08-30,2,15,2,13
lccn/sn83045462/1947-08-15,2,10,0,10
lccn/sn83045462/1946-08-03,2,18,2,16
lccn/sn83045462/1946-08-03,2,11,0,11
lccn/sn83045462/1946-08-14,2,8,0,8
lccn/sn83045462/1946-08-17,2,13,2,11
lccn/sn83045462/1946-08-16,2,21,1,20
lccn/sn83045462/1946-08-16,2,6,5,1
lccn/sn83045462/1946-08-12,2,13,0,13
lccn/sn83045462/1947-08-04,2,19,4,15
lccn/sn83045462/1946-08-09,2,20,0,20
lccn/sn83045462/1946-08-15,2,22,1,21
lccn/sn83045462/1946-08-15,2,9,1,8
lccn/sn83045462/1946-08-20,2,14,1,13
lccn/sn83045462/1946-04-28,2,6,3,3
lccn/sn83045462/1946-04-21,2,8,1,7
lccn/sn83045462/1946-04-17,1,0,0,0
lccn/sn83045462/1946-04-24,2,2,0,2
lccn/sn83045462/1946-04-26,2,8,1,7
lccn/sn83045462/1946-04-22,2,12,1,11
lccn/sn83045462/1947-04-16,2,11,1,10
lccn/sn83045462/1947-04-17,2,19,1,18
lccn/sn83045462/1946-04-13,2,14,3,11
lccn/sn83045462/1946-04-20,2,8,0,8
lccn/sn83045462/1946-04-18,2,3,2,1
lccn/sn83045462/1946-04-12,2,12,4,8
lccn/sn83045462/1939-01-07,1,0,0,0
lccn/sn83045462/1939-01-11,1,0,0,0
lccn/sn83045462/1948-09-19,2,14,3,11
lccn/sn83045462/1948-09-16,2,16,1,15
lccn/sn83045462/1948-08-26,2,1,0,1
lccn/sn83045462/1948-08-26,2,9,2,7
lccn/sn83045462/1948-09-02,2,19,0,19
lccn/sn83045462/1948-09-10,2,25,3,22
lccn/sn83045462/1946-10-05,2,9,1,8
lccn/sn83045462/1946-10-03,2,15,2,13
lccn/sn83045462/1946-11-03,2,18,3,15
lccn/sn83045462/1946-11-03,2,7,0,7
lccn/sn83045462/1946-10-27,2,11,0,11
lccn/sn83045462/1946-10-27,2,12,2,10
lccn/sn83045462/1946-10-23,2,19,6,13
lccn/sn83045462/1946-11-06,2,21,3,18
lccn/sn83045462/1946-10-14,1,0,0,0
lccn/sn83045462/1946-10-25,2,27,1,26
lccn/sn83045462/1946-10-25,2,10,5,5
lccn/sn83045462/1946-10-11,1,0,0,0
lccn/sn83045462/1946-10-16,2,20,1,19
lccn/sn83045462/1946-10-16,2,20,1,19
lccn/sn83045462/1946-10-17,2,15,2,13
lccn/sn83045462/1946-10-20,1,0,0,0
lccn/sn83045462/1946-10-22,2,11,3,8
lccn/sn83045462/1946-10-12,2,20,1,19
lccn/sn83045462/1946-10-12,1,0,0,0
lccn/sn83045462/1946-11-27,2,13,0,13
lccn/sn83045462/1946-11-23,1,4,9,-5
lccn/sn83045462/1946-11-24,2,7,0,7
lccn/sn83045462/1946-11-24,1,0,0,0
lccn/sn83045462/1946-12-07,2,15,1,14
lccn/sn83045462/1946-12-13,2,8,5,3
lccn/sn83045462/1946-12-08,2,14,3,11
lccn/sn83045462/1946-11-02,2,20,5,15
lccn/sn83045462/1946-11-01,2,8,3,5
lccn/sn83045462/1946-10-26,2,16,0,16
lccn/sn83045462/1946-11-03,2,4,0,4
lccn/sn83045462/1946-11-10,2,22,1,21
lccn/sn83045462/1948-06-20,1,0,0,0
lccn/sn83045462/1948-07-15,2,19,1,18
lccn/sn83045462/1948-07-08,2,19,3,16
lccn/sn83045462/1948-07-08,2,9,0,9
lccn/sn83045462/1946-08-11,2,17,2,15
lccn/sn83045462/1946-08-11,2,9,1,8
lccn/sn83045462/1946-08-02,2,17,3,14
lccn/sn83045462/1946-08-13,2,17,3,14
lccn/sn83045462/1946-08-13,2,7,2,5
lccn/sn83045462/1947-09-10,2,12,1,11
lccn/sn83045462/1946-09-15,2,9,1,8
lccn/sn83045462/1947-09-11,2,11,0,11
lccn/sn83045462/1947-09-09,2,10,1,9
lccn/sn83045462/1947-09-09,2,12,1,11
lccn/sn83045462/1948-05-12,2,12,2,10
lccn/sn83045462/1948-07-18,2,21,1,20
lccn/sn83045462/1948-08-01,2,17,1,16
lccn/sn83045462/1948-08-07,2,12,4,8
lccn/sn83045462/1947-09-17,1,2,3,-1
lccn/sn83045462/1947-09-23,2,11,3,8
lccn/sn83045462/1948-06-10,2,9,3,6
lccn/sn83045462/1948-06-11,2,4,1,3
lccn/sn83045462/1948-08-17,2,17,3,14
lccn/sn83045462/1947-10-11,1,0,0,0
lccn/sn83045462/1946-09-12,2,5,0,5
lccn/sn83045462/1947-08-28,2,14,2,12
lccn/sn83045462/1947-09-06,2,9,1,8
lccn/sn83045462/1947-09-13,2,11,1,10
lccn/sn83045462/1946-09-25,2,15,2,13
lccn/sn83045462/1947-09-08,2,13,0,13
lccn/sn83045462/1947-09-15,2,11,2,9
lccn/sn83045462/1946-09-29,2,8,2,6
lccn/sn83045462/1947-08-29,2,16,2,14
lccn/sn83045462/1947-08-30,2,10,2,8
lccn/sn83045462/1947-08-30,2,15,2,13
lccn/sn83045462/1947-10-05,2,7,0,7
lccn/sn83045462/1947-01-13,2,17,8,9
lccn/sn83045462/1931-04-19,2,18,3,15
lccn/sn83045462/1931-07-12,2,11,1,10
lccn/sn83045462/1931-04-12,2,16,1,15
lccn/sn83045462/1933-07-09,2,21,0,21
lccn/sn83045462/1933-06-25,2,7,1,6
lccn/sn78000873/1887-07-28,1,4,8,-4
lccn/sn78000873/1888-02-23,2,7,5,2
lccn/sn78000873/1890-05-29,1,2,2,0
lccn/sn78000873/1889-12-19,2,8,5,3
lccn/sn83045462/1941-09-14,2,21,1,20
lccn/sn83045462/1941-09-14,1,0,0,0
lccn/sn83045462/1941-10-07,1,2,2,0
lccn/sn83045462/1941-08-31,2,10,6,4
lccn/sn83045462/1941-09-07,2,21,1,20
lccn/sn83045462/1942-09-18,2,11,1,10
lccn/sn83045462/1942-09-26,2,7,0,7
lccn/sn83045462/1942-08-02,2,8,3,5
lccn/sn83045462/1942-08-07,2,13,0,13
lccn/sn83045462/1942-07-05,2,12,1,11
lccn/sn83045462/1942-09-19,2,4,2,2
lccn/sn83045462/1941-09-28,2,7,1,6
lccn/sn83045462/1941-11-09,2,6,0,6
lccn/sn83045462/1941-11-09,2,4,0,4
lccn/sn83045462/1941-09-26,2,9,2,7
lccn/sn83045462/1941-11-02,1,0,0,0
lccn/sn83045462/1942-07-12,2,14,3,11
lccn/sn83045462/1942-08-28,2,14,1,13
lccn/sn83045462/1942-08-08,2,14,1,13
lccn/sn83045462/1942-08-09,2,7,3,4
lccn/sn83045462/1936-02-02,2,27,2,25
lccn/sn83045462/1942-07-23,2,5,3,2
lccn/sn83045462/1942-07-25,2,10,0,10
lccn/sn83045462/1949-10-01,2,17,0,17
lccn/sn83045462/1950-06-17,2,10,1,9
lccn/sn83045462/1950-06-11,2,12,2,10
lccn/sn83045462/1950-07-16,2,17,3,14
lccn/sn83045462/1949-11-06,1,0,0,0
lccn/sn83045462/1949-10-12,2,12,2,10
lccn/sn83045462/1949-11-13,2,11,0,11
lccn/sn83045462/1949-10-28,2,6,2,4
lccn/sn83045462/1950-07-20,2,15,4,11
lccn/sn83045462/1950-08-17,2,12,0,12
lccn/sn83045462/1950-08-16,2,11,1,10
lccn/sn83045462/1950-07-28,2,14,1,13
lccn/sn83045462/1950-08-19,2,9,1,8
lccn/sn83045462/1950-08-20,2,5,0,5
lccn/sn83045462/1950-08-18,2,13,4,9
lccn/sn83045462/1950-11-15,1,0,0,0
lccn/sn83045462/1950-10-22,2,14,2,12
lccn/sn83045462/1949-01-07,2,9,1,8
lccn/sn83045462/1949-01-06,2,13,3,10
lccn/sn83045462/1948-12-31,2,14,3,11
lccn/sn83045462/1948-12-31,1,0,0,0
lccn/sn83045462/1949-01-09,2,18,2,16
lccn/sn83045462/1949-01-09,2,26,1,25
lccn/sn83045462/1949-01-09,2,14,2,12
lccn/sn83045462/1949-01-13,2,6,3,3
lccn/sn83045462/1949-01-13,1,0,0,0
lccn/sn83045462/1948-11-14,2,7,4,3
lccn/sn83045462/1948-11-14,2,10,4,6
lccn/sn83045462/1948-11-17,2,15,0,15
lccn/sn83045462/1948-12-07,1,0,0,0
lccn/sn83045462/1948-11-13,2,12,1,11
lccn/sn83045462/1948-11-12,2,11,1,10
lccn/sn83045462/1948-11-11,2,13,2,11
lccn/sn83045462/1949-02-03,2,13,1,12
lccn/sn83045462/1949-02-02,2,11,0,11
lccn/sn83045462/1948-11-30,2,21,0,21
lccn/sn83045462/1948-11-23,2,7,3,4
lccn/sn83045462/1948-11-21,1,0,0,0
lccn/sn83045462/1948-11-01,2,4,2,2
lccn/sn83045462/1948-11-07,2,12,0,12
lccn/sn83045462/1949-01-05,2,8,1,7
lccn/sn83045462/1949-01-14,1,0,0,0
lccn/sn83045462/1948-11-25,1,0,0,0
lccn/sn83045462/1948-11-24,2,12,1,11
lccn/sn83045462/1949-01-12,1,3,7,-4
lccn/sn82015679/1897-09-27,1,0,0,0
lccn/sn83045462/1939-12-02,1,0,0,0
lccn/sn83045462/1939-12-10,1,0,0,0
lccn/sn83045462/1937-05-23,2,10,3,7
lccn/sn83045462/1937-04-28,1,0,0,0
lccn/sn83045462/1940-01-21,2,7,2,5
lccn/sn83045462/1937-05-31,1,0,0,0
lccn/sn83045462/1935-12-07,2,6,0,6
lccn/sn83045462/1935-12-20,2,20,0,20
lccn/sn83045462/1936-06-09,1,0,0,0
lccn/sn83045462/1936-07-31,2,10,4,6
lccn/sn83045462/1937-02-07,1,0,0,0
lccn/sn83045462/1939-08-26,2,13,2,11
lccn/sn83045462/1939-10-09,2,11,1,10
lccn/sn83045462/1936-09-14,2,7,3,4
lccn/sn83045462/1937-03-14,2,11,8,3
lccn/sn83045462/1939-11-07,2,6,2,4
lccn/sn83045462/1939-11-11,2,15,2,13
lccn/sn83045462/1937-03-07,1,0,0,0
lccn/sn83045462/1940-01-06,2,7,0,7
lccn/sn83045462/1939-12-12,1,0,0,0
lccn/sn83045462/1939-12-16,1,0,0,0
lccn/sn83045462/1939-12-31,2,26,2,24
lccn/sn83045462/1935-05-18,2,15,3,12
lccn/sn83045462/1935-04-28,2,3,1,2
lccn/sn83045462/1937-06-23,2,21,1,20
lccn/sn83045462/1935-05-30,2,8,0,8
lccn/sn83045462/1934-02-11,2,10,2,8
lccn/sn83045462/1936-09-13,2,16,3,13
lccn/sn83045462/1936-08-30,2,22,2,20
lccn/sn83045462/1936-08-02,2,10,1,9
lccn/sn83045462/1936-09-06,2,20,0,20
lccn/sn83045462/1939-08-19,2,12,3,9
lccn/sn83045462/1939-11-12,2,4,0,4
lccn/sn83045462/1939-10-28,2,8,1,7
lccn/sn83045462/1939-11-28,2,7,0,7
lccn/sn83045462/1936-03-22,2,22,2,20
lccn/sn83045462/1936-02-09,2,4,2,2
lccn/sn83045462/1938-01-13,2,14,1,13
lccn/sn83045462/1938-03-06,2,10,1,9
lccn/sn83045462/1942-01-11,1,4,5,-1
lccn/sn83045462/1942-01-13,2,7,3,4
lccn/sn83045462/1942-01-21,2,10,0,10
lccn/sn83045462/1938-05-09,1,0,0,0
lccn/sn83045462/1940-11-10,2,26,8,18
lccn/sn83045462/1941-01-13,1,0,0,0
lccn/sn83045462/1941-01-11,2,10,1,9
lccn/sn83045462/1942-04-05,2,15,1,14
lccn/sn83045462/1938-01-18,2,14,5,9
lccn/sn83045462/1938-01-09,2,15,2,13
lccn/sn83045462/1938-02-19,1,0,0,0
lccn/sn83045462/1938-02-17,2,12,2,10
lccn/sn83045462/1938-02-20,1,0,0,0
lccn/sn83045462/1938-07-19,2,9,1,8
lccn/sn83045462/1942-01-14,2,14,2,12
lccn/sn83045462/1938-02-27,2,11,0,11
lccn/sn83045462/1938-09-01,2,10,0,10
lccn/sn83045462/1938-08-26,1,0,0,0
lccn/sn83045462/1938-09-17,2,9,0,9
lccn/sn83045462/1938-09-18,2,9,3,6
lccn/sn83045462/1938-09-18,2,12,1,11
lccn/sn83045462/1940-10-06,2,18,3,15
lccn/sn83045462/1940-10-06,2,7,2,5
lccn/sn83045462/1940-10-12,1,0,0,0
lccn/sn83045462/1940-11-20,2,6,2,4
lccn/sn83045462/1940-12-17,1,0,0,0
lccn/sn83045462/1940-11-07,2,10,2,8
lccn/sn83045462/1940-11-30,2,4,0,4
lccn/sn83045462/1940-12-06,2,14,1,13
lccn/sn83045462/1942-04-26,1,0,0,0
lccn/sn83045462/1938-01-16,2,6,1,5
lccn/sn83045462/1938-06-19,2,9,0,9
lccn/sn83045462/1938-10-01,1,0,0,0
lccn/sn83045462/1938-09-29,1,0,0,0
lccn/sn83045462/1942-06-28,1,0,0,0
lccn/sn83045462/1938-08-28,2,12,3,9
lccn/sn83045462/1938-08-28,2,10,0,10
lccn/sn83045462/1938-10-09,1,0,0,0
lccn/sn83045462/1949-10-05,2,8,2,6
lccn/sn83045462/1949-10-07,2,9,0,9
lccn/sn83045462/1950-06-25,2,8,0,8
lccn/sn83045462/1949-10-06,2,7,1,6
lccn/sn83045462/1949-10-02,2,20,1,19
lccn/sn83045462/1950-06-03,2,11,5,6
lccn/sn83045462/1950-06-04,2,10,4,6
lccn/sn83045462/1950-06-14,2,15,5,10
lccn/sn83045462/1950-06-15,2,8,0,8
lccn/sn83045462/1950-07-13,2,14,2,12
lccn/sn83045462/1950-07-15,2,6,3,3
lccn/sn83045462/1950-06-09,2,20,1,19
lccn/sn83045462/1949-10-15,2,10,1,9
lccn/sn83045462/1950-06-08,2,6,0,6
lccn/sn83045462/1950-06-10,1,0,0,0
lccn/sn83045462/1950-01-15,2,11,0,11
lccn/sn83045462/1950-01-14,2,9,1,8
lccn/sn83045462/1950-09-03,2,13,0,13
lccn/sn83045462/1949-12-04,2,12,1,11
lccn/sn83045462/1950-09-23,2,10,1,9
lccn/sn83045462/1950-09-22,2,12,0,12
lccn/sn83045462/1950-01-20,2,16,4,12
lccn/sn83045462/1950-01-31,2,7,1,6
lccn/sn83045462/1948-07-01,2,8,1,7
lccn/sn83045462/1948-07-03,2,9,2,7
lccn/sn83045462/1948-07-03,2,9,2,7
lccn/sn83045462/1948-07-06,1,0,0,0
lccn/sn83045462/1948-07-05,2,6,1,5
lccn/sn83045462/1948-08-27,2,13,0,13
lccn/sn83045462/1948-09-03,2,9,1,8
lccn/sn83045462/1948-08-24,2,4,1,3
lccn/sn83045462/1948-07-22,2,19,1,18
lccn/sn83045462/1948-07-27,2,11,0,11
lccn/sn83045462/1948-07-09,2,14,0,14
lccn/sn83045462/1948-07-10,2,10,1,9
lccn/sn83045462/1948-07-24,2,15,6,9
lccn/sn83045462/1948-07-20,2,13,0,13
lccn/sn83045462/1948-07-20,2,10,3,7
lccn/sn83045462/1948-07-07,1,0,0,0
lccn/sn83045462/1948-09-17,2,18,1,17
lccn/sn83045462/1948-09-18,2,5,0,5
lccn/sn83045462/1950-02-10,2,20,1,19
lccn/sn83045462/1948-10-02,2,14,0,14
lccn/sn83045462/1948-10-05,2,10,0,10
lccn/sn83045462/1948-10-04,2,13,1,12
lccn/sn83045462/1948-10-03,2,10,1,9
lccn/sn83045462/1950-03-05,2,21,0,21
lccn/sn83045462/1950-03-05,2,13,0,13
lccn/sn83045462/1950-03-12,2,27,2,25
lccn/sn83045462/1950-04-08,2,9,2,7
lccn/sn83045462/1950-04-02,2,18,1,17
lccn/sn83045462/1950-04-04,2,10,0,10
lccn/sn83045462/1948-10-11,2,15,3,12
lccn/sn83045462/1948-10-23,2,9,1,8
lccn/sn83045462/1948-10-19,2,7,2,5
lccn/sn83045462/1948-10-22,2,16,3,13
lccn/sn83045462/1948-10-29,2,4,0,4
lccn/sn83045462/1948-10-27,2,16,1,15
lccn/sn83045462/1950-09-24,2,22,0,22
lccn/sn83045462/1948-10-21,2,17,3,14
lccn/sn83045462/1948-10-20,2,3,2,1
lccn/sn83045462/1948-10-25,2,5,1,4
lccn/sn83045462/1950-03-19,2,17,2,15
lccn/sn83045462/1950-03-26,2,11,0,11
lccn/sn83045462/1949-04-22,2,9,4,5
lccn/sn83045462/1949-04-04,2,5,0,5
lccn/sn83045462/1949-05-22,2,23,1,22
lccn/sn83045462/1949-03-02,1,0,0,0
lccn/sn83045462/1949-03-18,2,14,1,13
lccn/sn83045462/1949-02-20,2,2,1,1
lccn/sn83045462/1949-06-20,2,13,2,11
lccn/sn83045462/1949-07-09,2,14,0,14
lccn/sn83045462/1949-07-04,1,0,0,0
lccn/sn83045462/1947-10-15,2,20,4,16
lccn/sn83045462/1949-07-13,2,7,2,5
lccn/sn83045462/1947-10-22,2,15,1,14
lccn/sn83045462/1947-10-30,2,27,1,26
lccn/sn83045462/1947-12-19,2,12,3,9
lccn/sn83045462/1947-12-20,2,10,2,8
lccn/sn83045462/1947-12-12,1,0,0,0
lccn/sn83045462/1947-12-03,1,0,0,0
lccn/sn83045462/1947-11-18,2,10,0,10
lccn/sn83045462/1947-11-19,2,9,3,6
lccn/sn83045462/1947-11-21,2,10,3,7
lccn/sn83045462/1947-12-01,2,16,1,15
lccn/sn83045462/1947-12-03,2,16,1,15
lccn/sn83045462/1947-10-12,2,5,2,3
lccn/sn83045462/1947-10-12,2,13,0,13
lccn/sn83045462/1948-01-11,2,9,0,9
lccn/sn83045462/1948-01-15,2,12,1,11
lccn/sn83045462/1948-01-18,2,15,2,13
lccn/sn83045462/1947-11-13,2,11,3,8
lccn/sn83045462/1947-10-23,2,10,4,6
lccn/sn83045462/1947-11-14,2,13,3,10
lccn/sn83045462/1947-02-08,2,13,2,11
lccn/sn83045462/1947-02-07,2,3,0,3
lccn/sn83045462/1947-01-09,1,0,0,0
lccn/sn83045462/1947-01-31,1,0,0,0
lccn/sn83045462/1947-02-02,2,12,2,10
lccn/sn83045462/1947-02-02,2,11,1,10
lccn/sn83045462/1947-02-02,2,14,6,8
lccn/sn83045462/1947-02-02,2,12,6,6
lccn/sn83045462/1947-02-09,2,12,1,11
lccn/sn83045462/1947-02-09,1,0,0,0
lccn/sn83045462/1947-03-07,2,10,1,9
lccn/sn83045462/1947-03-23,1,0,0,0
lccn/sn83045462/1947-03-23,2,13,0,13
lccn/sn83045462/1947-03-22,2,12,0,12
lccn/sn83045462/1947-03-21,2,7,0,7
lccn/sn83045462/1947-03-13,1,0,0,0
lccn/sn83045462/1947-03-05,1,0,0,0
lccn/sn83045462/1947-03-04,1,0,0,0
lccn/sn83045462/1947-03-06,2,12,0,12
lccn/sn83045462/1947-02-23,2,6,1,5
lccn/sn83045462/1947-03-30,1,0,0,0
lccn/sn83045462/1948-03-11,2,12,1,11
lccn/sn83045462/1948-03-08,2,11,3,8
lccn/sn83045462/1949-09-08,2,14,3,11
lccn/sn83045462/1950-05-26,2,7,1,6
lccn/sn83045462/1949-09-04,2,9,4,5
lccn/sn83045462/1949-09-05,2,12,5,7
lccn/sn83045462/1948-03-23,2,10,1,9
lccn/sn83045462/1948-01-22,2,15,3,12
lccn/sn83045462/1948-01-24,2,9,0,9
lccn/sn83045462/1948-01-27,2,13,3,10
lccn/sn83045462/1948-01-26,2,4,2,2
lccn/sn83045462/1948-01-25,2,12,2,10
lccn/sn83045462/1949-07-29,2,17,3,14
lccn/sn83045462/1949-07-31,2,11,1,10
lccn/sn83045462/1949-08-05,2,16,5,11
lccn/sn83045462/1949-08-07,2,13,1,12
lccn/sn83045462/1949-08-04,1,0,0,0
lccn/sn83045462/1949-08-14,2,13,1,12
lccn/sn83045462/1950-05-02,2,3,1,2
lccn/sn83045462/1949-08-20,2,12,1,11
lccn/sn83045462/1950-05-13,2,14,3,11
lccn/sn83045462/1950-05-10,2,17,2,15
lccn/sn83045462/1950-05-09,2,16,1,15
lccn/sn83045462/1950-05-09,2,12,0,12
lccn/sn83045462/1950-05-12,2,9,1,8
lccn/sn83045462/1950-05-08,2,9,1,8
lccn/sn83045462/1950-05-11,2,19,1,18
lccn/sn83045462/1950-04-23,2,6,2,4
lccn/sn83045462/1948-03-15,2,12,0,12
lccn/sn83045462/1949-09-03,2,15,1,14
lccn/sn83045462/1949-09-02,2,9,6,3
lccn/sn83045462/1950-05-14,2,20,0,20
lccn/sn83045462/1949-09-01,2,11,3,8
lccn/sn83045462/1946-04-14,2,15,4,11
lccn/sn83045462/1947-04-04,2,13,0,13
lccn/sn83045462/1946-05-19,2,10,2,8
lccn/sn83045462/1946-05-12,2,16,1,15
lccn/sn83045462/1946-05-27,2,5,2,3
lccn/sn83045462/1946-05-28,2,15,6,9
lccn/sn83045462/1946-06-09,2,10,0,10
lccn/sn83045462/1947-06-02,2,16,2,14
lccn/sn83045462/1946-05-03,2,9,0,9
lccn/sn83045462/1946-05-10,2,16,0,16
lccn/sn83045462/1946-05-01,2,9,1,8
lccn/sn83045462/1946-06-05,2,11,1,10
lccn/sn83045462/1946-06-07,2,12,1,11
lccn/sn83045462/1947-04-28,2,13,10,3
lccn/sn83045462/1946-05-04,2,9,1,8
lccn/sn83045462/1947-05-13,2,7,1,6
lccn/sn83045462/1947-05-12,2,12,0,12
lccn/sn83045462/1950-08-31,2,8,7,1
lccn/sn83045462/1949-12-10,2,8,1,7
lccn/sn83045462/1948-11-06,2,11,1,10
lccn/sn83045462/1945-11-18,2,21,1,20
lccn/sn83045462/1945-11-18,2,6,3,3
lccn/sn83045462/1945-11-20,2,1,0,1
lccn/sn83045462/1945-12-16,1,0,0,0
lccn/sn83045462/1945-11-11,2,7,1,6
lccn/sn83045462/1945-12-09,1,0,0,0
lccn/sn83045462/1941-02-17,2,19,2,17
lccn/sn83045462/1945-12-07,2,4,3,1
lccn/sn83045462/1945-09-02,2,11,0,11
lccn/sn83045462/1945-09-16,2,9,0,9
lccn/sn83045462/1945-09-20,2,9,2,7
lccn/sn83045462/1945-09-19,2,16,2,14
lccn/sn83045462/1945-09-09,2,18,5,13
lccn/sn83045462/1945-09-18,2,10,2,8
lccn/sn83045462/1945-09-17,2,17,1,16
lccn/sn83045462/1945-09-15,2,16,1,15
lccn/sn83045462/1945-09-10,2,20,1,19
lccn/sn83045462/1945-09-30,2,8,2,6
lccn/sn83045462/1945-09-30,2,14,2,12
lccn/sn83045462/1945-12-04,2,18,1,17
lccn/sn83045462/1945-11-22,1,0,0,0
lccn/sn83045462/1945-11-21,2,8,0,8
lccn/sn83045462/1945-12-02,2,12,1,11
lccn/sn83045462/1945-12-02,2,4,1,3
lccn/sn83045462/1945-12-02,2,7,2,5
lccn/sn83045462/1945-12-30,2,18,1,17
lccn/sn83045462/1941-03-14,2,9,2,7
lccn/sn83045462/1946-02-22,2,16,3,13
lccn/sn83045462/1946-01-26,2,17,2,15
lccn/sn83045462/1946-01-25,2,20,2,18
lccn/sn83045462/1941-07-12,2,7,3,4
lccn/sn83045462/1941-07-10,2,11,2,9
lccn/sn83045462/1946-03-12,2,9,0,9
lccn/sn83045462/1941-06-27,2,10,1,9
lccn/sn83045462/1941-06-18,2,12,3,9
lccn/sn83016025/1867-10-15,1,0,0,0
lccn/sn83045462/1945-09-14,2,15,4,11
lccn/sn83045462/1945-09-12,2,12,0,12
lccn/sn83045462/1945-12-22,1,0,0,0
lccn/sn83045462/1946-01-05,2,7,1,6
lccn/sn83045462/1941-03-21,2,5,0,5
lccn/sn83045462/1946-03-30,1,2,2,0
lccn/sn83045462/1946-03-28,2,28,2,26
lccn/sn83045462/1941-04-28,1,0,0,0
lccn/sn83045462/1946-03-23,2,8,1,7
lccn/sn83045462/1946-03-13,2,9,3,6
lccn/sn83045462/1946-03-11,1,0,0,0
lccn/sn83045462/1941-05-24,2,8,0,8
lccn/sn84022374/1890-05-01,1,3,9,-6
lccn/sn87068079/1894-07-19,1,9,10,-1
lccn/sn87068079/1894-06-28,1,3,3,0
lccn/sn84024326/1923-08-10,1,0,0,0
lccn/sn87068079/1902-01-09,1,6,6,0
lccn/sn87068079/1902-01-16,2,8,1,7
lccn/sn87068079/1902-01-23,2,7,5,2
lccn/sn88063294/1945-04-01,2,1,0,1
lccn/sn88063294/1945-04-29,2,3,1,2
lccn/sn88063294/1945-01-07,2,6,2,4
lccn/sn90051167/1893-09-08,1,7,10,-3
lccn/sn84026089/1894-07-11,1,7,8,-1
lccn/sn84026089/1894-06-27,1,3,5,-2
lccn/sn83045629/1868-12-16,1,5,7,-2
lccn/sn83045629/1868-10-28,2,10,5,5
lccn/sn83030272/1898-04-10,2,7,5,2
lccn/sn83030272/1898-05-01,2,11,3,8
lccn/sn83030272/1894-06-19,2,11,5,6
lccn/sn83030272/1898-05-08,1,0,0,0
lccn/sn83030272/1897-09-18,2,10,4,6
lccn/sn83030272/1899-12-03,2,8,2,6
lccn/sn83030272/1898-06-28,1,3,3,0
lccn/sn83030272/1899-03-19,2,11,1,10
lccn/sn85033964/1889-03-21,1,2,2,0
lccn/sn85033964/1889-08-01,2,8,2,6
lccn/sn84037930/1857-06-03,2,6,5,1
lccn/sn85049908/1858-08-24,2,17,11,6
lccn/sn99021999/1892-06-05,1,5,8,-3
lccn/sn99021999/1891-05-13,2,7,0,7
lccn/sn99021999/1895-11-07,2,6,2,4
lccn/sn84026749/1905-03-25,1,5,6,-1
lccn/sn84026749/1905-03-30,2,9,6,3
lccn/sn84026749/1905-03-24,1,3,3,0
lccn/sn84026749/1905-06-17,2,11,5,6
lccn/sn84026749/1905-07-09,2,3,2,1
lccn/sn82015753/1866-10-04,2,12,7,5
lccn/sn83030313/1878-09-15,2,6,5,1
lccn/sn83030313/1877-09-23,2,18,17,1
lccn/sn85038292/1884-08-23,2,14,0,14
lccn/sn83045462/1927-02-15,2,7,0,7
lccn/sn82014381/1885-07-15,2,6,2,4
lccn/sn85042462/1909-12-28,2,9,2,7
lccn/sn82014381/1882-07-26,2,5,1,4
lccn/sn82014381/1880-03-05,2,23,3,20
lccn/sn83016348/1874-04-25,2,11,4,7
lccn/sn83016348/1882-09-09,2,12,4,8
lccn/sn84024670/1871-09-07,1,0,0,0
lccn/sn84024670/1871-09-14,1,0,0,0
lccn/sn84024670/1871-09-18,1,0,0,0
lccn/sn83016348/1869-10-02,2,17,12,5
lccn/sn84024670/1871-08-28,2,12,0,12
lccn/sn84024670/1871-08-31,1,0,0,0
lccn/sn84024670/1871-09-01,1,0,0,0
lccn/sn84024670/1871-09-06,1,0,0,0
lccn/sn84024670/1871-08-30,2,4,3,1
lccn/sn83016348/1878-07-20,2,10,6,4
lccn/sn83016348/1875-09-18,1,15,16,-1
lccn/sn83016348/1876-11-18,1,9,9,0
lccn/sn83016348/1879-08-16,2,12,4,8
lccn/sn83016348/1879-07-26,1,7,8,-1
lccn/sn83016348/1879-08-23,1,4,5,-1
lccn/sn83016348/1879-07-19,2,19,8,11
lccn/sn83016348/1877-04-28,1,4,5,-1
lccn/sn83045462/1923-11-15,2,4,0,4
lccn/sn83045462/1923-12-21,2,10,1,9
lccn/sn83045462/1923-12-13,2,11,5,6
lccn/sn83045462/1923-12-22,2,7,2,5
lccn/sn83045462/1923-12-25,2,5,2,3
lccn/sn83030313/1874-05-15,1,0,0,0
lccn/sn83030313/1874-05-13,1,0,0,0
lccn/sn83030313/1871-06-13,1,10,10,0
lccn/sn82014381/1883-08-17,2,8,5,3
lccn/sn83030313/1874-05-16,2,5,0,5
lccn/sn83030313/1874-05-17,2,14,3,11
lccn/sn82014381/1880-03-01,2,20,1,19
lccn/sn82014381/1880-03-03,2,22,2,20
lccn/sn82014381/1880-03-04,1,0,0,0
lccn/sn82014381/1880-01-27,1,3,5,-2
lccn/sn82014381/1880-05-25,1,4,5,-1
lccn/sn83030313/1874-05-13,1,0,0,0
lccn/sn84022644/1894-10-12,1,3,7,-4
lccn/sn85038615/1913-09-04,2,3,1,2
lccn/sn84022644/1892-04-01,1,0,7,-7
lccn/sn84022644/1891-07-03,1,9,10,-1
lccn/sn84026844/1883-01-03,2,14,11,3
lccn/sn86092535/1855-09-05,2,8,6,2
lccn/sn84023209/1877-03-14,2,16,8,8
lccn/sn84024738/1860-01-06,2,7,2,5
lccn/sn84026749/1919-12-11,1,2,2,0
lccn/sn84026749/1919-12-12,1,0,0,0
lccn/sn83045462/1867-08-12,2,7,3,4
lccn/sn85066387/1903-02-24,1,0,0,0
lccn/sn85066387/1909-02-02,1,3,3,0
lccn/sn99021999/1887-02-22,2,16,9,7
lccn/sn87055779/1920-12-09,1,4,4,0
lccn/sn87055779/1921-02-15,1,0,0,0
lccn/sn84026749/1910-10-04,2,12,7,5
lccn/sn84026749/1910-10-17,1,6,7,-1
lccn/sn85032573/1882-02-16,2,8,3,5
lccn/sn85032573/1878-08-22,2,3,2,1
lccn/sn85032573/1877-06-14,1,8,10,-2
lccn/sn84026749/1904-07-15,2,3,2,1
lccn/sn83030313/1858-01-22,2,9,1,8
lccn/sn83030313/1879-10-16,1,3,8,-5
lccn/sn82015484/1882-08-31,2,11,7,4
lccn/sn84026749/1904-10-11,1,8,12,-4
lccn/sn83045462/1889-03-08,2,6,2,4
lccn/sn84026749/1904-10-01,2,16,6,10
lccn/sn83045462/1903-10-21,1,4,4,0
lccn/sn90059522/1894-06-25,2,5,1,4
lccn/sn90059522/1893-03-19,2,13,1,12
lccn/sn90059522/1893-03-20,2,14,2,12
lccn/sn90059522/1893-03-21,1,0,0,0
lccn/sn90059522/1893-03-22,1,0,0,0
lccn/sn90059522/1893-03-23,2,7,3,4
lccn/sn90059522/1893-03-24,2,4,3,1
lccn/sn90059522/1892-09-11,2,12,1,11
lccn/sn83030214/1881-12-15,2,6,5,1
lccn/sn97071110/1901-08-30,2,13,6,7
lccn/sn91090200/1885-12-03,2,17,7,10
lccn/sn82014381/1888-07-17,1,4,4,0
lccn/sn82014381/1889-08-04,2,11,6,5
lccn/sn82014381/1889-08-04,2,12,8,4
lccn/sn82014381/1889-07-14,1,7,11,-4
lccn/sn82014381/1887-07-30,1,3,3,0
lccn/sn85026421/1881-11-03,2,12,3,9
lccn/sn85033637/1877-02-06,1,0,0,0
lccn/sn86053573/1872-12-23,2,13,1,12
lccn/sn83045433/1909-03-01,2,13,3,10
lccn/sn83045433/1909-05-02,2,6,0,6
lccn/sn83045366/1906-09-23,2,9,2,7
lccn/sn83045462/1889-10-25,1,2,2,0
lccn/sn83045462/1889-11-01,1,2,9,-7
lccn/sn83045462/1889-12-06,2,6,3,3
lccn/sn83045462/1889-10-28,1,8,8,0
lccn/sn83045462/1889-10-29,2,13,7,6
lccn/sn83045462/1889-11-12,2,8,1,7
lccn/sn83045462/1889-12-03,2,9,4,5
lccn/sn83045462/1889-10-03,2,8,3,5
lccn/sn83045462/1889-10-22,2,9,4,5
lccn/sn83045462/1889-10-18,2,11,4,7
lccn/sn83045366/1906-10-04,2,21,2,19
lccn/sn83045366/1906-10-05,2,12,1,11
lccn/sn83045366/1906-11-02,2,9,1,8
lccn/sn83045366/1906-11-02,2,9,0,9
lccn/sn83045366/1906-09-12,1,1,8,-7
lccn/sn83045366/1906-09-22,2,22,1,21
lccn/sn83045462/1889-10-23,2,9,2,7
lccn/sn83045462/1890-02-15,1,0,0,0
lccn/sn83045462/1890-02-15,2,10,2,8
lccn/sn83045462/1889-12-11,2,10,0,10
lccn/sn83045462/1889-12-20,2,10,2,8
lccn/sn83045462/1889-12-10,1,9,9,0
lccn/sn83045462/1889-12-14,1,2,4,-2
lccn/sn83045462/1889-12-16,2,9,8,1
lccn/sn83045462/1889-12-18,2,15,14,1
lccn/sn83045462/1890-04-02,2,5,4,1
lccn/sn83045462/1890-09-13,2,31,17,14
lccn/sn83045462/1890-09-18,1,7,7,0
lccn/sn83045462/1890-09-19,2,7,4,3
lccn/sn83045462/1890-09-20,2,8,3,5
lccn/sn83045462/1890-09-23,2,6,4,2
lccn/sn83045462/1890-09-25,2,4,2,2
lccn/sn83045462/1890-09-27,1,3,4,-1
lccn/sn83045462/1890-10-01,1,3,3,0
lccn/sn83045462/1890-10-02,2,7,1,6
lccn/sn83045462/1890-02-27,2,36,18,18
lccn/sn83045462/1892-12-20,2,9,5,4
lccn/sn83045462/1891-03-21,2,16,8,8
lccn/sn83045462/1878-06-28,2,16,3,13
lccn/sn83045462/1878-06-20,2,12,9,3
lccn/sn83045462/1890-12-12,1,3,4,-1
lccn/sn84031492/1872-10-21,1,0,0,0
lccn/sn84031492/1873-05-10,1,0,0,0
lccn/sn99021999/1913-06-03,1,0,0,0
lccn/sn84031492/1874-02-15,2,8,6,2
lccn/sn85042460/1886-04-09,2,13,8,5
lccn/sn84031492/1874-08-09,1,5,9,-4
lccn/sn85058130/1907-05-26,1,1,7,-6
lccn/sn83045555/1903-06-08,1,5,5,0
lccn/sn83045784/1850-10-19,2,9,7,2
lccn/sn83045784/1850-10-19,2,8,5,3
lccn/sn82015483/1893-05-17,2,10,4,6
lccn/sn94052989/1892-05-30,1,0,0,0
lccn/sn94052989/1892-05-03,1,3,4,-1
lccn/sn94052989/1892-12-17,1,4,8,-4
lccn/sn84024738/1879-08-04,2,4,2,2
lccn/sn84024738/1879-08-11,2,4,3,1
lccn/sn83030272/1896-03-16,2,10,5,5
lccn/sn84024738/1868-09-15,2,10,1,9
lccn/sn84024738/1868-09-16,2,10,2,8
lccn/sn84024738/1868-09-18,2,13,2,11
lccn/sn84024738/1868-07-07,2,10,3,7
lccn/sn84024738/1866-07-21,2,11,0,11
lccn/sn84024738/1866-07-24,1,2,2,0
lccn/sn84024738/1866-07-26,2,5,1,4
lccn/sn84024738/1866-08-04,1,0,0,0
lccn/sn84024738/1868-09-08,2,7,1,6
lccn/sn84024738/1868-09-17,2,13,1,12
lccn/sn84024738/1868-09-19,1,0,0,0
lccn/sn84024738/1867-07-13,2,9,1,8
lccn/sn84024738/1867-07-22,1,1,3,-2
lccn/sn84024738/1867-07-25,2,4,0,4
lccn/sn84024738/1867-08-06,2,16,5,11
lccn/sn84024738/1867-08-12,2,2,1,1
lccn/sn84024738/1867-08-24,2,6,1,5
lccn/sn84024738/1867-09-04,2,5,0,5
lccn/sn84026844/1891-02-14,2,3,2,1
lccn/sn84026844/1888-06-06,2,7,1,6
lccn/sn84022639/1889-05-16,2,14,4,10
lccn/sn84026844/1882-04-22,2,13,10,3
lccn/sn84026847/1867-09-12,1,1,4,-3
lccn/sn84026847/1867-09-13,1,0,0,0
lccn/sn84026847/1867-09-17,1,9,9,0
lccn/sn84026847/1867-09-21,2,4,1,3
lccn/sn84026847/1867-08-15,2,2,0,2
lccn/sn84026847/1867-08-16,1,6,14,-8
lccn/sn84026847/1867-08-17,2,4,0,4
lccn/sn84026847/1867-08-19,2,13,4,9
lccn/sn84026847/1867-08-27,1,3,5,-2
lccn/sn84026847/1867-08-28,1,0,0,0
lccn/sn84026847/1867-09-02,2,13,5,8
lccn/sn84026847/1867-09-05,2,4,1,3
lccn/sn84026847/1867-09-06,1,6,10,-4
lccn/sn84026847/1867-09-07,2,2,0,2
lccn/sn84026847/1867-09-10,2,2,1,1
lccn/sn85038615/1914-04-19,2,11,1,10
lccn/sn83009573/1858-03-27,1,2,10,-8
lccn/sn83045462/1911-09-29,1,5,8,-3
lccn/sn83045462/1911-09-13,2,10,1,9
lccn/sn83045462/1911-09-17,2,35,9,26
lccn/sn83045462/1911-09-18,2,4,1,3
lccn/sn83045462/1911-09-19,2,8,0,8
lccn/sn83045462/1911-09-22,2,20,5,15
lccn/sn83045462/1911-09-23,2,27,14,13
lccn/sn83045462/1911-09-25,2,26,4,22
lccn/sn86063615/1899-09-02,2,17,11,6
lccn/sn83045462/1886-01-23,1,2,2,0
lccn/sn83045462/1876-06-03,1,1,1,0
lccn/sn83045462/1886-03-17,2,11,3,8
lccn/sn83030214/1879-11-29,1,4,6,-2
lccn/sn83045462/1875-04-14,1,1,1,0
lccn/sn83030214/1897-11-22,2,7,2,5
lccn/sn83045462/1867-09-24,1,4,10,-6
lccn/sn83030193/1888-02-08,1,0,0,0
lccn/sn83030193/1890-04-09,2,8,7,1
lccn/sn83030193/1890-04-09,2,21,1,20
lccn/sn83021327/1873-05-08,1,13,15,-2
lccn/sn83021327/1873-08-21,1,0,0,0
lccn/sn83021327/1880-07-29,2,8,6,2
lccn/sn83021327/1882-03-09,1,17,21,-4
lccn/sn83021327/1882-12-28,1,8,8,0
lccn/sn83021327/1883-01-11,2,9,7,2
lccn/sn83021327/1883-01-18,2,15,3,12
lccn/sn83021327/1883-01-25,2,12,2,10
lccn/sn83021327/1883-02-22,1,5,7,-2
lccn/sn83032011/1871-08-25,2,4,1,3
lccn/sn83030214/1905-04-18,2,4,2,2
lccn/sn83032011/1880-07-30,1,1,2,-1
lccn/sn83032011/1886-01-22,2,11,4,7
lccn/sn83032011/1890-08-29,1,5,5,0
lccn/sn83032011/1888-11-02,1,5,8,-3
lccn/sn83045396/1909-08-31,1,0,0,0
lccn/sn83030313/1868-09-13,2,18,7,11
lccn/sn83030313/1873-09-17,1,0,0,0
lccn/sn85038292/1882-08-12,2,18,10,8
lccn/sn85038292/1882-08-19,1,8,12,-4
lccn/sn85038292/1877-02-10,2,24,16,8
lccn/sn85038292/1892-12-24,2,8,4,4
lccn/sn85038292/1893-04-15,2,13,4,9
lccn/sn85038292/1889-01-05,2,10,3,7
lccn/sn85038292/1896-02-15,1,7,10,-3
lccn/sn85038292/1893-11-25,1,14,14,0
lccn/sn85038292/1883-09-08,1,5,8,-3
lccn/sn85038292/1883-09-15,2,8,3,5
lccn/sn85038292/1885-08-15,1,6,6,0
lccn/sn85038292/1885-08-22,2,9,5,4
lccn/sn85038292/1883-09-01,1,2,6,-4
lccn/sn85038292/1885-08-01,1,8,8,0
lccn/sn85038292/1885-08-08,2,18,2,16
lccn/sn85038292/1885-08-22,2,9,5,4
lccn/sn85038292/1908-02-14,2,6,2,4
lccn/sn83030272/1916-06-18,1,0,0,0
lccn/sn83045604/1892-02-11,1,0,0,0
lccn/sn83030193/1891-05-19,1,0,0,0
lccn/sn83030193/1891-05-19,1,0,0,0
lccn/sn84036034/1886-11-13,2,7,3,4
lccn/sn86053573/1877-12-04,2,15,3,12
lccn/sn84026749/1905-10-22,1,4,4,0
lccn/sn83045462/1922-09-27,2,15,1,14
lccn/sn83045462/1922-09-28,2,12,1,11
lccn/sn82003410/1849-06-15,1,7,7,0
lccn/sn82014760/1862-07-09,2,6,3,3
lccn/sn99021999/1900-09-16,2,6,3,3
lccn/sn99021999/1900-03-09,2,8,5,3
lccn/sn95047242/1904-03-18,2,10,8,2
lccn/sn95047242/1904-05-06,1,0,3,-3
lccn/sn95047242/1904-04-01,1,6,9,-3
lccn/sn95047242/1904-04-15,1,6,6,0
lccn/sn95047227/1908-09-17,2,9,4,5
lccn/sn95047242/1903-07-24,2,2,0,2
lccn/sn84020594/1873-06-25,1,2,3,-1
lccn/sn95047242/1903-06-16,1,5,13,-8
lccn/sn99021999/1901-06-23,2,5,2,3
lccn/sn99021999/1901-10-02,2,9,7,2
lccn/sn96091104/1891-08-14,2,3,1,2
lccn/sn96091104/1891-08-21,2,3,2,1
lccn/sn96091104/1892-03-18,2,6,3,3
lccn/sn96091104/1892-07-22,2,7,4,3
lccn/sn85038614/1893-04-11,1,4,5,-1
lccn/sn85038614/1892-08-24,2,5,1,4
lccn/sn97067613/1889-05-23,1,7,8,-1
lccn/sn88078580/1875-07-02,2,18,5,13
lccn/sn88078580/1878-06-28,2,16,3,13
lccn/sn83035143/1859-07-06,2,4,2,2
lccn/sn83035143/1862-02-05,1,0,0,0
lccn/sn83035143/1862-02-06,1,0,0,0
lccn/sn84026844/1890-08-08,1,6,6,0
lccn/sn83035143/1862-07-25,2,7,4,3
lccn/sn84023209/1879-04-23,2,16,8,8
lccn/sn84028745/1860-09-08,2,3,1,2
lccn/sn84028745/1860-05-22,1,0,1,-1
lccn/sn97067613/1886-11-25,2,13,4,9
lccn/sn97067613/1882-12-14,1,9,11,-2
lccn/sn86092535/1855-09-07,1,0,0,0
lccn/sn86092535/1855-09-08,1,3,10,-7
lccn/sn86092535/1855-09-11,1,0,0,0
lccn/sn86092535/1856-04-01,2,5,1,4
lccn/sn86092535/1853-02-21,2,5,4,1
lccn/sn86092535/1853-04-07,1,10,10,0
lccn/sn83045160/1885-09-12,1,0,0,0
lccn/sn83045160/1883-10-18,2,17,7,10
lccn/sn83045211/1919-11-11,2,15,1,14
lccn/sn86053573/1879-10-18,2,7,1,6
lccn/sn82000189/1889-02-19,1,3,4,-1
lccn/sn82000189/1889-05-28,2,13,7,6
lccn/sn83045211/1919-03-07,2,5,1,4
lccn/sn83045211/1919-09-13,2,3,1,2
lccn/sn85058130/1901-12-29,2,7,2,5
lccn/sn83045211/1919-05-29,2,9,3,6
lccn/sn83045211/1919-05-31,2,11,5,6
lccn/sn83045211/1919-06-02,1,1,2,-1
lccn/sn83045462/1917-09-20,2,3,1,2
lccn/sn85058130/1901-08-26,2,13,3,10
lccn/sn83045462/1896-02-17,2,14,7,7
lccn/sn85058140/1909-09-10,1,6,19,-13
lccn/sn85058140/1909-09-14,1,0,0,0
lccn/sn83045555/1902-04-04,2,6,4,2
lccn/sn86053573/1881-09-23,1,5,9,-4
lccn/sn87062228/1891-04-16,2,7,3,4
lccn/sn83016925/1887-10-05,2,10,4,6
lccn/sn83016925/1887-07-06,2,15,5,10
lccn/sn83016925/1887-07-27,2,18,8,10
lccn/sn83045231/1866-06-20,2,14,5,9
lccn/sn83045231/1866-06-21,2,9,4,5
lccn/sn83045231/1866-07-03,1,3,3,0
lccn/sn83045231/1866-07-07,2,17,1,16
lccn/sn83016555/1873-10-23,2,31,12,19
lccn/sn83016555/1874-02-05,1,1,5,-4
lccn/sn86091346/1897-01-28,1,1,6,-5
lccn/sn83030313/1867-09-22,1,3,6,-3
lccn/sn83025925/1864-12-27,1,0,0,0
lccn/sn83045433/1908-04-18,1,3,10,-7
lccn/sn83045433/1907-11-16,1,2,8,-6
lccn/sn83045433/1908-02-11,2,7,1,6
lccn/sn83030313/1874-09-17,1,1,8,-7
lccn/sn85066387/1907-10-19,1,1,2,-1
lccn/sn85066387/1905-02-19,2,4,0,4
lccn/sn85032938/1901-10-30,1,2,8,-6
lccn/sn85066387/1905-03-15,2,6,1,5
lccn/sn85032938/1903-03-04,1,2,2,0
lccn/sn85032920/1904-05-25,2,11,8,3
lccn/sn85066387/1905-03-13,2,10,1,9
lccn/sn85066387/1905-03-22,2,8,3,5
lccn/sn82015133/1885-10-24,2,18,5,13
lccn/sn82015133/1881-03-13,1,0,0,0
lccn/sn83045160/1885-06-21,2,6,2,4
lccn/sn83045160/1884-07-08,1,0,0,0
lccn/sn83045160/1884-07-31,1,0,0,0
lccn/sn83045160/1884-08-01,1,4,10,-6
lccn/sn83045160/1884-08-07,2,20,9,11
lccn/sn83045160/1884-08-22,2,20,0,20
lccn/sn83045160/1884-09-03,2,15,8,7
lccn/sn83030272/1887-09-13,2,9,7,2
lccn/sn83030272/1882-11-26,2,20,14,6
lccn/sn83045160/1884-07-11,2,8,2,6
lccn/sn83045160/1884-07-18,1,9,29,-20
lccn/sn83045160/1884-07-19,1,0,0,0
lccn/sn83045160/1884-07-29,2,7,2,5
lccn/sn83045160/1884-07-29,2,12,3,9
lccn/sn83045160/1884-08-01,1,2,4,-2
lccn/sn83045160/1884-08-03,1,2,2,0
lccn/sn83045160/1884-08-05,2,22,13,9
lccn/sn83045160/1884-08-06,2,17,2,15
lccn/sn83045160/1884-08-09,1,0,0,0
lccn/sn83045160/1884-08-20,2,23,5,18
lccn/sn83045160/1884-09-02,2,25,14,11
lccn/sn83045160/1884-11-05,1,0,0,0
lccn/sn83045160/1884-09-23,2,7,6,1
lccn/sn83045160/1884-10-01,1,7,7,0
lccn/sn84038125/1893-11-11,1,0,0,0
lccn/sn83045160/1884-09-12,1,7,7,0
lccn/sn83045160/1884-09-14,2,11,3,8
lccn/sn83045160/1884-09-16,2,12,3,9
lccn/sn83045160/1884-09-19,1,2,13,-11
lccn/sn84026753/1871-09-21,2,14,12,2
lccn/sn83045462/1864-06-25,1,6,18,-12
lccn/sn82003410/1849-08-24,2,7,2,5
lccn/sn82003410/1849-07-13,1,0,0,0
lccn/sn83030213/1857-07-29,2,5,3,2
lccn/sn84031492/1874-10-25,1,35,40,-5
lccn/sn82014064/1872-04-03,1,3,3,0
lccn/sn88053055/1893-09-27,2,14,10,4
lccn/sn83030313/1872-10-08,1,0,0,0
lccn/sn86063624/1896-08-10,1,2,4,-2
lccn/sn83045366/1904-04-19,2,16,3,13
lccn/sn83045366/1904-04-20,2,17,2,15
lccn/sn83045366/1904-04-21,2,19,1,18
lccn/sn83045366/1904-04-22,2,25,1,24
lccn/sn83045366/1904-05-03,2,10,3,7
lccn/sn83045366/1904-05-04,2,18,3,15
lccn/sn83045462/1912-09-21,1,5,9,-4
lccn/sn83045462/1911-09-30,1,4,5,-1
lccn/sn83045433/1910-10-16,2,6,1,5
lccn/sn85066387/1904-10-12,2,11,0,11
lccn/sn85066387/1909-05-08,2,3,1,2
lccn/sn84024735/1858-01-01,1,6,6,0
lccn/sn84024735/1858-02-05,2,10,3,7
lccn/sn84024735/1859-01-11,1,2,3,-1
lccn/sn83045462/1921-10-17,1,10,10,0
lccn/sn84024735/1860-09-07,1,1,1,0
lccn/sn84024735/1860-08-21,2,4,2,2
lccn/sn83045462/1921-09-10,2,20,6,14
lccn/sn83045462/1862-07-08,2,10,4,6
lccn/sn83045462/1862-08-19,1,0,0,0
lccn/sn83045462/1860-06-27,1,9,9,0
lccn/sn83045462/1860-06-28,1,6,6,0
lccn/sn83045462/1868-06-16,2,20,13,7
lccn/sn83045462/1869-06-22,2,8,2,6
lccn/sn83045462/1869-08-31,2,6,2,4
lccn/sn83045462/1869-02-17,2,7,1,6
lccn/sn83032058/1874-07-16,2,9,3,6
lccn/sn83030213/1846-11-25,1,7,7,0
lccn/sn86053573/1885-09-23,2,7,5,2
lccn/sn85058130/1909-06-04,2,14,5,9
lccn/sn85058140/1909-08-16,1,3,4,-1
lccn/sn83045555/1902-12-08,1,6,8,-2
lccn/sn83032300/1883-09-03,1,2,11,-9
lccn/sn83032300/1885-04-28,2,7,5,2
lccn/sn83032300/1887-04-08,2,2,1,1
lccn/sn83030214/1900-04-16,1,4,6,-2
lccn/sn83030214/1900-03-17,2,15,2,13
lccn/sn84024546/1891-05-31,2,23,1,22
lccn/sn83045462/1919-03-22,2,6,0,6
lccn/sn83045462/1922-08-06,2,15,2,13
lccn/sn83045462/1922-10-17,1,2,2,0
lccn/sn83045462/1922-10-21,2,9,0,9
lccn/sn83045462/1922-10-23,2,13,0,13
lccn/sn83045462/1922-10-24,2,15,2,13
lccn/sn83045462/1922-09-23,2,5,0,5
lccn/sn86053571/1867-11-13,1,4,9,-5
lccn/sn82014434/1853-06-30,1,1,1,0
lccn/sn82003410/1849-08-10,1,3,4,-1
lccn/sn84026749/1906-12-30,1,3,5,-2
lccn/sn83045462/1919-10-13,2,17,1,16
lccn/sn83045462/1918-06-17,2,10,1,9
lccn/sn83045462/1918-06-18,2,8,4,4
lccn/sn83045462/1917-03-21,1,4,8,-4
lccn/sn83045462/1915-11-11,1,1,2,-1
lccn/sn83045462/1915-07-22,1,5,5,0
lccn/sn83045462/1915-11-21,2,9,3,6
lccn/sn84026409/1895-04-17,1,8,10,-2
lccn/sn84026409/1895-05-01,2,2,1,1
lccn/sn84026409/1895-05-15,1,0,3,-3
lccn/sn84026409/1895-05-29,2,6,4,2
lccn/sn84026409/1895-06-05,1,5,5,0
lccn/sn83030272/1908-08-04,1,3,4,-1
lccn/sn84022644/1873-09-12,2,5,2,3
lccn/sn83045462/1887-06-27,2,12,0,12
lccn/sn89066350/1883-01-25,1,9,10,-1
lccn/sn83045462/1889-09-18,2,10,4,6
lccn/sn83045462/1889-09-23,1,3,5,-2
lccn/sn83045462/1904-01-06,2,3,2,1
lccn/sn83045462/1904-01-07,1,5,5,0
lccn/sn83045462/1904-01-08,1,3,8,-5
lccn/sn83045462/1889-09-24,1,4,12,-8
lccn/sn83045462/1889-09-26,2,12,0,12
lccn/sn83045462/1904-01-09,1,1,4,-3
lccn/sn83045462/1889-07-30,2,7,5,2
lccn/sn84024738/1858-08-25,2,9,3,6
lccn/sn84024738/1858-08-28,2,15,5,10
lccn/sn84024738/1858-09-02,2,8,4,4
lccn/sn84024738/1858-09-03,2,5,0,5
lccn/sn84024738/1858-09-10,1,0,0,0
lccn/sn84024738/1858-08-21,2,17,5,12
lccn/sn84024738/1858-08-30,1,1,2,-1
lccn/sn84024738/1858-09-01,2,10,3,7
lccn/sn84024738/1859-12-26,2,16,4,12
lccn/sn84024738/1859-12-28,2,8,5,3
lccn/sn84024738/1859-12-29,2,20,1,19
lccn/sn84024738/1859-09-05,2,10,3,7
lccn/sn84024738/1859-12-13,1,4,8,-4
lccn/sn83045462/1919-12-28,2,14,1,13
lccn/sn83030214/1902-12-22,2,22,8,14
lccn/sn83030214/1903-02-10,2,7,1,6
lccn/sn83045462/1919-06-22,2,10,1,9
lccn/sn82014381/1890-11-02,1,2,3,-1
lccn/sn94052989/1890-06-01,2,15,8,7
lccn/sn84024738/1862-08-27,2,12,0,12
lccn/sn84024718/1883-05-22,2,8,7,1
lccn/sn84024718/1887-06-08,2,12,1,11
lccn/sn84024718/1877-09-25,2,10,2,8
lccn/sn84024718/1877-06-12,2,21,7,14
lccn/sn84024718/1870-10-18,2,18,1,17
lccn/sn84024718/1892-05-11,1,0,0,0
lccn/sn82014593/1852-06-05,1,2,2,0
lccn/sn84024718/1890-07-23,2,9,3,6
lccn/sn84024718/1889-04-17,1,6,9,-3
lccn/sn85066387/1895-04-06,2,10,8,2
lccn/sn84027691/1872-01-25,2,10,9,1
lccn/sn83035595/1870-02-04,2,19,1,18
lccn/sn84028794/1856-01-16,2,6,4,2
lccn/sn85066387/1907-01-31,1,0,0,0
lccn/sn85066387/1906-11-02,2,15,5,10
lccn/sn83030313/1870-06-26,1,0,0,0
lccn/sn83030313/1870-06-28,2,7,2,5
lccn/sn83016555/1871-09-23,1,0,0,0
lccn/sn83016555/1874-06-27,2,10,5,5
lccn/sn84031081/1920-08-13,2,6,3,3
lccn/sn83016555/1870-08-26,2,9,1,8
lccn/sn86063624/1896-02-07,1,0,0,0
lccn/sn83025287/1882-03-26,1,6,10,-4
lccn/sn86063624/1896-09-13,2,29,6,23
lccn/sn84023127/1859-03-04,2,5,1,4
lccn/sn84023127/1855-11-02,2,11,4,7
lccn/sn90000523/1889-08-08,2,9,1,8
lccn/sn84022367/1870-02-17,2,5,0,5
lccn/sn86072143/1909-02-11,1,2,6,-4
lccn/sn84026749/1918-07-22,2,3,1,2
lccn/sn85042345/1921-08-29,1,2,3,-1
lccn/sn84031492/1877-06-24,2,10,1,9
lccn/sn84031492/1876-12-02,1,6,8,-2
lccn/sn85042345/1922-10-03,2,8,2,6
lccn/sn83032041/1887-12-23,1,2,9,-7
lccn/sn83025010/1894-09-06,2,5,3,2
lccn/sn85033699/1871-04-30,2,20,7,13
lccn/sn85033699/1871-08-20,2,14,6,8
lccn/sn85033699/1870-04-17,2,8,3,5
lccn/sn85033699/1869-08-13,2,15,2,13
lccn/sn85033699/1869-08-14,2,18,1,17
lccn/sn85033699/1870-07-30,2,13,3,10
lccn/sn83045604/1896-06-24,2,4,1,3
lccn/sn83045604/1896-07-31,2,7,1,6
lccn/sn83045462/1908-01-31,2,4,1,3
lccn/sn83045462/1908-01-15,1,3,5,-2
lccn/sn83045462/1908-01-17,2,12,2,10
lccn/sn89064525/1887-03-25,2,3,2,1
lccn/sn83045462/1908-01-10,2,5,3,2
lccn/sn94052989/1891-05-14,2,11,7,4
lccn/sn94052989/1891-05-28,1,7,12,-5
lccn/sn94052989/1891-05-31,2,4,2,2
lccn/sn84024738/1872-03-15,1,7,10,-3
lccn/sn84024738/1872-02-01,2,7,4,3
lccn/sn84024738/1873-08-14,2,7,3,4
lccn/sn84024738/1869-09-07,2,12,1,11
lccn/sn84024738/1873-02-25,1,0,0,0
lccn/sn84024738/1867-09-11,1,1,5,-4
lccn/sn84024738/1869-09-03,2,10,6,4
lccn/sn84024738/1869-09-06,2,9,4,5
lccn/sn84024738/1869-07-14,1,3,3,0
lccn/sn84024738/1869-07-24,2,8,2,6
lccn/sn84024738/1869-07-26,2,6,2,4
lccn/sn84024738/1869-08-11,2,7,3,4
lccn/sn84024738/1869-08-16,2,6,2,4
lccn/sn84024738/1869-08-17,2,8,5,3
lccn/sn84024738/1869-08-23,2,16,2,14
lccn/sn84024738/1869-08-25,2,6,0,6
lccn/sn84024738/1869-08-26,2,5,4,1
lccn/sn84024738/1869-08-30,2,13,1,12
lccn/sn84024738/1869-08-06,2,5,2,3
lccn/sn84024738/1869-08-09,2,6,1,5
lccn/sn84024738/1869-08-10,2,18,7,11
lccn/sn84024738/1869-08-14,2,10,6,4
lccn/sn84024738/1869-09-14,1,7,7,0
lccn/sn83030272/1880-07-09,1,9,15,-6
lccn/sn83030272/1880-07-19,1,4,7,-3
lccn/sn84024738/1872-07-27,1,9,10,-1
lccn/sn84024738/1869-08-27,2,15,2,13
lccn/sn84024738/1867-09-14,2,4,2,2
lccn/sn84024738/1867-09-14,2,4,1,3
lccn/sn84024738/1873-04-29,2,8,3,5
lccn/sn84024738/1873-05-05,1,0,0,0
lccn/sn84024738/1873-05-13,2,7,3,4
lccn/sn93051669/1895-08-31,1,5,6,-1
lccn/sn84026749/1910-02-21,1,5,10,-5
lccn/sn84026749/1909-12-04,2,6,2,4
lccn/sn85033995/1870-02-12,2,14,4,10
lccn/sn83030214/1892-06-17,1,1,1,0
lccn/sn82016419/1878-11-08,2,10,1,9
lccn/sn85030221/1881-07-14,1,4,10,-6
lccn/sn85030221/1882-05-11,2,16,7,9
lccn/sn82016419/1871-09-15,2,16,8,8
lccn/sn82016419/1873-06-20,2,19,7,12
lccn/sn82016419/1874-03-27,2,11,6,5
lccn/sn83045462/1894-11-06,2,19,9,10
lccn/sn83045462/1894-11-13,1,5,14,-9
lccn/sn87055779/1921-12-12,2,7,1,6
lccn/sn87055779/1922-01-29,2,5,2,3
lccn/sn99021999/1919-09-07,2,11,2,9
lccn/sn85030221/1886-11-18,1,0,0,0
lccn/sn82016419/1878-02-01,1,8,9,-1
lccn/sn85030221/1889-02-21,1,2,6,-4
lccn/sn85030221/1883-03-22,2,11,9,2
lccn/sn85030221/1883-04-05,2,21,7,14
lccn/sn85030221/1885-07-02,2,13,4,9
lccn/sn85030221/1885-09-17,2,9,6,3
lccn/sn99021999/1896-06-07,2,15,7,8
lccn/sn84027670/1884-09-25,1,0,0,0
lccn/sn84027670/1884-12-18,1,4,7,-3
lccn/sn99021999/1889-12-02,2,9,4,5
lccn/sn99021999/1889-12-02,2,7,2,5
lccn/sn85042462/1906-05-10,1,0,0,0
lccn/sn99021999/1899-02-23,1,3,9,-6
lccn/sn99021999/1899-01-05,1,0,0,0
lccn/sn85025007/1860-06-05,1,0,0,0
lccn/sn85025007/1860-07-31,2,4,2,2
lccn/sn85025007/1860-08-11,1,1,2,-1
lccn/sn87076843/1880-01-23,2,16,7,9
lccn/sn84026547/1860-09-25,2,12,0,12
lccn/sn85038229/1869-09-17,2,4,2,2
lccn/sn85038229/1870-02-04,2,10,6,4
lccn/sn85026193/1862-06-04,2,9,5,4
lccn/sn85026193/1862-07-23,2,9,2,7
lccn/sn85026193/1862-08-27,2,30,5,25
lccn/sn85026193/1862-09-03,2,10,4,6
lccn/sn85026193/1862-10-08,2,36,5,31
lccn/sn85026193/1862-10-15,2,40,8,32
lccn/sn85026193/1862-10-29,2,13,6,7
lccn/sn85026193/1862-12-10,2,13,2,11
lccn/sn85026193/1862-12-17,2,12,3,9
lccn/sn86071197/1896-02-02,2,19,13,6
lccn/sn84024738/1859-12-24,1,0,0,0
lccn/sn84024738/1859-12-20,2,13,5,8
lccn/sn84024738/1859-12-19,2,12,3,9
lccn/sn84024738/1875-10-19,1,0,0,0
lccn/sn84024738/1875-03-09,1,0,0,0
lccn/sn84024738/1874-07-18,2,6,4,2
lccn/sn84024738/1874-09-10,2,5,2,3
lccn/sn84024738/1874-09-25,2,8,5,3
lccn/sn84024738/1875-07-23,1,0,0,0
lccn/sn84024738/1875-08-20,2,5,3,2
lccn/sn84024738/1875-08-21,2,4,1,3
lccn/sn84024738/1875-08-28,1,6,6,0
lccn/sn84024738/1875-09-17,1,1,2,-1
lccn/sn84024738/1875-09-18,2,11,5,6
lccn/sn84024738/1875-09-21,1,5,11,-6
lccn/sn84024738/1875-09-24,2,8,0,8
lccn/sn84024738/1875-09-25,2,9,4,5
lccn/sn84024738/1875-10-02,2,8,5,3
lccn/sn84024738/1877-09-06,2,15,8,7
lccn/sn84024738/1878-06-14,2,20,19,1
lccn/sn84024738/1875-10-05,2,2,1,1
lccn/sn84024738/1878-09-12,2,9,1,8
lccn/sn84024738/1878-09-19,2,6,2,4
lccn/sn84024738/1876-09-16,2,10,2,8
lccn/sn84024738/1876-09-18,1,8,13,-5
lccn/sn84024738/1879-06-10,1,2,4,-2
lccn/sn84024738/1879-07-01,1,3,5,-2
lccn/sn84024738/1879-09-25,2,5,1,4
lccn/sn84024738/1879-09-29,2,3,2,1
lccn/sn84024738/1879-09-30,2,8,3,5
lccn/sn84024738/1879-07-04,1,0,0,0
lccn/sn84024738/1879-08-25,2,11,6,5
lccn/sn84024738/1879-09-27,2,3,2,1
lccn/sn84026847/1871-01-02,2,9,2,7
lccn/sn87076916/1886-02-12,2,16,1,15
lccn/sn84022473/1874-09-04,2,9,4,5
lccn/sn88084272/1920-01-08,2,7,4,3
lccn/sn88084272/1917-11-28,2,20,0,20
lccn/sn88084272/1917-12-01,2,9,3,6
lccn/sn88084272/1917-12-03,1,7,10,-3
lccn/sn88084272/1918-06-06,2,6,5,1
lccn/sn88084272/1917-08-24,2,5,3,2
lccn/sn88084272/1917-08-25,2,6,0,6
lccn/sn88084272/1917-08-11,2,10,0,10
lccn/sn88084272/1917-08-18,2,9,3,6
lccn/sn88084272/1917-08-21,1,0,0,0
lccn/sn88084272/1917-08-23,2,15,1,14
lccn/sn84026822/1875-07-01,2,10,3,7
lccn/sn84026822/1875-08-19,2,9,5,4
lccn/sn84026822/1875-09-09,2,5,3,2
lccn/sn87062253/1873-09-04,2,24,5,19
lccn/sn85066387/1908-04-28,2,7,2,5
lccn/sn85066387/1908-05-07,1,1,2,-1
lccn/sn85066387/1908-08-10,2,6,4,2
lccn/sn86071045/1896-09-03,2,8,4,4
lccn/sn86071045/1900-05-31,2,3,0,3
lccn/sn86071045/1890-04-04,2,11,2,9
lccn/sn85034076/1873-12-12,2,3,2,1
lccn/sn85034076/1873-12-26,1,5,5,0
lccn/sn83045433/1910-02-08,2,4,0,4
lccn/sn83045433/1910-08-15,1,0,0,0
lccn/sn83045433/1910-02-17,1,3,6,-3
lccn/sn84022871/1888-04-02,2,9,2,7
lccn/sn84028083/1862-01-17,2,6,2,4
lccn/sn99021999/1922-03-26,2,7,1,6
lccn/sn83016925/1884-07-16,2,16,6,10
lccn/sn83016925/1884-08-06,2,24,4,20
lccn/sn83016926/1881-09-29,2,11,6,5
lccn/sn84024323/1860-04-18,2,5,2,3
lccn/sn90059523/1896-05-19,1,11,31,-20
lccn/sn90059522/1895-05-21,2,4,0,4
lccn/sn83045462/1903-02-05,1,0,0,0
lccn/sn83045462/1903-06-17,2,3,2,1
lccn/sn84026749/1908-04-19,2,11,3,8
lccn/sn83045389/1917-08-16,2,10,2,8
lccn/sn83045462/1898-04-23,1,0,0,0
lccn/sn83045462/1897-12-25,2,7,5,2
lccn/sn82014424/1882-06-20,2,7,3,4
lccn/sn83032231/1879-08-16,2,11,8,3
lccn/sn83045462/1899-01-11,2,5,0,5
lccn/sn83045462/1898-06-25,2,8,0,8
lccn/sn83045462/1895-11-28,2,5,1,4
lccn/sn83045462/1895-12-02,2,18,13,5
lccn/sn83045462/1895-12-03,2,7,5,2
lccn/sn83045462/1895-12-04,1,8,10,-2
lccn/sn83045462/1895-12-05,2,12,4,8
lccn/sn83045462/1895-12-12,2,5,4,1
lccn/sn83045462/1895-12-16,2,14,3,11
lccn/sn83045462/1895-12-17,2,9,3,6
lccn/sn83045462/1895-12-17,2,9,3,6
lccn/sn83045462/1895-12-18,2,5,3,2
lccn/sn83045462/1895-12-19,2,14,3,11
lccn/sn83045462/1895-12-20,2,9,2,7
lccn/sn83045462/1895-12-21,2,14,7,7
lccn/sn83045462/1895-12-23,2,10,2,8
lccn/sn83045462/1895-12-24,2,9,4,5
lccn/sn83045462/1895-12-28,2,13,4,9
lccn/sn83045462/1895-12-30,2,9,2,7
lccn/sn83045462/1895-12-31,2,10,2,8
lccn/sn83045462/1917-12-12,2,6,2,4
lccn/sn83030214/1872-08-26,1,0,0,0
lccn/sn85058130/1898-04-14,2,15,7,8
lccn/sn85058130/1903-04-08,2,6,4,2
lccn/sn85058130/1902-07-12,2,4,1,3
lccn/sn84026749/1918-07-29,1,1,2,-1
lccn/sn83045433/1907-09-29,2,7,4,3
lccn/sn85058130/1903-08-03,2,7,6,1
lccn/sn83045462/1918-04-10,2,10,9,1
lccn/sn83045462/1918-07-07,2,5,3,2
lccn/sn85058130/1904-02-28,2,5,2,3
lccn/sn85058130/1904-01-29,2,3,1,2
lccn/sn85058130/1903-06-07,2,3,0,3
lccn/sn84031492/1875-08-08,2,20,2,18
lccn/sn85058130/1903-11-15,1,7,7,0
lccn/sn85033964/1875-05-27,2,9,5,4
lccn/sn85026034/1873-11-14,1,0,0,0
lccn/sn84026749/1903-04-02,2,5,0,5
lccn/sn84024441/1902-11-29,1,8,10,-2
lccn/sn83045462/1904-03-25,2,17,4,13
lccn/sn83045366/1903-09-25,2,11,1,10
lccn/sn83045366/1903-09-26,2,16,1,15
lccn/sn83045366/1903-09-28,2,15,1,14
lccn/sn83045366/1903-09-29,2,17,0,17
lccn/sn83045366/1903-08-27,2,16,3,13
lccn/sn90059522/1884-08-06,2,8,1,7
lccn/sn83045462/1911-03-26,2,4,1,3
lccn/sn83045366/1904-05-06,2,13,3,10
lccn/sn83045366/1904-05-09,2,8,1,7
lccn/sn83045366/1904-05-10,2,24,0,24
lccn/sn83045366/1904-05-12,2,12,0,12
lccn/sn83045366/1904-05-13,2,7,2,5
lccn/sn83045366/1904-05-07,2,16,3,13
lccn/sn83045366/1904-05-11,2,19,4,15
lccn/sn83045366/1904-05-14,2,10,0,10
lccn/sn83045366/1904-05-05,2,9,2,7
lccn/sn83045366/1904-08-13,2,7,2,5
lccn/sn83045462/1910-10-17,1,1,1,0
lccn/sn84024441/1901-05-20,2,7,0,7
lccn/sn84020274/1901-01-25,2,7,1,6
lccn/sn86063624/1896-08-05,1,4,9,-5
lccn/sn86063624/1896-03-02,2,6,4,2
lccn/sn83045366/1904-08-09,2,26,4,22
lccn/sn88076741/1889-11-22,1,6,14,-8
lccn/sn83045462/1911-10-04,2,3,1,2
lccn/sn83045462/1911-10-08,1,4,8,-4
lccn/sn84024738/1860-08-28,1,1,5,-4
lccn/sn84024738/1860-09-04,2,14,6,8
lccn/sn85033386/1873-11-21,1,6,16,-10
lccn/sn86053406/1875-06-11,2,11,9,2
lccn/sn84024738/1860-08-31,2,12,2,10
lccn/sn84024738/1880-06-05,1,0,0,0
lccn/sn84024738/1883-07-22,2,11,5,6
lccn/sn84024738/1883-11-18,2,5,2,3
lccn/sn84024738/1882-12-16,2,3,2,1
lccn/sn84024738/1860-10-12,2,11,3,8
lccn/sn84024738/1860-10-15,2,10,3,7
lccn/sn84024738/1884-03-04,1,5,7,-2
lccn/sn84024738/1881-05-01,1,4,9,-5
lccn/sn88061082/1884-05-10,2,5,3,2
lccn/sn88061082/1883-03-24,1,8,12,-4
lccn/sn88061082/1877-10-13,2,16,4,12
lccn/sn84025841/1898-02-05,2,11,5,6
lccn/sn84025841/1898-02-26,2,9,8,1
lccn/sn83030272/1911-05-04,1,2,6,-4
lccn/sn83030272/1912-04-21,1,4,5,-1
lccn/sn83045462/1925-06-25,2,11,0,11
lccn/sn83045462/1925-09-09,2,11,1,10
lccn/sn83045462/1925-10-03,2,16,0,16
lccn/sn83045462/1925-06-07,2,16,2,14
lccn/sn83045462/1925-08-09,2,11,4,7
lccn/sn84025841/1897-10-16,2,13,5,8
lccn/sn84025841/1897-10-23,2,17,3,14
lccn/sn84025841/1897-10-30,1,7,7,0
lccn/sn84025841/1897-11-27,2,11,3,8
lccn/sn84025841/1898-01-01,2,8,5,3
lccn/sn84025841/1898-01-08,2,11,5,6
lccn/sn84025841/1898-01-15,2,6,1,5
lccn/sn84025841/1898-01-22,2,3,0,3
lccn/sn83045462/1925-10-28,2,5,2,3
lccn/sn84026853/1884-09-17,2,25,8,17
lccn/sn84026853/1877-03-07,2,4,3,1
lccn/sn84026853/1877-05-02,1,6,9,-3
lccn/sn84026853/1881-02-09,2,7,4,3
lccn/sn84026853/1879-01-29,2,6,3,3
lccn/sn84026853/1881-09-07,2,11,7,4
lccn/sn84026925/1894-09-05,2,5,3,2
lccn/sn82015104/1892-04-04,2,5,1,4
lccn/sn85066387/1908-09-13,2,6,2,4
lccn/sn85066387/1908-09-14,2,4,0,4
lccn/sn85038614/1885-05-23,2,13,7,6
lccn/sn85038614/1885-06-18,1,2,3,-1
lccn/sn85038614/1885-09-16,1,2,6,-4
lccn/sn85038614/1886-05-13,2,7,2,5
lccn/sn85038614/1888-01-27,1,3,4,-1
lccn/sn85038614/1885-01-21,1,0,0,0
lccn/sn83030272/1891-03-04,1,7,13,-6
lccn/sn84026536/1856-07-04,2,12,3,9
lccn/sn84026536/1856-07-11,2,16,4,12
lccn/sn84026536/1872-11-15,2,7,5,2
lccn/sn85038614/1892-04-15,2,4,2,2
lccn/sn84024738/1883-07-01,2,10,6,4
lccn/sn85038614/1890-12-25,1,0,0,0
lccn/sn85038614/1891-01-07,2,8,2,6
lccn/sn85033153/1873-11-27,2,4,1,3
lccn/sn83030272/1894-09-26,2,3,1,2
lccn/sn83030272/1893-08-21,1,4,5,-1
lccn/sn85033386/1870-07-29,2,8,4,4
lccn/sn85033386/1872-01-05,2,10,4,6
lccn/sn83045389/1918-09-18,1,1,5,-4
lccn/sn83045389/1918-08-16,2,18,0,18
lccn/sn83030214/1901-10-12,1,19,27,-8
lccn/sn83030214/1901-10-23,2,1,0,1
lccn/sn83016739/1881-04-09,1,0,0,0
lccn/sn83016926/1879-05-28,2,8,2,6
lccn/sn83016926/1879-06-25,2,10,7,3
lccn/sn83016926/1880-07-28,2,15,7,8
lccn/sn83016926/1877-08-08,2,6,3,3
lccn/sn83016926/1877-08-15,2,9,8,1
lccn/sn83016926/1877-08-22,2,3,0,3
lccn/sn83016926/1877-08-29,1,4,4,0
lccn/sn83016926/1877-09-05,2,11,4,7
lccn/sn83016926/1877-09-12,2,4,3,1
lccn/sn83016926/1877-10-31,2,10,3,7
lccn/sn83016926/1878-07-10,2,17,4,13
lccn/sn83016926/1878-12-18,2,23,11,12
lccn/sn83016926/1872-08-01,1,5,6,-1
lccn/sn83016926/1872-08-08,2,8,2,6
lccn/sn83030214/1901-09-11,1,2,4,-2
lccn/sn83030214/1901-09-21,1,17,19,-2
lccn/sn83030214/1901-09-25,1,1,3,-2
lccn/sn94056852/1903-10-08,2,1,0,1
lccn/sn83016926/1880-12-02,2,10,8,2
lccn/sn90059522/1889-09-06,2,19,3,16
lccn/sn90059522/1891-06-15,2,11,2,9
lccn/sn90059522/1885-05-20,2,7,2,5
lccn/sn90059522/1884-11-13,2,9,5,4
lccn/sn88084272/1919-09-22,2,12,2,10
lccn/sn86088296/1883-11-15,2,13,5,8
lccn/sn86090803/1891-04-30,2,17,3,14
lccn/sn83030272/1876-10-22,2,11,8,3
lccn/sn83030214/1889-03-28,1,0,0,0
lccn/sn82000205/1887-10-31,1,5,6,-1
lccn/sn85038518/1858-08-19,1,3,5,-2
lccn/sn85038518/1858-08-22,2,5,2,3
lccn/sn85038518/1858-08-25,2,12,4,8
lccn/sn83030272/1882-05-19,1,0,0,0
lccn/sn85038518/1858-08-27,2,4,2,2
lccn/sn85038518/1858-08-31,1,1,4,-3
lccn/sn85038518/1858-09-01,1,1,5,-4
lccn/sn85038518/1858-09-02,1,0,4,-4
lccn/sn85038518/1858-09-03,1,1,6,-5
lccn/sn85038518/1858-09-04,1,3,4,-1
lccn/sn85038518/1858-09-07,1,0,2,-2
lccn/sn84022279/1882-12-14,1,0,0,0
lccn/sn84022279/1883-01-25,2,19,8,11
lccn/sn84022279/1885-08-06,1,4,9,-5
lccn/sn83030272/1908-10-18,1,4,6,-2
lccn/sn83045433/1910-10-25,2,14,12,2
lccn/sn84031492/1878-03-30,1,0,0,0
lccn/sn84031492/1878-03-05,1,4,4,0
lccn/sn84031492/1878-03-03,1,11,11,0
lccn/sn83045160/1873-01-02,2,4,1,3
lccn/sn83045160/1873-01-17,1,3,3,0
lccn/sn83045160/1873-05-09,2,7,6,1
lccn/sn83045160/1874-07-19,1,3,4,-1
lccn/sn83045160/1874-07-24,2,5,2,3
lccn/sn83045160/1874-07-29,2,1,0,1
lccn/sn83045160/1874-11-21,2,8,2,6
lccn/sn83045160/1875-09-07,2,4,2,2
lccn/sn83045160/1875-09-09,2,8,3,5
lccn/sn83045160/1875-09-11,2,9,5,4
lccn/sn83045160/1875-09-22,2,7,5,2
lccn/sn83045160/1875-02-16,1,6,10,-4
lccn/sn83030272/1898-01-23,2,15,11,4
lccn/sn83045604/1899-01-22,1,0,0,0
lccn/sn84026994/1867-05-04,1,0,0,0
lccn/sn83045462/1886-09-22,2,15,4,11
lccn/sn83045462/1886-09-27,1,6,6,0
lccn/sn83045462/1886-09-28,1,4,8,-4
lccn/sn86072143/1875-03-12,2,6,0,6
lccn/sn86072143/1866-12-28,2,5,1,4
lccn/sn98060050/1884-09-05,1,8,8,0
lccn/sn98060050/1880-11-05,1,0,0,0
lccn/sn98060050/1877-03-16,2,19,1,18
lccn/sn98060050/1887-06-03,1,5,7,-2
lccn/sn86072143/1902-02-13,1,3,9,-6
lccn/sn86072143/1900-02-22,1,3,5,-2
lccn/sn86072143/1899-11-16,1,3,5,-2
lccn/sn86072143/1902-11-20,2,11,10,1
lccn/sn98060050/1885-09-18,2,10,7,3
lccn/sn86072143/1886-12-31,2,16,6,10
lccn/sn86072143/1883-07-20,2,19,2,17
lccn/sn86072143/1883-08-10,1,2,10,-8
lccn/sn83030214/1891-09-17,1,0,0,0
lccn/sn83045462/1881-09-03,2,3,0,3
lccn/sn83045462/1884-09-17,1,2,2,0
lccn/sn83045462/1884-09-23,2,7,1,6
lccn/sn83045462/1884-09-26,2,9,4,5
lccn/sn83045462/1884-09-30,2,9,6,3
lccn/sn83045462/1884-10-01,2,12,5,7
lccn/sn83045462/1884-10-11,2,8,4,4
lccn/sn83045462/1878-08-07,2,9,3,6
lccn/sn83045462/1880-10-12,2,13,2,11
lccn/sn83045462/1879-01-15,1,1,2,-1
lccn/sn83045462/1880-06-28,1,4,6,-2
lccn/sn83045462/1879-08-27,2,7,4,3
lccn/sn83045462/1879-08-28,2,14,10,4
lccn/sn83045462/1880-05-03,2,7,3,4
lccn/sn83045462/1880-05-04,2,12,3,9
lccn/sn83045462/1879-07-30,1,8,8,0
lccn/sn83045462/1884-04-26,2,12,10,2
lccn/sn83045462/1882-09-09,1,5,8,-3
lccn/sn83045462/1882-09-11,2,9,1,8
lccn/sn83045462/1882-09-11,2,8,3,5
lccn/sn83045462/1883-09-14,2,3,1,2
lccn/sn83045462/1883-09-18,2,5,1,4
lccn/sn83045462/1883-09-26,2,5,1,4
lccn/sn83045462/1883-10-01,2,6,0,6
lccn/sn83045462/1883-10-02,2,5,4,1
lccn/sn83045462/1882-07-08,2,5,3,2
lccn/sn83045462/1882-08-26,1,2,2,0
lccn/sn83045462/1882-09-14,1,2,4,-2
lccn/sn83045462/1882-09-19,2,14,1,13
lccn/sn83045462/1882-09-20,2,7,4,3
lccn/sn83045462/1882-09-21,2,3,1,2
lccn/sn83045462/1882-09-25,2,8,1,7
lccn/sn83045462/1882-09-29,2,8,1,7
lccn/sn83045462/1881-02-01,2,4,3,1
lccn/sn83045462/1881-09-07,2,6,1,5
lccn/sn83045462/1881-09-08,2,5,1,4
lccn/sn83045462/1881-09-09,1,4,4,0
lccn/sn83045462/1881-09-12,2,7,2,5
lccn/sn83045462/1881-09-13,2,5,1,4
lccn/sn83045462/1881-09-13,2,7,3,4
lccn/sn83045462/1881-09-15,1,7,13,-6
lccn/sn83045462/1881-09-17,2,3,2,1
lccn/sn83045462/1881-09-17,2,6,2,4
lccn/sn83045462/1881-09-19,2,4,2,2
lccn/sn83045462/1881-09-23,1,1,6,-5
lccn/sn83045462/1882-05-20,2,6,5,1
lccn/sn85058130/1900-03-25,2,12,1,11
lccn/sn83045433/1906-12-06,1,5,8,-3
lccn/sn83045433/1906-11-22,2,6,3,3
lccn/sn83045433/1907-06-06,1,5,11,-6
lccn/sn85058130/1901-02-17,2,14,1,13
lccn/sn83045462/1917-09-19,2,7,2,5
lccn/sn83045462/1920-09-23,2,3,2,1
lccn/sn85058130/1901-08-19,2,17,7,10
lccn/sn85058130/1901-08-21,2,7,3,4
lccn/sn85058130/1901-08-24,2,7,1,6
lccn/sn83045462/1921-01-21,2,19,0,19
lccn/sn84020274/1902-01-30,2,5,1,4
lccn/sn84020274/1900-09-12,2,5,2,3
lccn/sn83045366/1903-09-21,2,10,0,10
lccn/sn83045366/1903-09-22,2,9,1,8
lccn/sn84020274/1900-03-14,2,3,2,1
lccn/sn90059522/1885-04-10,2,5,3,2
lccn/sn84020274/1900-09-08,2,6,4,2
lccn/sn83030214/1903-12-27,2,3,1,2
lccn/sn85058130/1903-01-18,1,12,21,-9
lccn/sn85058130/1902-06-18,2,4,1,3
lccn/sn85058130/1907-06-07,2,10,1,9
lccn/sn85058130/1907-06-11,2,6,3,3
lccn/sn85058130/1907-06-16,1,5,5,0
lccn/sn85058130/1907-04-16,2,11,6,5
lccn/sn85058130/1906-10-28,2,15,4,11
lccn/sn85058130/1899-01-11,2,15,8,7
lccn/sn84031492/1875-07-20,1,1,4,-3
lccn/sn84031492/1875-05-02,1,6,6,0
lccn/sn85058130/1908-02-14,1,3,6,-3
lccn/sn85058130/1896-06-20,2,12,6,6
lccn/sn84026749/1913-10-30,1,0,0,0
lccn/sn84026749/1913-11-15,2,9,1,8
lccn/sn84026749/1913-12-02,2,4,0,4
lccn/sn84026749/1913-12-11,2,13,1,12
lccn/sn83030272/1898-08-21,1,12,25,-13
lccn/sn83030272/1899-03-29,1,10,16,-6
lccn/sn83045450/1856-12-20,2,12,1,11
lccn/sn83045450/1859-04-16,2,17,4,13
lccn/sn83045450/1856-12-10,2,5,3,2
lccn/sn83045450/1856-12-17,2,16,2,14
lccn/sn83045450/1857-02-14,2,11,1,10
lccn/sn84023209/1868-03-18,2,12,6,6
lccn/sn84023209/1868-04-08,1,3,3,0
lccn/sn84023209/1870-11-23,1,4,4,0
lccn/sn84023209/1871-03-29,2,13,7,6
lccn/sn84028385/1872-03-06,1,2,2,0
lccn/sn84028385/1872-05-15,1,5,5,0
lccn/sn84028385/1871-03-08,2,16,13,3
lccn/sn84028385/1867-03-06,2,9,4,5
lccn/sn84026844/1870-08-15,1,4,6,-2
lccn/sn84026844/1871-09-02,2,7,0,7
lccn/sn84026844/1871-09-05,2,3,1,2
lccn/sn84026844/1871-09-06,1,0,0,0
lccn/sn84028385/1856-01-23,2,15,6,9
lccn/sn84028385/1862-09-03,1,3,3,0
lccn/sn84023209/1877-05-02,2,10,4,6
lccn/sn84023209/1877-06-20,2,15,6,9
lccn/sn86092535/1855-09-03,2,10,7,3
lccn/sn84026749/1905-11-26,2,7,6,1
lccn/sn86053573/1887-04-13,1,4,8,-4
lccn/sn82014760/1862-09-10,1,4,6,-2
lccn/sn83045433/1911-07-08,2,8,6,2
lccn/sn83030214/1910-06-30,2,9,3,6
lccn/sn83030214/1919-01-17,2,2,0,2
lccn/sn86053573/1876-05-27,2,12,5,7
lccn/sn86053573/1878-11-13,1,1,6,-5
lccn/sn86053573/1878-12-24,1,0,0,0
lccn/sn83045211/1918-05-04,1,1,2,-1
lccn/sn85058130/1909-02-21,1,1,3,-2
lccn/sn83045555/1902-03-08,2,6,5,1
lccn/sn83030214/1902-09-17,1,3,4,-1
lccn/sn85058130/1909-01-31,2,9,8,1
lccn/sn83045555/1900-03-05,2,21,16,5
lccn/sn83045211/1916-04-19,2,14,0,14
lccn/sn83045462/1914-04-11,2,10,3,7
lccn/sn84024546/1890-06-03,1,4,8,-4
lccn/sn84024546/1889-04-01,1,0,0,0
lccn/sn84024546/1889-11-05,2,14,12,2
lccn/sn85058130/1908-08-16,1,1,2,-1
lccn/sn85058130/1908-11-16,2,11,6,5
lccn/sn84024546/1891-05-24,1,0,0,0
lccn/sn83045462/1896-01-04,1,4,5,-1
lccn/sn85058140/1910-10-15,1,6,8,-2
lccn/sn83045462/1897-07-03,1,6,6,0
lccn/sn85058140/1910-10-23,2,15,7,8
lccn/sn85058130/1909-05-02,1,3,8,-5
lccn/sn83045555/1910-06-16,2,12,5,7
lccn/sn84026844/1881-08-31,2,13,3,10
lccn/sn84026844/1890-05-13,1,0,0,0
lccn/sn84026844/1890-07-14,1,0,0,0
lccn/sn84026844/1890-02-21,2,5,2,3
lccn/sn83035143/1861-05-30,2,7,5,2
lccn/sn83035143/1861-06-26,2,10,3,7
lccn/sn83035143/1863-06-29,2,9,4,5
lccn/sn83045604/1890-09-15,2,15,3,12
lccn/sn83045604/1891-12-01,2,5,4,1
lccn/sn85042437/1865-10-18,2,6,3,3
lccn/sn83030214/1903-12-22,2,8,7,1
lccn/sn84020274/1903-01-29,1,5,6,-1
lccn/sn83025287/1880-11-21,2,7,4,3
lccn/sn84020274/1901-03-27,2,7,1,6
lccn/sn84031492/1880-10-12,1,0,0,0
lccn/sn84031492/1880-07-07,2,11,4,7
lccn/sn84031492/1880-05-22,1,10,13,-3
lccn/sn84031492/1880-05-22,1,9,9,0
lccn/sn83045366/1906-07-06,2,5,2,3
lccn/sn83045366/1906-06-17,2,13,5,8
lccn/sn85058130/1903-09-12,1,0,2,-2
lccn/sn85058130/1905-08-15,2,7,1,6
lccn/sn85058130/1905-08-17,2,9,4,5
lccn/sn85058130/1905-08-27,2,15,4,11
lccn/sn85058130/1905-01-29,2,10,1,9
lccn/sn85058130/1905-02-05,1,2,7,-5
lccn/sn85058130/1904-08-05,2,15,11,4
lccn/sn85058130/1905-09-14,2,4,1,3
lccn/sn85058130/1905-10-04,1,1,7,-6
lccn/sn85058130/1906-05-20,2,15,4,11
lccn/sn85058130/1906-05-24,1,3,3,0
lccn/sn85058130/1905-12-31,1,5,11,-6
lccn/sn83025667/1877-08-03,2,5,1,4
lccn/sn83025667/1871-03-28,1,0,1,-1
lccn/sn84026847/1870-09-03,1,2,3,-1
lccn/sn84026847/1870-09-07,2,4,2,2
lccn/sn84026847/1870-09-14,2,4,1,3
lccn/sn84023252/1860-12-21,1,1,3,-2
lccn/sn83032300/1887-08-05,2,5,3,2
lccn/sn83030214/1902-05-06,1,5,6,-1
lccn/sn83030214/1900-07-18,1,5,7,-2
lccn/sn85058130/1898-04-09,1,12,13,-1
lccn/sn85058130/1896-09-15,1,13,19,-6
lccn/sn83030313/1878-02-06,1,0,0,0
lccn/sn83016739/1872-01-13,2,13,10,3
lccn/sn83030313/1878-02-06,1,0,0,0
lccn/sn84026749/1908-01-05,2,16,2,14
lccn/sn90059522/1891-06-14,2,7,1,6
lccn/sn83045462/1922-01-19,2,4,1,3
lccn/sn83045462/1922-07-14,2,5,3,2
lccn/sn83045462/1922-07-06,2,5,2,3
lccn/sn83045462/1922-07-10,1,7,7,0
lccn/sn83045462/1922-07-12,2,17,4,13
lccn/sn84022770/1884-07-25,1,0,0,0
lccn/sn85026034/1878-12-13,2,8,4,4
lccn/sn85026034/1875-11-26,2,30,20,10
lccn/sn85026034/1876-12-15,2,13,10,3
lccn/sn85026241/1869-09-30,2,6,3,3
lccn/sn85026241/1869-11-11,2,7,2,5
lccn/sn85026241/1869-11-18,2,7,1,6
lccn/sn85026241/1869-12-16,2,6,2,4
lccn/sn85026241/1870-02-10,2,6,1,5
lccn/sn85026241/1870-03-17,2,11,1,10
lccn/sn85026241/1870-03-31,2,9,3,6
lccn/sn85026241/1870-04-07,1,10,11,-1
lccn/sn85026241/1870-04-28,2,23,5,18
lccn/sn85026241/1870-04-28,2,16,3,13
lccn/sn85026241/1870-05-12,2,10,2,8
lccn/sn85026241/1870-05-19,2,15,4,11
lccn/sn85026241/1870-06-02,2,10,1,9
lccn/sn85026241/1887-02-24,2,17,4,13
lccn/sn86053573/1883-03-03,2,5,3,2
lccn/sn86053573/1882-10-11,1,5,5,0
lccn/sn86053573/1883-06-22,2,3,1,2
lccn/sn83032199/1879-07-23,2,26,5,21
lccn/sn83032199/1880-12-15,2,14,6,8
lccn/sn83032199/1877-02-07,1,0,0,0
lccn/sn84031492/1876-10-20,2,15,11,4
lccn/sn83045462/1899-10-16,1,0,0,0
lccn/sn83045462/1900-03-07,1,13,15,-2
lccn/sn83045462/1902-09-08,2,4,1,3
lccn/sn83030214/1904-10-09,1,3,5,-2
lccn/sn85066387/1913-06-23,2,16,0,16
lccn/sn85025620/1883-06-14,2,8,3,5
lccn/sn85025620/1887-03-24,2,3,1,2
lccn/sn85025620/1893-02-09,1,7,8,-1
lccn/sn83045462/1900-06-23,2,4,3,1
lccn/sn83045462/1900-11-07,2,3,1,2
lccn/sn83045462/1903-10-14,1,7,9,-2
lccn/sn83045462/1889-08-23,1,4,9,-5
lccn/sn83045462/1903-09-11,2,7,1,6
lccn/sn83045462/1903-10-23,1,4,5,-1
lccn/sn83045462/1904-01-05,1,5,7,-2
lccn/sn83045462/1903-10-27,2,11,4,7
lccn/sn83045462/1903-10-29,2,5,3,2
lccn/sn83045462/1903-11-03,2,17,6,11
lccn/sn83045462/1904-01-04,2,7,3,4
lccn/sn83045462/1903-10-26,1,0,2,-2
lccn/sn83045462/1903-10-28,1,5,5,0
lccn/sn83045462/1903-12-01,2,5,2,3
lccn/sn83045462/1903-12-05,2,7,4,3
lccn/sn83045462/1903-11-21,2,10,6,4
lccn/sn83045462/1903-11-23,1,7,8,-1
lccn/sn83045462/1903-11-25,2,7,0,7
lccn/sn83045462/1903-11-14,2,7,5,2
lccn/sn83045462/1903-11-16,1,5,5,0
lccn/sn83045462/1903-11-18,1,1,4,-3
lccn/sn83045462/1903-11-20,2,6,5,1
lccn/sn83045462/1903-09-24,2,6,1,5
lccn/sn83045462/1903-12-16,2,14,10,4
lccn/sn83045462/1903-12-29,2,9,6,3
lccn/sn83045462/1903-12-31,2,13,11,2
lccn/sn83045462/1903-12-15,2,8,1,7
lccn/sn83045462/1903-12-18,2,3,1,2
lccn/sn83045462/1903-12-24,2,1,0,1
lccn/sn83045462/1903-12-28,2,8,6,2
lccn/sn84023200/1881-09-14,2,10,6,4
lccn/sn84023200/1880-01-14,2,5,3,2
lccn/sn86072143/1920-06-10,1,2,2,0
lccn/sn86072143/1920-07-01,1,8,10,-2
lccn/sn98060050/1860-12-15,1,0,5,-5
lccn/sn98060050/1859-08-27,1,9,11,-2
lccn/sn98060050/1870-08-05,2,11,5,6
lccn/sn86072143/1919-01-23,1,6,6,0
lccn/sn82015483/1886-11-22,2,11,3,8
lccn/sn85034039/1874-12-18,1,2,3,-1
lccn/sn90059522/1891-11-01,1,0,0,0
lccn/sn84026749/1903-11-21,2,8,6,2
lccn/sn84026749/1903-10-04,2,12,5,7
lccn/sn84026749/1903-09-16,1,0,2,-2
lccn/sn84026749/1903-02-20,2,5,0,5
lccn/sn84024735/1845-10-10,2,13,2,11
lccn/sn84024735/1849-07-06,1,7,7,0
lccn/sn84024735/1845-10-03,2,9,1,8
lccn/sn84024735/1845-10-17,2,16,3,13
lccn/sn84024735/1845-10-24,2,7,4,3
lccn/sn84024735/1844-02-06,1,0,0,0
lccn/sn84024735/1842-12-08,2,7,4,3
lccn/sn84024735/1842-12-10,2,4,2,2
lccn/sn84024735/1842-12-13,1,2,4,-2
lccn/sn84024735/1842-12-15,1,1,2,-1
lccn/sn84024735/1842-12-17,2,9,7,2
lccn/sn84024735/1842-12-31,1,6,7,-1
lccn/sn85058130/1904-03-09,2,7,3,4
lccn/sn85058130/1904-10-19,1,8,8,0
lccn/sn85058130/1904-12-09,2,5,1,4
lccn/sn85058130/1904-09-04,2,7,3,4
lccn/sn85053148/1880-03-12,2,14,6,8
lccn/sn83045180/1866-06-20,2,5,3,2
lccn/sn83045180/1866-07-07,2,12,0,12
lccn/sn83045180/1866-07-11,2,9,2,7
lccn/sn83045232/1866-08-17,1,1,1,0
lccn/sn83045232/1866-08-26,2,7,1,6
lccn/sn83045232/1866-08-28,2,4,3,1
lccn/sn83045232/1866-08-29,1,1,1,0
lccn/sn83045232/1866-08-31,2,7,2,5
lccn/sn83016926/1876-09-27,1,2,5,-3
lccn/sn83045232/1866-09-02,2,12,1,11
lccn/sn83045232/1866-09-07,1,4,5,-1
lccn/sn83045232/1866-09-13,2,7,2,5
lccn/sn83045232/1866-09-16,2,11,1,10
lccn/sn83045232/1866-09-20,2,5,1,4
lccn/sn83045232/1866-09-28,1,2,4,-2
lccn/sn85058130/1906-07-01,2,7,3,4
lccn/sn83045433/1921-06-25,1,0,0,0
lccn/sn82016187/1894-01-25,2,10,3,7
lccn/sn82016187/1889-12-19,1,0,0,0
lccn/sn85058130/1908-05-23,2,5,3,2
lccn/sn85058130/1908-05-27,2,3,1,2
lccn/sn82016187/1886-10-21,2,6,3,3
lccn/sn85058130/1905-12-16,2,16,1,15
lccn/sn82014296/1869-03-09,1,6,10,-4
lccn/sn85033711/1858-08-24,1,5,7,-2
lccn/sn85033711/1858-08-27,1,3,7,-4
lccn/sn85033711/1858-08-31,1,8,8,0
lccn/sn85033711/1858-09-01,2,7,4,3
lccn/sn85033711/1858-09-02,1,2,5,-3
lccn/sn84026561/1856-01-09,2,14,2,12
lccn/sn85033435/1873-06-21,2,10,8,2
lccn/sn83045211/1920-07-28,1,0,0,0
lccn/sn83045211/1921-04-26,1,2,2,0
lccn/sn84023127/1860-07-13,2,4,1,3
lccn/sn83025668/1874-09-03,2,10,2,8
lccn/sn83030272/1906-05-31,1,4,6,-2
lccn/sn83045160/1881-08-26,2,12,3,9
lccn/sn83045160/1881-09-11,2,18,1,17
lccn/sn83045160/1878-06-29,1,6,11,-5
lccn/sn83045160/1879-11-15,2,8,3,5
lccn/sn87052143/1872-01-10,2,8,6,2
lccn/sn93060412/1890-05-03,2,10,8,2
lccn/sn87052143/1879-12-27,2,5,4,1
lccn/sn87052143/1880-01-03,2,5,2,3
lccn/sn87052143/1880-01-10,2,6,1,5
lccn/sn87052143/1880-02-07,2,9,3,6
lccn/sn87052143/1880-02-21,1,3,10,-7
lccn/sn87052143/1880-02-28,1,4,7,-3
lccn/sn87052143/1881-12-03,2,13,6,7
lccn/sn83045462/1886-10-19,2,4,3,1
lccn/sn83045462/1886-10-25,2,7,4,3
lccn/sn83045462/1886-10-26,2,24,2,22
lccn/sn83045462/1886-10-27,2,5,3,2
lccn/sn83045462/1885-06-04,2,15,3,12
lccn/sn83045462/1885-06-24,2,7,6,1
lccn/sn83045462/1885-06-25,1,6,8,-2
lccn/sn87052143/1880-04-10,2,6,0,6
lccn/sn87052143/1880-05-22,1,4,4,0
lccn/sn87052143/1880-08-21,1,6,8,-2
lccn/sn87052143/1881-01-15,2,5,1,4
lccn/sn87052143/1882-06-03,2,6,1,5
lccn/sn87052143/1879-05-24,2,17,9,8
lccn/sn87052143/1879-08-30,2,21,8,13
lccn/sn87052143/1879-10-18,2,2,1,1
lccn/sn87052143/1879-11-01,2,5,0,5
lccn/sn87052143/1879-12-13,2,12,0,12
lccn/sn87052143/1886-11-06,2,16,7,9
lccn/sn93060412/1890-02-01,2,6,5,1
lccn/sn93060416/1893-09-09,2,31,14,17
lccn/sn93060412/1887-12-03,2,8,4,4
lccn/sn93060412/1888-02-04,2,10,7,3
lccn/sn93060412/1888-03-03,2,9,4,5
lccn/sn93060412/1888-05-05,2,12,5,7
lccn/sn83035595/1866-02-09,1,0,0,0
lccn/sn84026897/1853-01-26,2,19,0,19
lccn/sn84026994/1867-04-27,2,10,4,6
lccn/sn83045462/1907-09-17,1,5,7,-2
lccn/sn89081128/1895-05-22,2,6,2,4
lccn/sn83030214/1895-10-06,2,5,2,3
lccn/sn87055779/1921-08-04,1,5,5,0
lccn/sn87055779/1921-08-06,2,7,5,2
lccn/sn87055779/1921-08-08,1,4,4,0
lccn/sn87055779/1921-08-10,1,2,3,-1
lccn/sn87055779/1921-08-11,1,4,6,-2
lccn/sn87055779/1921-08-12,2,7,2,5
lccn/sn84027691/1878-02-28,2,10,4,6
lccn/sn84027670/1883-07-26,1,5,5,0
lccn/sn83045462/1923-07-30,2,12,3,9
lccn/sn84026749/1904-05-14,2,16,3,13
lccn/sn84026749/1904-09-17,1,1,8,-7
lccn/sn84026749/1904-09-25,2,17,5,12
lccn/sn84026749/1904-09-28,2,4,1,3
lccn/sn90059522/1892-07-22,2,5,4,1
lccn/sn90059522/1892-07-24,2,14,9,5
lccn/sn90059522/1892-07-25,2,11,8,3
lccn/sn90059522/1892-07-28,2,11,1,10
lccn/sn90059522/1892-07-30,2,13,0,13
lccn/sn84026749/1904-09-18,2,7,1,6
lccn/sn84026749/1904-09-20,2,8,2,6
lccn/sn84026749/1904-09-26,2,7,5,2
lccn/sn90059522/1892-07-19,2,12,5,7
lccn/sn83045462/1891-03-27,2,11,2,9
lccn/sn83045462/1891-12-30,2,16,5,11
lccn/sn83045462/1892-02-29,1,9,12,-3
lccn/sn85038158/1880-12-02,1,5,6,-1
lccn/sn85038158/1879-02-06,1,2,19,-17
lccn/sn85038158/1880-02-05,2,11,3,8
lccn/sn85038158/1883-11-28,2,16,5,11
lccn/sn84026965/1893-08-02,2,21,0,21
lccn/sn84026965/1893-04-12,2,16,4,12
lccn/sn93067846/1887-10-12,2,11,6,5
lccn/sn93067846/1887-10-26,2,16,7,9
lccn/sn93067846/1887-11-02,2,11,4,7
lccn/sn93067846/1887-11-09,2,10,3,7
lccn/sn85033673/1883-12-13,1,6,9,-3
lccn/sn83030272/1890-11-22,2,9,6,3
lccn/sn99021999/1909-06-07,1,5,5,0
lccn/sn83045462/1907-12-20,2,11,2,9
lccn/sn83045462/1909-12-07,2,13,1,12
lccn/sn83045462/1917-06-03,2,5,1,4
lccn/sn83045462/1908-10-29,2,11,7,4
lccn/sn83045462/1908-11-05,2,3,1,2
lccn/sn83045462/1908-11-13,1,0,1,-1
lccn/sn83045462/1917-08-10,2,6,1,5
lccn/sn83045462/1870-05-07,2,8,3,5
lccn/sn83045462/1870-06-14,1,2,5,-3
lccn/sn85025431/1884-02-20,1,3,4,-1
lccn/sn83045462/1914-08-30,2,8,5,3
lccn/sn94052989/1891-11-19,1,8,12,-4
lccn/sn82014381/1889-11-03,1,5,9,-4
lccn/sn99021999/1903-10-04,2,19,0,19
lccn/sn87062268/1905-05-12,2,10,1,9
lccn/sn83030313/1871-02-03,1,3,4,-1
lccn/sn85066387/1898-06-03,1,0,0,0
lccn/sn99021999/1895-07-22,1,5,5,0
lccn/sn99021999/1898-02-21,2,12,3,9
lccn/sn90059522/1891-07-12,2,14,2,12
lccn/sn90059522/1891-07-19,2,16,2,14
lccn/sn90059522/1894-07-09,1,0,0,0
lccn/sn90059522/1894-07-08,1,0,0,0
lccn/sn83045462/1908-03-12,2,8,2,6
lccn/sn83045462/1908-02-06,2,3,1,2
lccn/sn83045462/1908-02-07,2,3,0,3
lccn/sn83045462/1908-02-10,2,3,2,1
lccn/sn83045462/1908-02-11,2,3,1,2
lccn/sn83045462/1908-02-13,2,5,2,3
lccn/sn83045462/1908-02-19,2,18,9,9
lccn/sn83045462/1908-02-21,1,0,0,0
lccn/sn83045462/1908-03-19,2,7,2,5
lccn/sn83045462/1908-03-20,2,4,0,4
lccn/sn83045462/1908-03-23,2,4,3,1
lccn/sn83045462/1908-03-27,2,7,0,7
lccn/sn83045462/1908-02-24,1,3,3,0
lccn/sn83045462/1908-02-28,2,4,2,2
lccn/sn83045462/1908-03-02,1,13,13,0
lccn/sn83045462/1908-03-04,2,6,4,2
lccn/sn83045462/1908-03-05,2,5,0,5
lccn/sn83045462/1908-03-06,1,1,1,0
lccn/sn83045462/1908-03-24,2,4,2,2
lccn/sn83045462/1908-04-27,2,5,2,3
lccn/sn83045462/1893-04-12,1,3,12,-9
lccn/sn83045462/1894-03-13,1,0,0,0
lccn/sn83045462/1893-05-13,2,22,3,19
lccn/sn90059522/1890-07-20,2,5,1,4
lccn/sn83040340/1885-01-23,1,3,5,-2
lccn/sn83045774/1922-09-10,2,14,1,13
lccn/sn83030431/1918-11-25,2,10,1,9
lccn/sn83045450/1857-08-29,2,8,3,5
lccn/sn84045030/1857-03-18,1,8,8,0
lccn/sn85038145/1878-01-24,1,8,9,-1
lccn/sn84031490/1861-10-03,2,13,3,10
lccn/sn84031490/1861-09-17,2,7,3,4
lccn/sn88053055/1896-10-27,2,17,11,6
lccn/sn88053046/1893-06-22,2,7,4,3
lccn/sn94052989/1891-10-17,1,4,5,-1
lccn/sn94052989/1893-05-14,2,12,5,7
lccn/sn94052989/1894-07-12,1,6,7,-1
lccn/sn84026822/1869-02-18,2,17,12,5
lccn/sn84026822/1869-03-04,2,2,1,1
lccn/sn88053046/1885-09-17,1,1,5,-4
lccn/sn88053046/1886-09-02,1,9,10,-1
lccn/sn88053046/1887-04-21,2,6,2,4
lccn/sn94052989/1890-11-29,1,0,0,0
lccn/sn94052989/1890-10-07,2,8,7,1
lccn/sn88053046/1890-03-20,1,4,6,-2
lccn/sn94052989/1890-05-01,1,6,7,-1
lccn/sn94052989/1891-01-13,1,0,0,0
lccn/sn94052989/1893-03-30,1,6,10,-4
lccn/sn94052989/1891-04-09,2,15,8,7
lccn/sn86086852/1888-07-20,1,0,0,0
lccn/sn85033386/1872-07-12,2,18,5,13
lccn/sn83030272/1888-06-05,2,19,10,9
lccn/sn83030272/1888-09-19,1,11,23,-12
lccn/sn83030272/1890-07-22,1,7,8,-1
lccn/sn86086852/1888-01-27,1,0,0,0
lccn/sn83030272/1892-05-10,2,6,2,4
lccn/sn99021999/1919-08-18,2,6,2,4
lccn/sn99021999/1919-08-21,1,1,2,-1
lccn/sn99021999/1919-06-27,2,3,0,3
lccn/sn99021999/1918-07-16,2,12,1,11
lccn/sn83045462/1909-02-23,2,10,5,5
lccn/sn83045462/1909-03-01,2,4,0,4
lccn/sn83045462/1909-02-26,2,5,1,4
lccn/sn83045462/1909-02-27,1,3,3,0
lccn/sn83045462/1909-03-04,2,12,4,8
lccn/sn83045462/1909-03-09,2,6,3,3
lccn/sn83045462/1909-03-05,1,0,0,0
lccn/sn83045462/1909-03-06,2,9,7,2
lccn/sn83045462/1909-03-08,2,7,4,3
lccn/sn83045462/1909-02-16,2,9,3,6
lccn/sn83045462/1908-09-02,2,18,3,15
lccn/sn83045462/1908-09-07,1,3,5,-2
lccn/sn83045462/1909-02-11,2,5,1,4
lccn/sn83045462/1908-11-15,2,3,2,1
lccn/sn83045462/1908-12-03,1,1,2,-1
lccn/sn83045462/1908-12-05,2,6,1,5
lccn/sn83045462/1908-12-04,2,7,0,7
lccn/sn83045462/1908-12-07,1,2,4,-2
lccn/sn83045462/1908-12-02,1,2,4,-2
lccn/sn83045462/1908-10-10,2,4,0,4
lccn/sn83045462/1908-10-15,2,6,2,4
lccn/sn83045462/1908-10-17,2,6,3,3
lccn/sn83045462/1908-10-16,2,9,1,8
lccn/sn83045462/1908-12-09,2,3,0,3
lccn/sn83045462/1908-12-11,2,6,1,5
lccn/sn83045462/1908-12-10,2,7,4,3
lccn/sn83045462/1909-03-03,2,7,3,4
lccn/sn83045462/1909-03-02,2,6,5,1
lccn/sn83030214/1878-08-10,1,0,0,0
lccn/sn84026749/1918-07-26,2,4,2,2
lccn/sn84026749/1918-07-04,2,9,2,7
lccn/sn84026749/1918-07-05,1,6,6,0
lccn/sn84026749/1918-07-08,2,8,1,7
lccn/sn84026749/1918-07-18,2,3,0,3
lccn/sn85042345/1921-11-06,2,4,2,2
lccn/sn99021999/1911-03-18,2,12,3,9
lccn/sn99021999/1911-04-04,2,15,2,13
lccn/sn83030214/1893-12-10,1,0,0,0
lccn/sn83045462/1872-06-12,1,0,3,-3
lccn/sn83045462/1872-06-13,2,5,4,1
lccn/sn83045462/1871-10-04,2,7,2,5
lccn/sn83045462/1873-06-05,1,10,14,-4
lccn/sn83045462/1873-10-28,1,5,7,-2
lccn/sn83045462/1871-09-13,2,17,5,12
lccn/sn84020274/1904-10-02,2,6,1,5
lccn/sn84020274/1904-06-05,1,0,8,-8
lccn/sn83045462/1871-09-25,1,6,13,-7
lccn/sn83045462/1874-05-29,2,8,1,7
lccn/sn83016107/1903-06-05,2,10,2,8
lccn/sn83016107/1893-06-16,2,16,7,9
lccn/sn83016107/1896-05-22,1,4,6,-2
lccn/sn83016107/1896-09-04,2,18,9,9
lccn/sn83016107/1899-03-03,2,11,6,5
lccn/sn83016107/1887-12-23,1,2,6,-4
lccn/sn83016107/1922-10-13,1,10,15,-5
lccn/sn83016348/1890-07-12,2,5,3,2
lccn/sn83030272/1909-01-25,1,2,2,0
lccn/sn83045389/1922-07-26,2,3,0,3
lccn/sn86053570/1863-08-26,2,10,9,1
lccn/sn86092536/1922-05-11,1,3,6,-3
lccn/sn86092536/1922-09-01,2,11,6,5
lccn/sn87055779/1919-05-04,2,5,2,3
lccn/sn86058541/1858-11-04,2,4,1,3
lccn/sn86058541/1858-10-21,1,1,3,-2
lccn/sn86058541/1858-08-12,1,0,0,0
lccn/sn86058541/1858-08-19,1,0,0,0
lccn/sn83045462/1905-11-05,2,13,3,10
lccn/sn82015133/1894-01-13,2,8,4,4
lccn/sn83045462/1928-11-18,2,9,2,7
lccn/sn83045462/1928-12-02,2,13,1,12
lccn/sn83045462/1928-11-25,2,9,1,8
lccn/sn83045462/1928-10-08,2,6,3,3
lccn/sn83045462/1928-11-12,2,17,2,15
lccn/sn87056600/1889-05-22,1,4,16,-12
lccn/sn87056600/1889-03-13,2,10,6,4
lccn/sn84023881/1856-11-07,2,6,3,3
lccn/sn84031492/1879-03-01,2,12,3,9
lccn/sn84031492/1879-07-01,1,2,3,-1
lccn/sn84031492/1881-09-15,2,9,1,8
lccn/sn84031492/1879-06-27,2,22,3,19
lccn/sn83045462/1928-09-09,2,11,1,10
lccn/sn83045160/1872-07-23,1,6,8,-2
lccn/sn83045160/1872-12-21,2,10,2,8
lccn/sn83045160/1872-12-20,2,7,4,3
lccn/sn83045160/1867-07-31,2,17,3,14
lccn/sn83045160/1867-08-06,2,7,4,3
lccn/sn83045160/1867-08-13,2,8,3,5
lccn/sn83045160/1867-07-23,2,11,6,5
lccn/sn83045160/1867-07-25,2,5,2,3
lccn/sn83045160/1867-08-03,2,5,0,5
lccn/sn83045160/1867-08-03,2,2,1,1
lccn/sn83045160/1867-06-13,1,6,6,0
lccn/sn83045160/1867-06-11,2,15,4,11
lccn/sn83045160/1867-11-29,2,11,8,3
lccn/sn83045160/1883-06-01,1,2,10,-8
lccn/sn85055197/1856-10-10,2,7,3,4
lccn/sn83045462/1932-08-22,2,5,0,5
lccn/sn83045462/1934-06-19,2,2,0,2
lccn/sn83045462/1934-06-15,2,11,1,10
lccn/sn83045462/1930-10-25,2,14,3,11
lccn/sn83045462/1930-10-31,2,9,1,8
lccn/sn83045462/1930-10-28,2,26,2,24
lccn/sn83045462/1932-12-07,2,11,1,10
lccn/sn83045462/1934-07-17,2,1,0,1
lccn/sn83045462/1930-09-16,2,14,3,11
lccn/sn83045462/1930-09-15,2,13,5,8
lccn/sn83045462/1930-09-17,2,5,2,3
lccn/sn83045462/1934-07-15,2,4,0,4
lccn/sn83045462/1934-07-22,2,6,1,5
lccn/sn83045462/1934-10-03,2,19,1,18
lccn/sn83045462/1934-09-01,1,0,0,0
lccn/sn83045462/1934-09-06,1,0,0,0
lccn/sn83045462/1934-06-18,2,15,2,13
lccn/sn83045462/1934-07-10,2,11,5,6
lccn/sn83045462/1934-07-09,2,17,1,16
lccn/sn83045462/1930-10-07,2,4,1,3
lccn/sn83045462/1930-10-04,2,7,0,7
lccn/sn83045462/1930-10-23,2,14,1,13
lccn/sn83045462/1934-09-05,2,4,1,3
lccn/sn83045462/1934-08-08,2,9,3,6
lccn/sn83045462/1934-10-04,2,14,1,13
lccn/sn83045462/1934-09-26,2,11,1,10
lccn/sn83045462/1934-10-05,1,0,0,0
lccn/sn83016025/1873-01-15,2,21,10,11
lccn/sn83016025/1872-10-25,2,13,8,5
lccn/sn86092518/1885-09-12,1,3,18,-15
lccn/sn86092523/1886-06-13,2,24,2,22
lccn/sn83045462/1940-08-25,2,9,2,7
lccn/sn83045462/1940-06-30,2,19,3,16
lccn/sn83045462/1940-06-03,1,0,0,0
lccn/sn83045462/1940-07-14,1,0,0,0
lccn/sn83045462/1940-05-28,2,15,3,12
lccn/sn83045462/1943-06-13,2,9,1,8
lccn/sn83045462/1942-11-24,1,0,0,0
lccn/sn83045462/1940-03-04,2,7,0,7
lccn/sn83045462/1940-03-29,2,6,1,5
lccn/sn83045462/1940-03-26,1,0,0,0
lccn/sn83045462/1940-03-28,2,11,3,8
lccn/sn83045462/1943-02-03,2,11,0,11
lccn/sn83045462/1943-02-12,2,18,2,16
lccn/sn83016025/1883-02-12,1,7,10,-3
lccn/sn83045462/1940-02-23,1,0,0,0
lccn/sn83045462/1940-02-29,2,14,3,11
lccn/sn83045462/1940-03-14,2,12,3,9
lccn/sn83045462/1940-04-24,2,14,0,14
lccn/sn83045462/1940-05-05,1,0,0,0
lccn/sn83045462/1940-05-26,2,8,4,4
lccn/sn82014134/1857-06-04,2,9,2,7
lccn/sn83009653/1901-03-12,1,0,0,0
lccn/sn83009653/1903-07-14,2,4,3,1
lccn/sn83009653/1903-06-16,2,2,0,2
lccn/sn83009653/1895-02-26,1,0,1,-1
lccn/sn84022046/1877-08-27,1,2,10,-8
lccn/sn83009653/1900-08-28,1,3,6,-3
lccn/sn83045462/1937-08-24,2,11,1,10
lccn/sn83045462/1935-08-18,2,6,1,5
lccn/sn83045462/1937-08-20,2,17,2,15
lccn/sn83045462/1937-08-11,1,0,0,0
lccn/sn83045462/1933-09-23,2,17,5,12
lccn/sn83045462/1933-10-15,1,0,0,0
lccn/sn83045462/1935-10-07,2,22,2,20
lccn/sn83045462/1934-01-20,2,2,1,1
lccn/sn83045462/1934-01-16,2,6,2,4
lccn/sn83045462/1934-02-22,2,11,1,10
lccn/sn83045462/1933-10-08,1,0,0,0
lccn/sn83045462/1933-12-07,2,15,2,13
lccn/sn83045462/1933-12-08,2,1,0,1
lccn/sn83045462/1933-12-04,2,17,2,15
lccn/sn83045462/1934-02-18,2,20,0,20
lccn/sn83045462/1937-10-03,2,13,1,12
lccn/sn83045462/1935-09-24,2,5,3,2
lccn/sn83045462/1937-11-28,2,15,2,13
lccn/sn83045462/1937-11-21,2,11,2,9
lccn/sn83045462/1930-05-17,2,12,1,11
lccn/sn83045462/1931-02-25,2,9,0,9
lccn/sn83045462/1931-06-22,2,13,4,9
lccn/sn83045462/1930-05-24,2,9,1,8
lccn/sn83045462/1936-05-27,2,19,11,8
lccn/sn83045462/1936-04-26,2,21,0,21
lccn/sn83045462/1936-04-29,2,16,2,14
lccn/sn83045462/1935-04-10,2,6,2,4
lccn/sn83045462/1935-04-09,2,16,0,16
lccn/sn83045462/1935-04-04,2,10,2,8
lccn/sn83045462/1934-12-20,1,0,0,0
lccn/sn83045462/1935-04-07,2,13,2,11
lccn/sn83045462/1934-09-25,2,12,5,7
lccn/sn83045462/1934-11-16,2,8,2,6
lccn/sn83045462/1934-11-15,1,0,0,0
lccn/sn83045462/1932-04-17,2,17,0,17
lccn/sn83045462/1935-01-26,2,12,1,11
lccn/sn83045462/1935-01-25,1,5,9,-4
lccn/sn83045462/1935-02-06,2,16,4,12
lccn/sn83045462/1935-02-07,2,24,2,22
lccn/sn83045462/1935-02-05,2,6,2,4
lccn/sn84038485/1878-04-04,2,8,7,1
lccn/sn83045462/1935-04-08,2,21,0,21
lccn/sn87058351/1867-10-11,2,9,1,8
lccn/sn84038485/1877-10-11,2,7,5,2
lccn/sn83045462/1929-09-27,2,14,2,12
lccn/sn83045462/1929-09-28,2,15,1,14
lccn/sn83045462/1929-09-25,2,12,2,10
lccn/sn83045462/1930-02-09,2,11,1,10
lccn/sn83045462/1930-02-09,2,12,2,10
lccn/sn83045462/1929-09-24,2,15,1,14
lccn/sn83045462/1930-05-03,1,0,0,0
lccn/sn83045462/1930-05-10,1,0,0,0
lccn/sn83045462/1929-11-09,1,0,0,0
lccn/sn83045462/1929-03-03,2,6,0,6
lccn/sn83045462/1929-04-11,2,9,1,8
lccn/sn83045462/1929-09-23,2,20,3,17
lccn/sn83016025/1891-01-02,1,8,16,-8
lccn/sn87068192/1894-07-05,2,8,3,5
lccn/sn83045646/1867-03-12,2,18,8,10
lccn/sn83045462/1939-03-07,1,0,0,0
lccn/sn83045462/1939-02-08,2,18,2,16
lccn/sn83045462/1939-07-17,2,5,2,3
lccn/sn83045462/1939-07-24,1,0,0,0
lccn/sn83009653/1915-06-15,2,7,3,4
lccn/sn83045462/1939-05-25,2,17,0,17
lccn/sn83045646/1867-02-25,1,0,0,0
lccn/sn83045646/1867-02-16,1,0,0,0
lccn/sn83045646/1867-02-18,1,0,0,0
lccn/sn83045646/1867-02-19,1,0,0,0
lccn/sn83045646/1867-02-28,1,0,0,0
lccn/sn83045462/1941-08-10,2,17,4,13
lccn/sn92056106/1875-04-28,1,6,9,-3
lccn/sn83045462/1943-12-26,2,12,1,11
lccn/sn92056106/1878-08-21,2,16,5,11
lccn/sn83045462/1944-01-09,2,18,3,15
lccn/sn83016025/1877-05-23,2,10,4,6
lccn/sn83016025/1877-06-18,1,0,0,0
lccn/sn83016025/1885-03-26,1,9,11,-2
lccn/sn83016025/1878-03-06,2,12,2,10
lccn/sn83016025/1878-02-08,2,9,2,7
lccn/sn83016025/1875-07-09,2,9,3,6
lccn/sn83016025/1878-06-04,2,5,1,4
lccn/sn83045462/1943-10-21,2,12,1,11
lccn/sn83045462/1943-12-08,2,10,1,9
lccn/sn83045462/1944-01-10,1,5,7,-2
lccn/sn85025570/1873-05-22,2,8,4,4
lccn/sn83045462/1942-05-31,2,8,2,6
lccn/sn83045462/1938-10-16,2,13,4,9
lccn/sn83045462/1938-12-30,2,11,0,11
lccn/sn86074058/1890-11-06,1,5,7,-2
lccn/sn83045462/1947-09-25,1,0,0,0
lccn/sn87068097/1900-06-09,2,3,2,1
lccn/sn85025570/1880-10-28,1,3,11,-8
lccn/sn83016025/1880-10-12,1,0,0,0
lccn/sn86074065/1914-03-21,1,11,11,0
lccn/sn82015289/1885-07-09,1,1,2,-1
lccn/sn83045462/1931-04-24,2,7,1,6
lccn/sn83045462/1931-04-23,2,6,0,6
lccn/sn83045462/1931-04-27,2,17,2,15
lccn/sn83045462/1931-10-04,2,16,1,15
lccn/sn83045462/1930-06-27,2,13,1,12
lccn/sn83045462/1930-06-26,2,30,2,28
lccn/sn83045462/1930-06-23,2,8,0,8
lccn/sn83045462/1929-07-01,2,19,1,18
lccn/sn83045462/1930-06-24,2,13,1,12
lccn/sn83045462/1929-06-30,2,16,1,15
lccn/sn83045462/1931-02-06,2,12,0,12
lccn/sn83045462/1931-02-26,2,5,2,3
lccn/sn83045462/1931-02-28,2,6,4,2
lccn/sn83045462/1931-02-27,2,7,5,2
lccn/sn83045462/1931-09-27,2,16,2,14
lccn/sn83045462/1931-01-04,2,8,0,8
lccn/sn83045462/1931-02-05,2,13,0,13
lccn/sn83045462/1931-08-07,2,17,1,16
lccn/sn83045462/1931-09-20,1,0,0,0
lccn/sn83045462/1933-07-17,1,0,0,0
lccn/sn83045462/1933-07-18,2,5,0,5
lccn/sn84027237/1857-10-07,2,2,1,1
lccn/sn84038074/1864-12-29,1,6,8,-2
lccn/sn83032103/1874-09-25,2,9,6,3
lccn/sn83016025/1885-10-17,2,7,5,2
lccn/sn83016025/1880-02-25,1,9,14,-5
lccn/sn83016025/1886-04-26,2,11,2,9
lccn/sn83016025/1887-05-16,2,6,2,4
lccn/sn83016025/1887-05-17,1,4,13,-9
lccn/sn83016025/1887-05-11,2,9,2,7
lccn/sn83016025/1887-05-09,2,17,6,11
lccn/sn83016025/1885-09-23,1,0,0,0
lccn/sn83016025/1887-05-19,1,7,8,-1
lccn/sn83016025/1888-07-10,2,7,2,5
lccn/sn83016025/1888-10-23,2,8,6,2
lccn/sn83016025/1888-10-16,1,8,12,-4
lccn/sn83016025/1888-10-30,1,5,6,-1
lccn/sn83016025/1888-10-31,2,8,6,2
lccn/sn83032103/1868-06-19,1,5,5,0
lccn/sn83032103/1869-07-02,2,14,4,10
lccn/sn83032103/1870-01-14,2,5,4,1
lccn/sn83016025/1881-06-23,2,13,5,8
lccn/sn82015137/1881-09-01,2,9,8,1
lccn/sn82015137/1883-10-11,1,5,7,-2
lccn/sn82015137/1884-02-11,2,8,5,3
lccn/sn82015137/1884-06-29,1,5,7,-2
lccn/sn78000873/1881-10-13,1,0,0,0
lccn/sn83016368/1902-07-26,2,17,2,15
lccn/sn83016368/1900-12-29,1,4,8,-4
lccn/sn83016368/1908-09-26,2,8,2,6
lccn/sn83016368/1906-11-10,1,5,6,-1
lccn/sn83016368/1870-02-19,2,15,1,14
lccn/sn84027718/1879-05-28,1,10,12,-2
lccn/sn83016368/1885-02-28,1,0,0,0
lccn/sn88065091/1909-11-13,2,8,5,3
lccn/sn84027718/1881-06-08,1,7,8,-1
lccn/sn84027718/1881-06-29,1,11,12,-1
lccn/sn83045462/1941-08-22,1,0,0,0
lccn/sn78000873/1873-01-09,2,22,9,13
lccn/sn83016368/1881-02-26,2,4,3,1
lccn/sn83016368/1890-12-20,2,6,4,2
lccn/sn83016368/1890-12-27,1,5,10,-5
lccn/sn82014489/1862-06-14,1,2,7,-5
lccn/sn83045462/1949-10-01,2,23,2,21
lccn/sn83045462/1949-09-23,2,8,3,5
lccn/sn83045462/1950-10-31,2,10,2,8
lccn/sn83045462/1950-11-19,2,19,6,13
lccn/sn83045462/1950-12-21,2,17,0,17
lccn/sn83009653/1888-08-28,2,8,3,5
lccn/sn83016025/1874-07-16,2,10,5,5
lccn/sn83016025/1874-07-17,1,6,7,-1
lccn/sn83016025/1874-07-20,2,3,1,2
lccn/sn83016025/1874-07-21,2,19,3,16
lccn/sn83016025/1874-07-22,1,1,1,0
lccn/sn83016025/1874-07-23,2,5,1,4
lccn/sn83016025/1874-07-24,2,6,1,5
lccn/sn83016025/1874-07-25,2,3,0,3
lccn/sn83016025/1874-07-27,2,3,1,2
lccn/sn83016025/1872-03-14,2,22,2,20
lccn/sn83016025/1874-07-18,2,18,0,18
lccn/sn83016025/1871-10-14,2,12,6,6
lccn/sn83016025/1871-07-26,1,6,6,0
lccn/sn83016025/1871-08-21,2,8,3,5
lccn/sn83016025/1870-01-20,1,0,0,0
lccn/sn83016025/1870-01-26,1,6,10,-4
lccn/sn83016025/1870-11-18,2,12,1,11
lccn/sn83016025/1870-11-19,2,12,2,10
lccn/sn83016025/1870-11-22,2,17,3,14
lccn/sn83016025/1871-03-30,2,7,3,4
lccn/sn83016025/1871-04-10,1,0,0,0
lccn/sn83016025/1871-04-05,1,10,12,-2
lccn/sn83016025/1871-04-08,2,11,4,7
lccn/sn83016025/1871-04-03,1,2,3,-1
lccn/sn83016025/1870-10-12,2,16,7,9
lccn/sn83016025/1870-03-02,2,8,1,7
lccn/sn83016025/1870-02-21,2,5,2,3
lccn/sn83016025/1870-02-25,2,9,3,6
lccn/sn83016025/1870-03-05,1,0,0,0
lccn/sn83016025/1870-02-28,2,8,2,6
lccn/sn83016025/1870-02-17,1,8,10,-2
lccn/sn83016025/1870-03-07,1,6,6,0
lccn/sn83016025/1871-10-26,2,13,11,2
lccn/sn87068097/1897-07-17,1,0,0,0
lccn/sn87068097/1893-02-10,2,5,4,1
lccn/sn87068097/1893-08-10,2,14,2,12
lccn/sn87068097/1892-11-29,1,1,6,-5
lccn/sn87068097/1894-08-11,2,7,6,1
lccn/sn82014282/1858-12-08,1,1,4,-3
lccn/sn82014282/1860-06-16,2,10,8,2
lccn/sn82014282/1860-05-26,2,11,10,1
lccn/sn82014282/1860-06-02,2,13,1,12
lccn/sn82014282/1860-06-23,1,4,5,-1
lccn/sn82014282/1860-06-30,2,8,1,7
lccn/sn82014282/1860-08-18,2,3,0,3
lccn/sn82014282/1860-08-25,2,6,1,5
lccn/sn82014282/1860-09-01,2,6,1,5
lccn/sn82014282/1860-08-11,2,4,0,4
lccn/sn87065469/1895-09-26,1,0,0,0
lccn/sn82014282/1857-08-18,2,8,5,3
lccn/sn83045462/1940-01-11,1,0,0,0
lccn/sn83045462/1940-01-19,1,0,0,0
lccn/sn83045462/1939-09-17,2,15,3,12
lccn/sn83045462/1936-12-04,1,0,0,0
lccn/sn83045462/1939-10-17,2,7,0,7
lccn/sn83045462/1936-10-01,2,11,1,10
lccn/sn83045462/1936-09-30,2,18,2,16
lccn/sn83045462/1936-08-27,2,16,0,16
lccn/sn83045462/1936-11-15,2,13,1,12
lccn/sn83045462/1936-11-22,2,16,3,13
lccn/sn83045462/1937-03-07,2,5,0,5
lccn/sn83045462/1937-03-18,2,11,4,7
lccn/sn83045462/1937-03-09,2,27,1,26
lccn/sn83045462/1937-05-12,2,15,2,13
lccn/sn83045462/1937-05-14,2,23,2,21
lccn/sn83045462/1939-09-07,2,4,2,2
lccn/sn83045462/1939-08-06,2,12,2,10
lccn/sn83045462/1939-11-23,2,9,3,6
lccn/sn83045462/1939-10-18,2,11,0,11
lccn/sn83045462/1939-10-26,1,0,0,0
lccn/sn83045462/1939-10-12,2,16,0,16
lccn/sn83045462/1938-04-17,1,0,0,0
lccn/sn83045462/1938-02-13,2,26,24,2
lccn/sn83045462/1938-03-06,2,8,1,7
lccn/sn83045462/1941-01-07,2,14,2,12
lccn/sn83045462/1941-01-08,2,13,3,10
lccn/sn83045462/1938-06-02,1,0,0,0
lccn/sn83045462/1938-06-14,1,0,0,0
lccn/sn83045462/1938-01-09,1,2,4,-2
lccn/sn83045462/1938-01-23,2,8,2,6
lccn/sn83045462/1938-02-01,2,13,3,10
lccn/sn83045462/1938-01-04,2,14,0,14
lccn/sn83045462/1938-07-07,2,20,2,18
lccn/sn83045462/1942-05-19,2,9,1,8
lccn/sn83045462/1938-03-16,2,10,2,8
lccn/sn83045462/1938-08-18,2,7,0,7
lccn/sn83045462/1942-06-05,2,8,1,7
lccn/sn86092518/1880-06-23,2,6,2,4
lccn/sn86092518/1883-09-10,2,9,4,5
lccn/sn86092518/1883-08-20,2,6,2,4
lccn/sn86092518/1883-09-04,2,4,2,2
lccn/sn83045462/1937-12-15,2,10,1,9
lccn/sn86092518/1882-12-30,2,15,14,1
lccn/sn86092518/1883-08-11,2,12,4,8
lccn/sn86092518/1883-08-06,2,20,6,14
lccn/sn86092518/1883-08-27,1,6,6,0
lccn/sn86092518/1883-08-13,2,10,5,5
lccn/sn86092523/1882-08-20,1,11,11,0
lccn/sn86092523/1882-10-22,2,7,5,2
lccn/sn83045462/1940-10-12,1,0,0,0
lccn/sn83045462/1940-10-15,1,0,0,0
lccn/sn83045462/1940-10-13,2,6,0,6
lccn/sn83045462/1942-04-14,2,12,0,12
lccn/sn83045462/1942-04-18,2,4,1,3
lccn/sn83045462/1942-04-30,1,0,0,0
lccn/sn83045462/1938-10-12,2,5,0,5
lccn/sn83045462/1949-09-13,2,15,2,13
lccn/sn83045462/1949-09-22,2,12,4,8
lccn/sn83045462/1949-10-19,2,9,1,8
lccn/sn83045462/1948-07-24,2,21,2,19
lccn/sn83045462/1949-05-13,2,14,2,12
lccn/sn83045462/1949-08-12,2,10,1,9
lccn/sn83045462/1945-12-09,2,7,4,3
lccn/sn83045462/1941-02-12,1,0,0,0
lccn/sn83045462/1941-07-20,2,16,2,14
lccn/sn83045462/1941-06-07,2,17,1,16
lccn/sn83016025/1865-08-24,2,16,5,11
lccn/sn83045462/1941-06-01,2,25,3,22
lccn/sn83016025/1873-07-22,2,7,2,5
lccn/sn83016025/1867-09-04,2,6,1,5
lccn/sn83016025/1882-04-25,2,11,10,1
lccn/sn83045462/1941-07-17,2,4,1,3
lccn/sn86092518/1889-10-04,1,2,2,0
lccn/sn86092518/1891-03-20,2,4,2,2
lccn/sn86092518/1889-05-18,1,4,8,-4
lccn/sn82015313/1925-05-25,2,13,1,12
lccn/sn82015313/1925-06-01,2,14,6,8
lccn/sn82015313/1925-02-17,2,12,2,10
lccn/sn82015313/1925-04-15,2,13,6,7
lccn/sn82015313/1925-05-16,1,2,4,-2
lccn/sn82015313/1925-02-19,1,5,8,-3
lccn/sn82015313/1925-05-09,2,11,4,7
lccn/sn82015313/1925-04-22,2,16,3,13
lccn/sn84022374/1870-08-11,1,0,0,0
lccn/sn84024718/1859-07-19,2,24,1,23
lccn/sn84024718/1857-09-02,1,4,5,-1
lccn/sn84024718/1857-09-16,2,11,2,9
lccn/sn82015313/1932-10-04,2,8,7,1
lccn/sn82015313/1932-09-12,2,9,4,5
lccn/sn82015313/1933-03-22,1,0,0,0
lccn/sn82015313/1933-03-18,1,2,6,-4
lccn/sn82015313/1933-03-20,1,0,0,0
lccn/sn82015313/1935-04-20,1,0,0,0
lccn/sn82015313/1930-12-10,1,7,7,0
lccn/sn84022374/1886-03-11,1,2,3,-1
lccn/sn84022374/1879-06-26,1,2,2,0
lccn/sn91064011/1912-09-05,2,6,1,5
lccn/sn82015313/1924-10-22,2,8,6,2
lccn/sn82015313/1924-10-21,2,6,3,3
lccn/sn82015313/1924-10-18,2,6,2,4
lccn/sn82015313/1924-10-16,2,13,1,12
lccn/sn82015313/1924-10-17,2,6,2,4
lccn/sn82015313/1924-10-20,2,6,2,4
lccn/sn82015313/1924-12-17,2,6,1,5
lccn/sn84027329/1883-09-20,2,8,2,6
lccn/sn84027329/1884-02-07,2,11,7,4
lccn/sn84027329/1885-04-09,2,12,8,4
lccn/sn84027329/1884-10-30,2,14,1,13
lccn/sn84027329/1881-12-22,2,12,0,12
lccn/sn84027329/1878-02-14,2,17,1,16
lccn/sn82014248/1875-10-30,2,11,10,1
lccn/sn87068079/1895-08-15,1,7,7,0
lccn/sn87068079/1895-08-22,2,6,4,2
lccn/sn87068079/1895-08-01,2,11,1,10
lccn/sn87068079/1895-08-08,1,7,10,-3
lccn/sn87068079/1896-07-16,1,4,5,-1
lccn/sn87068079/1896-01-09,2,8,1,7
lccn/sn87068079/1896-01-02,2,11,3,8
lccn/sn87068079/1894-10-25,2,7,2,5
lccn/sn87068079/1891-02-26,2,9,4,5
lccn/sn82014248/1876-02-10,1,7,12,-5
lccn/sn87058308/1887-11-24,2,11,7,4
lccn/sn87058308/1888-02-23,2,11,3,8
lccn/sn87058308/1888-03-15,1,0,0,0
lccn/sn87058308/1887-02-03,2,14,12,2
lccn/sn87058308/1886-03-25,2,12,6,6
lccn/sn87058308/1886-03-25,2,12,6,6
lccn/sn87058308/1891-10-01,2,19,7,12
lccn/sn87058308/1890-10-23,2,25,8,17
lccn/sn87058308/1889-02-07,2,9,1,8
lccn/sn82014248/1891-05-08,2,16,4,12
lccn/sn82014248/1891-04-23,2,6,2,4
lccn/sn84024326/1923-09-04,2,10,1,9
lccn/sn88063294/1940-12-31,1,2,4,-2
lccn/sn87068079/1901-02-28,2,8,2,6
lccn/sn87068079/1902-04-03,2,4,3,1
lccn/sn87068079/1901-07-18,1,3,5,-2
lccn/sn87068079/1900-07-19,2,7,0,7
lccn/sn87068079/1899-05-18,2,6,3,3
lccn/sn87068079/1898-06-16,2,9,5,4
lccn/sn87068079/1899-10-26,2,5,4,1
lccn/sn84024660/1865-12-22,1,10,12,-2
lccn/sn88063294/1942-08-23,2,7,2,5
lccn/sn82014248/1889-06-22,1,8,10,-2
lccn/sn82014248/1889-06-19,1,3,3,0
lccn/sn82014248/1888-03-20,1,10,11,-1
lccn/sn82014248/1879-05-29,1,4,6,-2
lccn/sn98062948/1888-07-26,1,0,0,0
lccn/sn85035801/1915-08-24,1,3,4,-1
lccn/sn84022565/1909-04-08,2,7,6,1
lccn/sn84022565/1891-08-06,2,6,4,2
lccn/sn84022565/1891-07-16,1,6,7,-1
lccn/sn84022565/1891-07-23,2,13,0,13
lccn/sn84024656/1860-11-08,2,5,2,3
lccn/sn84024656/1860-10-10,2,4,2,2
lccn/sn84024656/1860-11-13,2,6,1,5
lccn/sn89053706/1897-10-18,2,6,1,5
lccn/sn85035801/1895-09-24,2,6,4,2
lccn/sn85035801/1897-01-12,1,0,15,-15
lccn/sn85035801/1908-07-21,1,3,4,-1
lccn/sn85035801/1911-07-18,2,11,10,1
lccn/sn89053713/1924-04-05,2,19,3,16
lccn/sn89053713/1924-04-03,2,8,3,5
lccn/sn89053713/1924-09-25,2,25,4,21
lccn/sn89053713/1924-11-20,2,9,4,5
lccn/sn89053729/1912-05-25,2,8,1,7
lccn/sn85040614/1916-02-25,1,0,9,-9
lccn/sn82007022/1849-10-09,2,9,6,3
lccn/sn85033123/1862-06-26,2,8,2,6
lccn/sn85033123/1862-06-12,2,15,2,13
lccn/sn85033123/1862-06-19,2,40,5,35
lccn/sn85033123/1862-09-25,2,14,7,7
lccn/sn85033123/1862-05-29,2,10,1,9
lccn/sn85033123/1862-06-05,1,0,3,-3
lccn/sn85033123/1862-05-08,2,11,2,9
lccn/sn85033123/1862-04-17,2,37,4,33
lccn/sn85033123/1862-04-24,1,0,1,-1
lccn/sn85033123/1868-05-28,2,11,9,2
lccn/sn85033123/1863-01-29,1,2,3,-1
lccn/sn85033123/1863-02-05,2,17,11,6
lccn/sn85033123/1862-12-04,2,22,12,10
lccn/sn85033123/1862-12-11,2,17,8,9
lccn/sn85033123/1863-03-26,2,10,6,4
lccn/sn85033123/1863-04-02,2,10,2,8
lccn/sn85033123/1863-03-12,2,34,8,26
lccn/sn85033123/1863-03-19,2,33,6,27
lccn/sn85033123/1863-01-15,1,4,6,-2
lccn/sn85033123/1863-01-22,2,16,5,11
lccn/sn85033123/1862-12-18,2,18,9,9
lccn/sn85033123/1862-12-25,2,4,3,1
lccn/sn85033123/1862-10-16,2,26,5,21
lccn/sn85033123/1862-10-23,2,5,2,3
lccn/sn85033123/1862-10-02,2,17,5,12
lccn/sn85033123/1862-11-20,2,22,11,11
lccn/sn85033123/1862-11-27,2,24,12,12
lccn/sn85033123/1862-11-06,2,55,12,43
lccn/sn85033123/1862-11-13,2,54,11,43
lccn/sn85033123/1863-02-12,2,48,9,39
lccn/sn85033123/1863-02-19,2,29,2,27
lccn/sn85033123/1863-01-01,2,50,7,43
lccn/sn85033123/1863-01-08,2,13,12,1
lccn/sn85033123/1863-02-26,2,26,5,21
lccn/sn85033123/1863-03-05,2,11,6,5
lccn/sn85040308/1858-12-30,2,22,7,15
lccn/sn89053729/1913-10-21,2,10,6,4
lccn/sn89053729/1913-10-21,2,7,3,4
lccn/sn89053729/1913-10-21,2,10,5,5
lccn/sn89053729/1913-10-22,2,16,1,15
lccn/sn89053729/1913-10-22,2,18,6,12
lccn/sn89053729/1913-11-03,2,7,0,7
lccn/sn89053729/1913-10-27,2,11,3,8
lccn/sn89053729/1913-10-27,2,22,4,18
lccn/sn89053729/1913-10-29,2,9,6,3
lccn/sn89053729/1913-10-29,2,4,3,1
lccn/sn89053729/1913-10-29,2,9,3,6
lccn/sn89053729/1913-10-28,2,12,2,10
lccn/sn89053729/1913-10-28,2,16,3,13
lccn/sn89053729/1913-10-20,2,4,1,3
lccn/sn84024707/1887-04-21,1,6,9,-3
lccn/sn84024707/1887-05-19,2,6,5,1
lccn/sn84024707/1880-08-26,1,11,11,0
lccn/sn84024653/1885-06-05,2,12,9,3
lccn/sn84024707/1883-06-21,2,12,6,6
lccn/sn84024707/1884-02-07,1,8,10,-2
lccn/sn84024707/1885-06-04,2,12,2,10
lccn/sn85033255/1894-08-02,2,7,1,6
lccn/sn85033255/1897-06-10,1,3,15,-12
lccn/sn87062224/1893-05-19,1,9,13,-4
lccn/sn84024649/1842-02-21,1,1,4,-3
lccn/sn84024649/1846-08-13,1,8,9,-1
lccn/sn85026214/1872-01-07,2,8,5,3
lccn/sn85026214/1877-01-14,2,17,9,8
lccn/sn83016589/1886-04-09,1,0,0,0
lccn/sn85033133/1885-05-21,2,7,5,2
lccn/sn85033133/1884-07-24,2,15,7,8
lccn/sn88071311/1885-09-20,2,19,1,18
lccn/sn84024735/1859-01-04,1,3,3,0
lccn/sn83030272/1903-05-10,2,3,0,3
lccn/sn83045629/1868-09-02,2,12,2,10
lccn/sn83045629/1867-09-04,2,10,6,4
lccn/sn83045629/1867-09-11,1,8,8,0
lccn/sn83045629/1867-09-18,2,14,5,9
lccn/sn83030272/1898-04-17,1,2,2,0
lccn/sn83030272/1898-04-24,1,2,3,-1
lccn/sn83045604/1896-06-07,2,5,1,4
lccn/sn85033699/1874-03-17,2,5,1,4
lccn/sn83030272/1897-12-29,2,7,2,5
lccn/sn87093407/1920-02-04,2,14,1,13
lccn/sn82015483/1882-09-22,2,11,1,10
lccn/sn99021999/1892-07-20,2,13,10,3
lccn/sn99021999/1898-09-25,2,15,3,12
lccn/sn99021999/1892-06-23,1,2,12,-10
lccn/sn99021999/1891-05-15,2,8,1,7
lccn/sn94052989/1893-02-23,2,16,7,9
lccn/sn83030313/1850-02-05,2,4,3,1
lccn/sn84026749/1905-01-19,1,2,2,0
lccn/sn84026749/1905-07-01,1,0,1,-1
lccn/sn84026749/1905-06-07,2,4,1,3
lccn/sn84026749/1905-06-26,2,6,1,5
lccn/sn84026749/1905-06-22,2,8,0,8
lccn/sn83045462/1925-04-29,2,7,2,5
lccn/sn83045462/1925-03-30,1,0,0,0
lccn/sn83045462/1925-03-31,1,0,0,0
lccn/sn83045462/1925-04-01,1,0,0,0
lccn/sn83045462/1925-04-02,1,0,0,0
lccn/sn83045462/1925-04-03,1,0,0,0
lccn/sn83045462/1925-04-07,2,3,1,2
lccn/sn83045462/1925-04-08,2,3,0,3
lccn/sn83045462/1925-04-04,1,0,0,0
lccn/sn83045462/1925-04-06,1,0,0,0
lccn/sn83045462/1925-04-05,1,0,0,0
lccn/sn83045462/1927-03-14,2,13,0,13
lccn/sn83045462/1926-12-21,2,8,3,5
lccn/sn82014381/1882-05-29,2,15,2,13
lccn/sn82014381/1881-06-18,2,12,1,11
lccn/sn82014381/1881-06-20,1,1,2,-1
lccn/sn82014381/1881-06-18,2,5,3,2
lccn/sn82014381/1880-03-15,2,9,3,6
lccn/sn82014381/1880-08-05,1,3,7,-4
lccn/sn92070582/1918-08-29,1,1,2,-1
lccn/sn83016348/1886-11-27,1,4,6,-2
lccn/sn82015387/1895-05-25,2,24,7,17
lccn/sn84024670/1871-09-04,1,0,0,0
lccn/sn83016348/1875-06-05,2,8,6,2
lccn/sn86053688/1872-04-03,2,10,0,10
lccn/sn83045462/1923-12-15,2,8,4,4
lccn/sn83045462/1923-10-20,2,11,2,9
lccn/sn85066387/1905-08-01,2,7,1,6
lccn/sn85066387/1905-08-02,2,2,0,2
lccn/sn85066387/1905-08-03,2,13,3,10
lccn/sn85066387/1905-08-04,2,17,3,14
lccn/sn85066387/1905-08-05,2,10,4,6
lccn/sn85066387/1905-08-12,2,11,2,9
lccn/sn83030313/1873-06-12,1,6,10,-4
lccn/sn83030313/1874-05-04,1,0,0,0
lccn/sn83030313/1874-05-06,1,0,0,0
lccn/sn83030313/1874-05-08,1,0,0,0
lccn/sn85066387/1903-09-23,2,5,1,4
lccn/sn85066387/1905-08-23,2,15,2,13
lccn/sn85066387/1905-08-20,2,19,10,9
lccn/sn83030313/1874-06-03,1,0,0,0
lccn/sn82014381/1880-08-26,2,6,2,4
lccn/sn82014381/1880-07-05,1,0,0,0
lccn/sn82014381/1880-06-09,1,10,16,-6
lccn/sn84022644/1896-03-06,2,13,3,10
lccn/sn84022644/1896-06-19,2,14,7,7
lccn/sn83035216/1871-05-20,2,7,6,1
lccn/sn92070464/1901-09-21,1,9,12,-3
lccn/sn92070464/1900-06-02,2,5,2,3
lccn/sn83045462/1902-03-01,2,4,1,3
lccn/sn84024718/1888-02-01,2,8,7,1
lccn/sn83045462/1863-07-09,2,21,16,5
lccn/sn83045462/1863-07-16,1,2,6,-4
lccn/sn83045462/1863-07-08,2,40,13,27
lccn/sn83045462/1863-07-20,2,17,4,13
lccn/sn83045462/1864-01-19,2,25,5,20
lccn/sn84027621/1905-09-21,2,5,2,3
lccn/sn84020594/1873-07-22,1,0,0,0
lccn/sn85066387/1903-10-25,2,18,1,17
lccn/sn85066387/1907-02-15,2,14,1,13
lccn/sn83030313/1854-11-29,1,0,0,0
lccn/sn85066387/1909-08-29,2,8,4,4
lccn/sn85066387/1909-08-15,2,7,1,6
lccn/sn85066387/1909-07-04,2,26,0,26
lccn/sn84026749/1910-04-08,2,8,7,1
lccn/sn85066387/1911-08-20,2,9,0,9
lccn/sn83030214/1897-03-23,1,0,0,0
lccn/sn87055779/1920-04-04,2,13,3,10
lccn/sn85066387/1911-06-11,2,9,3,6
lccn/sn87055779/1921-01-16,2,7,1,6
lccn/sn84026749/1910-10-10,1,4,5,-1
lccn/sn85032573/1879-07-03,2,5,4,1
lccn/sn85032573/1881-09-15,1,1,1,0
lccn/sn85032573/1880-01-29,2,8,4,4
lccn/sn85032575/1885-08-14,2,15,6,9
lccn/sn85032573/1880-01-01,1,3,9,-6
lccn/sn89081022/1911-09-27,2,13,7,6
lccn/sn82015484/1876-05-11,2,17,12,5
lccn/sn82015484/1882-01-05,2,6,3,3
lccn/sn82015484/1879-03-20,2,11,6,5
lccn/sn82015484/1879-06-05,2,10,9,1
lccn/sn86063662/1880-04-29,2,23,15,8
lccn/sn83030214/1887-10-29,1,0,5,-5
lccn/sn83030214/1887-08-22,1,2,7,-5
lccn/sn83030214/1887-09-12,1,14,22,-8
lccn/sn83030214/1887-09-04,1,0,3,-3
lccn/sn83030214/1887-09-15,1,1,2,-1
lccn/sn83030214/1887-08-19,2,4,3,1
lccn/sn84026749/1904-09-29,2,4,2,2
lccn/sn83045462/1889-04-25,1,8,9,-1
lccn/sn84026749/1907-10-31,2,9,3,6
lccn/sn90059522/1892-11-18,1,0,0,0
lccn/sn85038614/1901-04-27,1,0,0,0
lccn/sn97071110/1901-09-06,2,10,8,2
lccn/sn84024443/1855-02-23,2,8,3,5
lccn/sn84024443/1855-03-02,2,10,3,7
lccn/sn84024443/1855-03-09,2,6,1,5
lccn/sn84024443/1855-03-16,2,8,5,3
lccn/sn84024443/1855-03-23,2,11,1,10
lccn/sn84024443/1855-04-06,1,2,2,0
lccn/sn84024443/1855-04-13,2,9,1,8
lccn/sn84024443/1855-05-04,2,3,2,1
lccn/sn84024443/1855-05-11,2,7,2,5
lccn/sn84024443/1855-05-25,2,9,2,7
lccn/sn84024443/1855-07-27,1,6,6,0
lccn/sn82014381/1888-10-02,1,1,2,-1
lccn/sn82014381/1888-09-18,2,3,0,3
lccn/sn82014381/1888-09-19,1,7,7,0
lccn/sn82014381/1888-09-20,2,5,1,4
lccn/sn82014381/1888-09-26,2,5,1,4
lccn/sn82014381/1888-10-01,2,1,0,1
lccn/sn82014381/1889-09-22,2,13,9,4
lccn/sn82014381/1890-07-06,1,4,12,-8
lccn/sn82014381/1886-07-28,2,7,4,3
lccn/sn82014381/1886-10-05,1,2,4,-2
lccn/sn82014381/1886-10-07,2,3,1,2
lccn/sn82014381/1887-04-26,1,6,9,-3
lccn/sn82014381/1887-04-30,2,6,1,5
lccn/sn82014381/1887-06-11,2,12,2,10
lccn/sn85026421/1885-06-18,1,3,3,0
lccn/sn86053572/1870-04-19,1,1,4,-3
lccn/sn85042344/1915-05-22,2,10,4,6
lccn/sn85042344/1915-05-23,2,11,2,9
lccn/sn86053571/1869-11-05,2,21,2,19
lccn/sn86053571/1869-11-26,2,9,2,7
lccn/sn83045433/1909-07-25,2,10,6,4
lccn/sn83045433/1909-07-27,2,13,8,5
lccn/sn83045433/1909-01-22,2,9,1,8
lccn/sn83045366/1906-12-23,2,26,2,24
lccn/sn83045462/1904-04-26,2,9,3,6
lccn/sn83045462/1904-05-02,2,10,3,7
lccn/sn83045462/1904-05-04,2,7,3,4
lccn/sn83045462/1890-09-30,2,6,5,1
lccn/sn83045462/1890-10-07,1,2,5,-3
lccn/sn83045462/1890-06-14,1,2,3,-1
lccn/sn83045462/1890-03-25,1,4,6,-2
lccn/sn83045462/1893-05-22,2,7,0,7
lccn/sn83045462/1892-12-19,1,2,2,0
lccn/sn83045462/1878-01-14,2,8,1,7
lccn/sn83045462/1890-12-05,1,0,0,0
lccn/sn83045462/1890-12-06,2,8,0,8
lccn/sn83045462/1904-05-19,1,3,6,-3
lccn/sn84020274/1905-09-07,2,12,5,7
lccn/sn84024441/1902-09-23,2,6,2,4
lccn/sn83045462/1892-11-08,2,12,9,3
lccn/sn84031492/1874-01-06,2,11,0,11
lccn/sn84031492/1873-02-21,1,4,8,-4
lccn/sn84031492/1873-04-06,1,0,0,0
lccn/sn84031492/1874-06-17,2,6,4,2
lccn/sn84031492/1874-08-10,2,20,6,14
lccn/sn83045462/1916-04-10,1,4,5,-1
lccn/sn83045462/1916-08-18,2,13,5,8
lccn/sn85058130/1907-03-10,2,10,4,6
lccn/sn85058130/1906-05-08,1,5,10,-5
lccn/sn83045555/1901-10-31,2,5,4,1
lccn/sn83045555/1903-06-05,1,7,8,-1
lccn/sn83030214/1886-09-06,1,7,11,-4
lccn/sn83045784/1847-07-31,2,23,10,13
lccn/sn82015483/1892-09-24,1,9,11,-2
lccn/sn82015483/1894-03-29,2,14,4,10
lccn/sn82015483/1894-04-23,1,5,5,0
lccn/sn94052989/1892-05-28,1,6,10,-4
lccn/sn82015483/1893-04-13,2,9,4,5
lccn/sn82015483/1894-05-02,2,6,2,4
lccn/sn85066387/1910-11-06,2,8,0,8
lccn/sn83030272/1894-12-02,2,11,3,8
lccn/sn83030272/1896-03-28,1,20,22,-2
lccn/sn84024738/1874-08-12,1,3,3,0
lccn/sn84024738/1874-08-21,1,11,12,-1
lccn/sn84024738/1866-08-06,1,2,2,0
lccn/sn84022639/1890-09-18,1,3,7,-4
lccn/sn84023253/1871-07-28,1,0,0,0
lccn/sn84026847/1867-08-15,2,5,3,2
lccn/sn84023296/1897-08-21,2,5,0,5
lccn/sn83016179/1860-12-06,2,13,5,8
lccn/sn83016179/1860-12-13,2,11,5,6
lccn/sn83016179/1860-12-20,2,7,6,1
lccn/sn83045462/1925-09-03,2,7,1,6
lccn/sn83045462/1924-07-09,2,12,1,11
lccn/sn83045462/1924-07-26,1,0,0,0
lccn/sn83009573/1860-12-04,2,16,12,4
lccn/sn83009569/1866-05-29,1,8,8,0
lccn/sn85038615/1913-10-08,2,5,2,3
lccn/sn83045461/1854-09-06,2,16,8,8
lccn/sn83045462/1874-09-14,1,9,9,0
lccn/sn83045462/1875-12-15,2,6,4,2
lccn/sn83045462/1911-06-19,1,6,7,-1
lccn/sn83045462/1885-12-18,2,5,2,3
lccn/sn83045462/1876-07-12,1,6,6,0
lccn/sn83045462/1876-08-30,2,16,6,10
lccn/sn83045462/1876-06-14,2,4,2,2
lccn/sn83045462/1876-09-13,1,5,7,-2
lccn/sn83045462/1885-10-10,2,11,9,2
lccn/sn83030214/1879-12-27,1,0,0,0
lccn/sn83030214/1899-12-08,1,1,8,-7
lccn/sn83045462/1867-06-25,2,16,12,4
lccn/sn83045462/1901-08-02,1,0,0,0
lccn/sn83030272/1890-01-31,2,6,4,2
lccn/sn83021327/1876-03-30,2,12,8,4
lccn/sn83021327/1882-12-21,2,7,1,6
lccn/sn83030193/1892-06-20,2,18,9,9
lccn/sn83030193/1892-06-20,2,6,1,5
lccn/sn83030193/1892-06-20,1,2,5,-3
lccn/sn83032011/1871-12-08,1,6,14,-8
lccn/sn83032011/1889-11-01,2,14,4,10
lccn/sn83030313/1868-08-10,1,0,0,0
lccn/sn84026409/1895-03-20,1,6,7,-1
lccn/sn85038292/1880-03-20,1,3,6,-3
lccn/sn85038292/1878-12-28,2,11,6,5
lccn/sn85038292/1876-07-15,2,8,3,5
lccn/sn85038292/1894-04-21,1,5,8,-3
lccn/sn83045462/1924-08-09,1,0,0,0
lccn/sn85038292/1896-12-26,2,11,2,9
lccn/sn85038292/1897-02-06,2,13,10,3
lccn/sn85038292/1897-02-06,1,3,14,-11
lccn/sn83030272/1916-01-29,1,3,5,-2
lccn/sn83045160/1873-04-14,2,10,6,4
lccn/sn87093407/1921-12-07,1,0,0,0
lccn/sn83045604/1893-11-27,2,3,1,2
lccn/sn83045604/1893-11-28,2,3,1,2
lccn/sn83045604/1893-11-29,1,1,1,0
lccn/sn83045604/1893-11-26,1,3,3,0
lccn/sn86053573/1880-03-10,2,14,6,8
lccn/sn84026749/1906-01-07,2,14,1,13
lccn/sn86053573/1877-07-10,1,3,5,-2
lccn/sn82003410/1845-12-20,2,15,0,15
lccn/sn95026697/1906-08-10,2,14,5,9
lccn/sn99021999/1900-06-10,2,17,2,15
lccn/sn99021999/1900-06-03,2,13,2,11
lccn/sn95047242/1904-03-25,2,11,5,6
lccn/sn95047242/1904-04-19,1,3,3,0
lccn/sn95047227/1908-09-17,2,7,4,3
lccn/sn83030313/1846-08-17,1,2,2,0
lccn/sn95047242/1904-06-10,2,9,5,4
lccn/sn95026697/1906-09-14,1,6,7,-1
lccn/sn85038614/1894-06-10,2,10,4,6
lccn/sn96091104/1891-02-06,1,0,0,0
lccn/sn96091104/1892-03-11,2,15,3,12
lccn/sn83016348/1893-07-01,1,1,4,-3
lccn/sn84023209/1880-10-06,2,16,4,12
lccn/sn84023209/1881-05-25,1,4,5,-1
lccn/sn84023209/1882-06-21,2,13,12,1
lccn/sn88078580/1876-01-14,2,13,5,8
lccn/sn88078580/1876-09-15,1,6,7,-1
lccn/sn84028745/1861-12-10,2,6,3,3
lccn/sn88078580/1878-01-18,2,24,11,13
lccn/sn84026844/1881-07-23,1,7,11,-4
lccn/sn84023209/1879-02-19,2,20,5,15
lccn/sn83045604/1888-12-05,1,1,3,-2
lccn/sn97067589/1910-03-18,2,10,5,5
lccn/sn84024546/1892-08-13,2,12,7,5
lccn/sn84024546/1892-08-16,2,9,8,1
lccn/sn84024546/1892-08-18,2,18,0,18
lccn/sn84024546/1892-08-20,2,8,2,6
lccn/sn84024546/1892-08-27,2,9,1,8
lccn/sn84024546/1892-09-06,2,10,2,8
lccn/sn84024546/1892-09-08,2,15,2,13
lccn/sn84024546/1892-09-13,2,9,6,3
lccn/sn84024546/1892-09-15,2,17,3,14
lccn/sn84024546/1892-06-16,2,7,5,2
lccn/sn84024546/1892-06-18,1,5,9,-4
lccn/sn84024546/1892-06-23,2,13,3,10
lccn/sn84024546/1892-07-02,2,4,1,3
lccn/sn84024546/1892-07-16,2,9,3,6
lccn/sn84024546/1892-07-22,2,10,5,5
lccn/sn84024546/1892-07-23,2,11,0,11
lccn/sn84024546/1892-07-26,1,1,8,-7
lccn/sn84024546/1892-07-28,2,14,7,7
lccn/sn84024546/1892-07-31,2,6,4,2
lccn/sn84024546/1892-08-02,2,17,0,17
lccn/sn84024546/1892-08-04,2,14,1,13
lccn/sn84024546/1892-08-06,2,11,5,6
lccn/sn86053573/1879-07-02,2,7,4,3
lccn/sn83045555/1890-04-08,2,16,2,14
lccn/sn84024546/1892-08-09,2,17,5,12
lccn/sn83045555/1902-04-30,1,4,5,-1
lccn/sn86053573/1886-05-17,2,8,3,5
lccn/sn83045211/1919-03-06,1,0,0,0
lccn/sn84026749/1914-04-05,2,9,7,2
lccn/sn84024546/1891-07-07,1,5,14,-9
lccn/sn84024546/1891-07-09,1,3,5,-2
lccn/sn84024546/1891-07-11,2,17,10,7
lccn/sn84024546/1891-07-14,2,17,11,6
lccn/sn84024546/1891-07-16,2,8,1,7
lccn/sn84024546/1891-07-18,2,13,5,8
lccn/sn84024546/1891-07-30,2,11,2,9
lccn/sn84024546/1891-08-04,2,13,4,9
lccn/sn84024546/1891-08-08,2,10,0,10
lccn/sn85058140/1909-09-15,1,3,7,-4
lccn/sn84024546/1892-01-03,1,7,10,-3
lccn/sn84024546/1891-08-11,2,4,2,2
lccn/sn84024546/1891-09-12,2,8,7,1
lccn/sn84024546/1891-08-18,2,9,3,6
lccn/sn84024546/1891-08-20,2,10,3,7
lccn/sn84024546/1891-08-25,2,15,3,12
lccn/sn84024546/1891-08-27,2,25,5,20
lccn/sn84024546/1891-08-29,2,14,5,9
lccn/sn84024546/1891-09-01,1,2,3,-1
lccn/sn84024546/1891-09-08,2,13,0,13
lccn/sn84024546/1891-09-10,2,27,7,20
lccn/sn86053573/1881-10-03,2,10,7,3
lccn/sn86053573/1886-12-28,2,16,2,14
lccn/sn83016925/1887-11-16,2,12,3,9
lccn/sn82015133/1888-02-25,2,11,4,7
lccn/sn96027213/1900-02-10,2,6,5,1
lccn/sn84026409/1882-04-19,2,7,3,4
lccn/sn83025925/1870-10-07,2,12,5,7
lccn/sn83030313/1872-07-03,1,4,4,0
lccn/sn85066387/1905-03-19,2,15,1,14
lccn/sn83030313/1875-04-13,2,5,3,2
lccn/sn84038125/1875-01-08,2,5,4,1
lccn/sn83045160/1884-07-09,2,6,4,2
lccn/sn83045160/1885-05-28,1,0,0,0
lccn/sn83030272/1884-05-27,1,2,8,-6
lccn/sn83045433/1919-02-26,1,0,0,0
lccn/sn83045433/1919-02-27,2,3,1,2
lccn/sn84026752/1851-07-24,1,12,13,-1
lccn/sn84026752/1856-03-27,2,7,3,4
lccn/sn82014064/1872-09-13,2,5,3,2
lccn/sn88053055/1893-11-18,1,0,8,-8
lccn/sn83030313/1871-12-07,2,17,7,10
lccn/sn83030313/1872-10-06,1,0,0,0
lccn/sn83030313/1871-10-26,1,3,5,-2
lccn/sn85066387/1904-12-14,2,6,0,6
lccn/sn85066387/1904-12-27,2,3,0,3
lccn/sn86063624/1896-05-10,2,7,3,4
lccn/sn83045366/1902-01-25,2,6,0,6
lccn/sn83045462/1911-12-01,2,1,0,1
lccn/sn83045462/1911-10-06,2,5,0,5
lccn/sn83045433/1910-10-12,2,5,2,3
lccn/sn86063615/1897-12-16,2,8,2,6
lccn/sn84026749/1902-12-11,1,9,9,0
lccn/sn99021999/1898-06-27,2,9,5,4
lccn/sn85066387/1903-01-25,2,6,1,5
lccn/sn84024735/1854-01-31,2,17,15,2
lccn/sn84024735/1858-02-22,2,5,1,4
lccn/sn83045462/1922-06-19,2,10,3,7
lccn/sn83045462/1921-10-12,2,21,12,9
lccn/sn84024735/1860-06-01,2,8,1,7
lccn/sn83045462/1866-06-23,2,3,2,1
lccn/sn83045462/1866-08-29,1,2,3,-1
lccn/sn83045462/1862-12-06,1,1,1,0
lccn/sn83045462/1868-06-15,1,2,3,-1
lccn/sn83045462/1869-06-18,1,2,4,-2
lccn/sn83045462/1869-10-13,1,2,4,-2
lccn/sn83045462/1870-03-04,2,3,0,3
lccn/sn83045462/1869-10-21,1,2,2,0
lccn/sn83032058/1879-03-27,1,1,9,-8
lccn/sn83045555/1902-12-24,1,2,6,-4
lccn/sn83045555/1903-01-17,1,0,0,0
lccn/sn83032300/1883-02-09,2,9,6,3
lccn/sn83032300/1885-03-06,1,0,0,0
lccn/sn83032300/1890-03-01,2,18,13,5
lccn/sn84024546/1891-06-27,2,21,2,19
lccn/sn86064205/1890-09-01,2,13,10,3
lccn/sn83045462/1919-09-26,2,7,5,2
lccn/sn83045462/1922-10-13,2,11,6,5
lccn/sn83045462/1922-10-16,2,2,0,2
lccn/sn83045462/1922-09-16,1,5,5,0
lccn/sn83045462/1922-09-02,1,2,9,-7
lccn/sn83045462/1915-11-28,2,17,1,16
lccn/sn83045462/1915-12-05,1,1,2,-1
lccn/sn83045462/1915-12-08,1,0,0,0
lccn/sn83045462/1916-01-02,2,10,3,7
lccn/sn83045462/1920-05-16,2,14,3,11
lccn/sn83045462/1915-11-14,2,7,0,7
lccn/sn83045462/1916-12-17,2,5,1,4
lccn/sn83045462/1915-11-10,1,0,0,0
lccn/sn83045462/1915-11-19,2,9,2,7
lccn/sn83045462/1915-11-26,2,7,1,6
lccn/sn84026409/1892-08-03,1,3,5,-2
lccn/sn84026409/1895-08-28,1,5,5,0
lccn/sn83045462/1887-09-29,2,10,5,5
lccn/sn83045462/1887-03-30,2,21,6,15
lccn/sn83045462/1887-03-28,2,10,7,3
lccn/sn83045462/1887-01-07,1,1,7,-6
lccn/sn84026749/1920-03-02,2,3,2,1
lccn/sn84024738/1859-08-13,2,3,0,3
lccn/sn84024738/1859-08-15,2,8,5,3
lccn/sn84024738/1859-08-15,2,5,2,3
lccn/sn84024738/1859-08-27,2,12,7,5
lccn/sn84024738/1859-08-30,2,8,4,4
lccn/sn84024738/1859-09-03,2,8,1,7
lccn/sn84024738/1859-09-08,2,11,6,5
lccn/sn84024738/1859-08-16,2,5,1,4
lccn/sn84024738/1859-08-18,1,5,5,0
lccn/sn84024738/1859-08-25,1,3,3,0
lccn/sn84024738/1859-09-07,2,7,4,3
lccn/sn84024738/1859-12-16,2,14,2,12
lccn/sn83045462/1864-06-30,2,19,8,11
lccn/sn83045462/1864-07-02,2,14,8,6
lccn/sn83045462/1919-11-18,2,14,1,13
lccn/sn83045462/1919-11-17,2,9,2,7
lccn/sn83030214/1903-03-16,2,3,2,1
lccn/sn83030214/1903-03-20,2,2,1,1
lccn/sn83030214/1903-03-23,2,3,1,2
lccn/sn83030214/1903-03-11,1,1,2,-1
lccn/sn83030214/1903-03-13,1,1,1,0
lccn/sn83045462/1919-11-07,2,13,3,10
lccn/sn83045462/1919-11-08,2,21,2,19
lccn/sn83045462/1919-11-09,2,13,2,11
lccn/sn83045462/1919-11-10,2,8,0,8
lccn/sn83045462/1919-11-10,2,10,2,8
lccn/sn83045462/1919-11-11,2,13,1,12
lccn/sn83045462/1919-11-13,2,11,3,8
lccn/sn83045462/1919-11-16,2,7,1,6
lccn/sn83045462/1919-11-16,2,5,3,2
lccn/sn94052989/1890-06-08,2,19,4,15
lccn/sn94052989/1890-07-01,1,7,10,-3
lccn/sn84024718/1881-06-14,2,15,5,10
lccn/sn84024718/1860-07-24,2,23,1,22
lccn/sn84024718/1860-07-31,2,11,7,4
lccn/sn84024718/1860-08-28,2,10,1,9
lccn/sn84024738/1862-06-27,1,9,9,0
lccn/sn84024718/1886-05-19,2,17,1,16
lccn/sn84024718/1860-05-01,2,17,5,12
lccn/sn84024718/1860-08-07,2,9,1,8
lccn/sn84024718/1860-08-14,2,9,2,7
lccn/sn84024718/1860-08-21,2,9,2,7
lccn/sn85066387/1895-08-29,1,1,2,-1
lccn/sn84027691/1871-09-28,2,12,6,6
lccn/2012218613/1882-03-08,1,0,0,0
lccn/2012218613/1882-11-22,2,9,0,9
lccn/sn94052364/1890-10-18,2,16,7,9
lccn/sn86063624/1895-03-03,2,14,13,1
lccn/sn86063624/1895-04-07,1,5,7,-2
lccn/sn83025287/1882-08-05,2,19,5,14
lccn/sn84022367/1870-03-03,1,5,9,-4
lccn/sn86072143/1889-12-27,2,23,11,12
lccn/sn84031492/1876-01-29,2,7,1,6
lccn/sn84031492/1877-07-03,2,6,3,3
lccn/sn84031492/1877-07-06,1,0,0,0
lccn/sn84031492/1877-06-30,1,0,0,0
lccn/sn84031492/1877-06-04,2,6,4,2
lccn/sn84031492/1877-08-29,1,5,17,-12
lccn/sn84031492/1877-08-11,2,7,5,2
lccn/sn84031492/1877-08-15,1,0,0,0
lccn/sn84031492/1877-11-18,2,11,9,2
lccn/sn84031492/1877-08-25,2,6,5,1
lccn/sn84031492/1877-09-08,2,11,4,7
lccn/sn85042345/1922-05-26,2,20,1,19
lccn/sn84031492/1876-05-31,1,0,0,0
lccn/sn84031492/1876-05-28,2,18,4,14
lccn/sn85042345/1922-05-25,2,18,4,14
lccn/sn86053634/1888-11-14,2,22,7,15
lccn/sn83032041/1872-07-20,1,13,16,-3
lccn/sn83045604/1896-06-05,2,8,4,4
lccn/sn83045604/1896-06-06,1,4,4,0
lccn/sn85033699/1868-12-02,2,7,1,6
lccn/sn85033699/1869-12-23,2,5,3,2
lccn/sn85033699/1870-09-04,2,18,1,17
lccn/sn85033699/1870-09-06,2,16,4,12
lccn/sn85033699/1873-08-28,2,18,3,15
lccn/sn85033699/1873-08-10,1,5,5,0
lccn/sn85033699/1873-09-24,1,8,11,-3
lccn/sn85033699/1872-06-14,2,11,1,10
lccn/sn83045604/1895-04-27,2,14,9,5
lccn/sn83045604/1895-05-24,2,6,1,5
lccn/sn85033699/1872-03-02,2,6,2,4
lccn/sn83045604/1896-05-13,1,2,4,-2
lccn/sn83045604/1896-05-21,2,2,0,2
lccn/sn83045604/1896-06-02,1,1,1,0
lccn/sn85038521/1867-07-16,2,10,0,10
lccn/sn85038521/1867-08-09,2,6,1,5
lccn/sn83045462/1913-12-04,2,16,7,9
lccn/sn83045462/1913-11-18,2,14,7,7
lccn/sn83045462/1913-11-25,2,6,4,2
lccn/sn83045462/1913-11-26,2,7,3,4
lccn/sn83045462/1913-12-08,2,27,10,17
lccn/sn99021999/1917-04-02,1,2,3,-1
lccn/sn89064525/1885-01-16,2,15,4,11
lccn/sn85066387/1906-03-30,2,11,6,5
lccn/sn82015672/1859-06-29,2,20,0,20
lccn/sn99021999/1912-10-13,2,13,1,12
lccn/sn99021999/1912-06-02,1,1,2,-1
lccn/sn94052989/1891-05-29,2,10,4,6
lccn/sn94052989/1891-05-29,2,14,10,4
lccn/sn94052989/1891-06-02,2,7,1,6
lccn/sn86059181/1865-06-23,2,13,4,9
lccn/sn83045462/1910-06-07,2,5,3,2
lccn/sn84024738/1870-06-23,2,18,6,12
lccn/sn84024738/1873-07-16,2,11,2,9
lccn/sn84024738/1873-10-02,2,8,7,1
lccn/sn84024738/1870-09-27,2,4,2,2
lccn/sn84024738/1871-10-25,1,0,0,0
lccn/sn84024738/1871-11-06,2,10,1,9
lccn/sn84024738/1871-08-24,2,15,5,10
lccn/sn83030272/1881-08-07,1,5,10,-5
lccn/sn84024738/1870-12-31,2,26,5,21
lccn/sn84024738/1869-08-09,2,10,1,9
lccn/sn84024738/1871-11-09,1,7,7,0
lccn/sn84024738/1871-10-21,1,3,4,-1
lccn/sn84024738/1871-10-27,2,11,1,10
lccn/sn84024738/1871-10-28,2,11,9,2
lccn/sn84024738/1871-11-03,1,0,0,0
lccn/sn83030272/1880-03-05,2,27,23,4
lccn/sn84024738/1869-10-11,2,5,3,2
lccn/sn84024738/1871-08-03,1,1,1,0
lccn/sn84024738/1871-07-29,2,6,0,6
lccn/sn84024738/1873-12-24,2,12,2,10
lccn/sn93051669/1889-10-12,2,5,3,2
lccn/sn84026749/1910-02-07,2,7,4,3
lccn/sn82016419/1880-06-18,2,11,0,11
lccn/sn82016419/1880-10-08,2,7,5,2
lccn/sn82016419/1880-10-15,2,18,5,13
lccn/sn82016419/1880-11-12,1,14,14,0
lccn/sn82016419/1880-11-19,1,3,10,-7
lccn/sn82016419/1880-11-26,1,9,10,-1
lccn/sn82016419/1880-09-17,2,12,8,4
lccn/sn82016419/1880-09-24,1,4,4,0
lccn/sn82016419/1880-10-01,2,12,10,2
lccn/sn82016419/1880-10-22,1,7,7,0
lccn/sn85030221/1882-05-04,2,13,9,4
lccn/sn82016419/1872-05-31,1,6,15,-9
lccn/sn82016419/1870-04-15,2,18,5,13
lccn/sn82016419/1870-06-24,2,28,13,15
lccn/sn87055779/1922-06-18,2,6,1,5
lccn/sn87055779/1922-06-22,2,9,2,7
lccn/sn87055779/1922-06-28,2,19,2,17
lccn/sn87055779/1922-06-21,2,18,3,15
lccn/sn87055779/1922-06-23,2,7,2,5
lccn/sn85030221/1886-04-08,2,13,6,7
lccn/sn85030221/1887-06-09,2,4,3,1
lccn/sn85030221/1883-08-16,2,3,1,2
lccn/sn83030313/1871-11-18,1,3,4,-1
lccn/sn85042462/1906-07-08,2,5,4,1
lccn/sn86069873/1905-02-24,1,4,9,-5
lccn/sn85038229/1874-01-09,1,2,14,-12
lccn/sn85038229/1868-09-04,2,4,3,1
lccn/sn85038229/1867-04-12,2,13,9,4
lccn/sn85026193/1862-09-17,2,21,3,18
lccn/sn85026193/1862-11-12,2,36,11,25
lccn/sn86071197/1896-01-24,1,7,7,0
lccn/sn86071197/1901-08-21,2,4,2,2
lccn/sn84024738/1859-09-20,2,14,10,4
lccn/sn84024738/1859-09-23,2,7,6,1
lccn/sn84024738/1859-09-28,2,7,5,2
lccn/sn84024738/1859-10-01,1,1,1,0
lccn/sn84024738/1859-10-03,2,9,5,4
lccn/sn84024738/1859-09-27,2,17,14,3
lccn/sn84024738/1859-10-04,1,1,3,-2
lccn/sn84024738/1859-10-07,2,12,9,3
lccn/sn84024738/1859-09-16,1,6,9,-3
lccn/sn84024738/1859-12-22,1,0,0,0
lccn/sn84024738/1875-06-22,1,1,2,-1
lccn/sn84024738/1875-09-23,1,1,1,0
lccn/sn84024738/1878-06-29,2,5,2,3
lccn/sn88084272/1917-08-22,2,7,1,6
lccn/sn84024441/1898-04-07,2,24,3,21
lccn/sn87062253/1866-12-27,2,6,5,1
lccn/sn87062253/1873-11-27,1,8,15,-7
lccn/sn85066387/1908-11-01,2,6,1,5
lccn/sn86071045/1901-05-23,2,5,1,4
lccn/sn86071045/1901-09-26,2,10,8,2
lccn/sn83045433/1909-10-24,2,5,4,1
lccn/sn85059716/1853-04-13,1,0,0,0
lccn/sn83016925/1884-01-30,1,7,9,-2
lccn/sn83016925/1884-02-13,2,10,9,1
lccn/sn83016926/1882-02-01,2,9,3,6
lccn/sn85038603/1881-01-08,1,0,0,0
lccn/sn90059523/1898-12-26,2,8,5,3
lccn/sn90059522/1895-05-21,1,6,7,-1
lccn/sn83045462/1903-02-27,2,9,5,4
lccn/sn90059522/1887-07-14,2,8,1,7
lccn/sn83045366/1901-10-19,2,16,0,16
lccn/sn83045462/1903-03-04,2,12,3,9
lccn/sn83045462/1903-03-09,2,19,0,19
lccn/sn83045389/1917-09-08,1,3,3,0
lccn/sn83045462/1898-03-30,1,0,0,0
lccn/sn83045462/1898-03-09,2,11,2,9
lccn/sn83045462/1898-03-11,2,8,2,6
lccn/sn83045462/1898-03-18,2,8,4,4
lccn/sn85058130/1894-11-04,2,31,13,18
lccn/sn82014424/1882-01-11,2,1,0,1
lccn/sn82014424/1883-02-28,1,2,4,-2
lccn/sn83045462/1898-03-22,2,14,5,9
lccn/sn83045462/1898-03-23,1,1,1,0
lccn/sn83045462/1897-08-21,2,18,9,9
lccn/sn83045462/1896-04-17,2,9,3,6
lccn/sn83045462/1897-10-20,1,3,5,-2
lccn/sn83045462/1897-10-28,2,22,19,3
lccn/sn83045462/1918-04-06,2,6,3,3
lccn/sn83045462/1918-06-02,2,14,1,13
lccn/sn83045462/1918-06-02,2,7,5,2
lccn/sn85058130/1902-08-24,2,5,3,2
lccn/sn85058130/1903-03-14,1,3,3,0
lccn/sn84031492/1875-08-14,1,0,0,0
lccn/sn84025891/1901-09-28,1,8,8,0
lccn/sn83035143/1859-03-08,1,6,6,0
lccn/sn84026749/1903-01-11,1,5,8,-3
lccn/sn84026749/1903-02-08,1,2,2,0
lccn/sn83045462/1910-11-05,1,0,2,-2
lccn/sn83045462/1910-11-02,2,17,1,16
lccn/sn83045462/1910-11-08,2,11,1,10
lccn/sn83045462/1910-10-30,2,8,4,4
lccn/sn86063615/1899-03-04,1,9,9,0
lccn/sn88076741/1889-05-24,1,7,11,-4
lccn/sn88076741/1889-06-14,1,4,11,-7
lccn/sn84024738/1860-09-04,2,6,5,1
lccn/sn85033386/1873-10-17,2,6,2,4
lccn/sn85033386/1873-03-14,2,10,1,9
lccn/sn84024738/1860-08-15,2,8,6,2
lccn/sn84024738/1861-11-08,1,0,0,0
lccn/sn84024738/1880-09-07,2,4,1,3
lccn/sn84024738/1880-10-13,2,11,0,11
lccn/sn84025841/1898-01-29,1,0,0,0
lccn/sn83045462/1925-09-05,2,8,2,6
lccn/sn83045462/1927-01-12,2,15,9,6
lccn/sn84025841/1897-06-05,2,18,7,11
lccn/sn83045462/1925-07-03,1,0,0,0
lccn/sn83045462/1925-07-04,2,4,0,4
lccn/sn83045462/1925-07-06,1,0,0,0
lccn/sn95066012/1908-11-12,1,0,0,0
lccn/sn90000523/1889-05-23,2,10,9,1
lccn/sn86072143/1920-04-15,1,7,7,0
lccn/sn84026853/1880-01-14,2,8,7,1
lccn/sn84028193/1871-08-19,1,0,0,0
lccn/sn84028194/1873-01-11,2,8,6,2
lccn/sn84026853/1880-02-11,1,9,12,-3
lccn/sn84026853/1884-01-16,2,11,6,5
lccn/sn84026853/1881-10-05,2,7,1,6
lccn/sn84026853/1881-11-02,2,9,5,4
lccn/sn84026853/1881-12-21,2,3,1,2
lccn/sn84026853/1882-01-25,2,9,7,2
lccn/sn84026853/1882-02-08,2,13,9,4
lccn/sn84026853/1882-02-15,2,16,4,12
lccn/sn84026853/1876-03-01,2,16,3,13
lccn/sn84028194/1874-10-03,2,2,0,2
lccn/sn84026853/1887-08-17,1,10,11,-1
lccn/sn84026853/1886-06-30,1,0,0,0
lccn/sn84026853/1885-12-30,1,5,10,-5
lccn/sn83045774/1920-10-08,2,12,3,9
lccn/sn85038614/1885-06-21,2,5,3,2
lccn/sn85038614/1896-04-17,2,4,1,3
lccn/sn83030272/1891-06-26,2,11,2,9
lccn/sn83030272/1890-10-29,2,8,3,5
lccn/sn84026536/1856-09-05,2,7,2,5
lccn/sn84026536/1856-09-12,2,14,3,11
lccn/sn83030272/1874-11-06,2,10,5,5
lccn/sn84024735/1836-12-06,2,12,2,10
lccn/sn83045462/1927-07-11,2,17,3,14
lccn/sn86086768/1852-09-02,1,0,0,0
lccn/sn83030272/1893-10-01,2,24,17,7
lccn/sn84024443/1855-06-01,2,4,2,2
lccn/sn84024443/1855-06-08,2,6,3,3
lccn/sn84024443/1855-06-15,2,7,1,6
lccn/sn84024443/1855-06-29,2,5,2,3
lccn/sn84024443/1855-07-06,1,3,4,-1
lccn/sn84024443/1855-07-13,2,8,6,2
lccn/sn83030272/1894-04-08,2,10,2,8
lccn/sn83045389/1919-04-20,1,0,0,0
lccn/sn83030214/1901-10-19,2,12,10,2
lccn/sn83045389/1918-07-07,2,13,1,12
lccn/sn83016926/1879-07-09,2,5,3,2
lccn/sn83016926/1879-07-16,2,4,0,4
lccn/sn83016926/1879-07-23,1,5,11,-6
lccn/sn83016926/1879-08-06,1,4,8,-4
lccn/sn83016926/1879-08-13,2,5,4,1
lccn/sn83016926/1879-09-03,2,11,4,7
lccn/sn83016926/1879-10-08,2,9,4,5
lccn/sn83016926/1880-01-07,2,6,3,3
lccn/sn83016926/1880-08-11,2,5,4,1
lccn/sn83016926/1878-07-03,2,8,2,6
lccn/sn83016926/1870-07-28,2,12,4,8
lccn/sn83016926/1870-08-04,2,17,5,12
lccn/sn83016926/1870-08-11,2,13,1,12
lccn/sn83016926/1875-09-29,2,16,7,9
lccn/sn83016739/1874-10-10,2,7,1,6
lccn/sn90059522/1889-09-05,1,0,0,0
lccn/sn90059522/1887-03-22,2,2,1,1
lccn/sn90059523/1898-09-04,2,4,0,4
lccn/sn90059523/1898-09-04,1,2,4,-2
lccn/sn90059523/1898-09-11,2,12,0,12
lccn/sn90059522/1889-01-14,1,5,7,-2
lccn/sn88084272/1918-01-28,1,3,4,-1
lccn/sn86071197/1902-10-26,2,21,2,19
lccn/sn86053573/1874-12-19,1,6,14,-8
lccn/sn83030193/1894-07-19,2,10,4,6
lccn/sn85038521/1866-12-30,2,13,1,12
lccn/sn90059655/1891-05-06,2,8,1,7
lccn/sn90059655/1891-05-06,2,8,1,7
lccn/sn84031492/1878-08-26,1,4,6,-2
lccn/sn84031492/1878-08-27,2,6,3,3
lccn/sn84031492/1878-08-28,2,11,5,6
lccn/sn83030214/1894-09-22,2,7,3,4
lccn/sn84031492/1878-08-05,1,1,2,-1
lccn/sn84031492/1878-08-07,2,5,1,4
lccn/sn84031492/1878-08-17,2,12,2,10
lccn/sn84031492/1878-09-07,2,18,9,9
lccn/sn83045160/1873-03-13,2,6,1,5
lccn/sn83045160/1876-05-09,1,4,4,0
lccn/sn83045160/1874-09-25,1,6,15,-9
lccn/sn83045160/1875-09-04,1,10,13,-3
lccn/sn83045160/1876-11-14,2,8,1,7
lccn/sn83045462/1886-09-23,2,3,0,3
lccn/sn86072143/1900-01-25,1,1,9,-8
lccn/sn98060050/1876-03-03,1,10,12,-2
lccn/sn84023127/1865-12-22,2,12,2,10
lccn/sn84023127/1865-12-29,2,17,1,16
lccn/sn86072143/1866-01-05,1,9,10,-1
lccn/sn86072143/1866-01-12,2,7,0,7
lccn/sn98060050/1875-05-14,2,8,7,1
lccn/sn98060050/1880-11-12,2,10,4,6
lccn/sn86072143/1901-10-17,1,4,6,-2
lccn/sn86072143/1899-11-23,2,6,5,1
lccn/sn86072143/1910-08-11,1,2,2,0
lccn/sn86072143/1903-04-23,1,3,4,-1
lccn/sn98060050/1889-04-26,2,9,4,5
lccn/sn83045462/1884-10-04,1,1,2,-1
lccn/sn83045462/1880-07-03,2,7,5,2
lccn/sn83045462/1879-07-10,2,4,0,4
lccn/sn83045462/1883-09-11,1,0,0,0
lccn/sn83045462/1883-09-19,2,3,0,3
lccn/sn83045462/1883-09-20,1,0,0,0
lccn/sn83045462/1883-09-28,2,1,0,1
lccn/sn83045462/1883-10-10,2,5,2,3
lccn/sn83045462/1883-05-19,2,6,1,5
lccn/sn83045462/1882-12-22,1,2,3,-1
lccn/sn83045462/1882-08-28,2,10,4,6
lccn/sn83045462/1882-09-18,1,4,6,-2
lccn/sn83045462/1881-03-14,1,0,0,0
lccn/sn83045462/1881-09-07,2,6,2,4
lccn/sn83045462/1881-09-14,2,6,2,4
lccn/sn83045462/1881-09-20,1,6,9,-3
lccn/sn83045462/1881-04-13,1,3,6,-3
lccn/sn83045462/1881-05-07,2,4,1,3
lccn/sn83045462/1881-05-20,1,3,8,-5
lccn/sn83045433/1907-05-30,1,5,7,-2
lccn/sn83030214/1874-10-15,2,5,4,1
lccn/sn85058130/1900-11-18,2,9,1,8
lccn/sn83045462/1917-09-15,2,12,5,7
lccn/sn83045462/1914-11-29,2,8,1,7
lccn/sn83045462/1914-10-19,2,11,2,9
lccn/sn83045462/1914-10-23,1,1,5,-4
lccn/sn83045462/1920-10-12,2,10,0,10
lccn/sn83045462/1920-11-03,1,3,3,0
lccn/sn83045462/1920-12-23,2,7,2,5
lccn/sn83045462/1920-12-26,2,8,2,6
lccn/sn83045462/1920-12-27,2,12,2,10
lccn/sn83045462/1920-12-30,2,7,2,5
lccn/sn85058130/1901-08-10,1,2,5,-3
lccn/sn84020274/1902-06-18,2,8,3,5
lccn/sn84020274/1900-03-19,1,4,4,0
lccn/sn83025287/1881-05-24,1,0,0,0
lccn/sn90059522/1884-08-22,2,12,6,6
lccn/sn84026749/1903-08-11,1,16,18,-2
lccn/sn90059522/1885-01-08,2,6,3,3
lccn/sn83045366/1906-04-01,2,18,2,16
lccn/sn85058130/1902-05-10,1,4,10,-6
lccn/sn84031492/1875-04-14,2,5,2,3
lccn/sn85058130/1902-12-22,2,8,3,5
lccn/sn85058130/1907-02-03,1,6,6,0
lccn/sn85058130/1907-05-17,1,2,2,0
lccn/sn85058130/1906-12-29,2,8,3,5
lccn/sn85058130/1906-12-29,2,7,2,5
lccn/sn84031492/1875-09-28,1,0,0,0
lccn/sn83045433/1915-11-16,2,5,4,1
lccn/sn83030272/1898-10-09,2,12,6,6
lccn/sn84028385/1870-03-02,1,6,6,0
lccn/sn84028385/1870-03-23,2,13,11,2
lccn/sn84028385/1870-12-14,1,2,6,-4
lccn/sn84028385/1871-06-21,2,26,10,16
lccn/sn84028385/1866-03-21,2,14,2,12
lccn/sn84023209/1877-07-18,2,5,2,3
lccn/sn84028385/1856-04-30,2,33,13,20
lccn/sn86053573/1888-01-11,2,6,4,2
lccn/sn86053573/1887-01-12,2,18,15,3
lccn/sn86053573/1887-11-09,1,5,10,-5
lccn/sn83030214/1906-08-02,2,7,4,3
lccn/sn84026749/1906-06-21,2,16,2,14
lccn/sn83030214/1920-01-15,2,20,3,17
lccn/sn83030214/1920-01-20,2,3,1,2
lccn/sn86053573/1876-08-30,2,18,10,8
lccn/sn86053573/1875-09-01,1,2,4,-2
lccn/sn86053573/1875-10-27,2,16,7,9
lccn/sn87062244/1894-12-14,2,8,3,5
lccn/sn83045555/1899-09-27,2,15,9,6
lccn/sn83030213/1852-05-03,1,0,0,0
lccn/sn84024546/1892-07-05,2,17,11,6
lccn/sn84024546/1892-07-09,2,20,11,9
lccn/sn83045555/1901-12-07,2,10,7,3
lccn/sn83045555/1901-11-28,1,1,2,-1
lccn/sn85058130/1909-02-14,2,3,2,1
lccn/sn85058130/1909-05-23,1,1,4,-3
lccn/sn85058130/1909-05-20,2,10,6,4
lccn/sn83045211/1917-08-25,2,21,10,11
lccn/sn94052989/1892-04-22,2,8,5,3
lccn/sn94052989/1892-01-28,2,5,1,4
lccn/sn94052989/1892-03-15,1,7,9,-2
lccn/sn94052989/1892-03-19,2,14,4,10
lccn/sn82015679/1895-06-03,2,6,1,5
lccn/sn83045462/1913-12-26,2,9,4,5
lccn/sn83045462/1913-12-27,2,11,5,6
lccn/sn83045462/1914-04-07,2,7,6,1
lccn/sn83045462/1914-04-08,2,11,3,8
lccn/sn83045462/1914-04-10,1,3,4,-1
lccn/sn83045462/1914-04-20,1,2,3,-1
lccn/sn83045462/1914-01-27,2,9,3,6
lccn/sn83045462/1914-02-04,2,13,1,12
lccn/sn83045462/1914-04-23,2,10,2,8
lccn/sn83045462/1914-01-30,2,7,4,3
lccn/sn89064525/1891-05-08,2,8,2,6
lccn/sn83045462/1914-02-19,2,8,2,6
lccn/sn83045462/1914-02-14,2,9,6,3
lccn/sn84024546/1890-07-22,2,17,0,17
lccn/sn84024546/1890-07-23,2,15,7,8
lccn/sn84024546/1890-07-24,2,9,2,7
lccn/sn84024546/1890-07-25,2,9,2,7
lccn/sn84024546/1890-07-26,2,12,0,12
lccn/sn84024546/1890-08-28,2,19,6,13
lccn/sn84024546/1890-08-30,2,11,6,5
lccn/sn84024546/1890-06-28,2,18,14,4
lccn/sn84024546/1890-07-14,2,19,9,10
lccn/sn84024546/1890-07-16,2,5,1,4
lccn/sn84024546/1890-07-17,2,8,3,5
lccn/sn84024546/1890-07-19,2,10,3,7
lccn/sn84024546/1890-07-21,2,13,0,13
lccn/sn84024546/1890-07-28,2,9,1,8
lccn/sn84024546/1890-07-29,2,15,2,13
lccn/sn84024546/1890-07-30,2,23,7,16
lccn/sn84024546/1890-07-31,1,3,3,0
lccn/sn84024546/1890-08-02,2,26,15,11
lccn/sn84024546/1890-08-04,2,10,5,5
lccn/sn84024546/1890-08-05,2,5,2,3
lccn/sn84024546/1890-08-06,2,15,8,7
lccn/sn84024546/1890-08-07,2,13,8,5
lccn/sn84024546/1890-08-08,2,15,3,12
lccn/sn84024546/1890-08-09,2,18,9,9
lccn/sn84024546/1890-08-11,2,11,7,4
lccn/sn84024546/1889-05-02,2,16,15,1
lccn/sn83045462/1895-02-25,1,0,3,-3
lccn/sn84024546/1890-09-02,2,6,4,2
lccn/sn84024546/1890-09-07,2,27,26,1
lccn/sn84024546/1890-09-08,2,7,2,5
lccn/sn84024546/1890-09-09,2,8,2,6
lccn/sn84024546/1890-09-14,2,17,3,14
lccn/sn84024546/1890-09-17,1,10,11,-1
lccn/sn84024546/1890-09-01,2,7,3,4
lccn/sn84024546/1890-09-04,2,15,2,13
lccn/sn84024546/1890-09-05,1,7,14,-7
lccn/sn84024546/1890-09-06,2,18,4,14
lccn/sn84024546/1890-09-13,2,9,2,7
lccn/sn84024546/1890-09-15,2,16,5,11
lccn/sn84024546/1890-09-16,2,14,7,7
lccn/sn84024546/1890-12-31,2,6,0,6
lccn/sn83045462/1896-06-23,2,10,6,4
lccn/sn83045462/1896-09-17,2,8,2,6
lccn/sn83045462/1895-11-05,2,13,6,7
lccn/sn83045462/1895-09-14,2,10,4,6
lccn/sn84024546/1891-06-15,2,11,3,8
lccn/sn84024546/1891-06-20,2,1,0,1
lccn/sn84024546/1891-06-18,2,7,4,3
lccn/sn84024546/1891-06-25,2,8,6,2
lccn/sn83030214/1921-06-05,1,4,4,0
lccn/sn85058130/1908-07-19,1,1,9,-8
lccn/sn83045462/1896-09-18,2,4,3,1
lccn/sn85058130/1909-04-11,1,1,2,-1
lccn/sn84026844/1881-08-23,1,0,0,0
lccn/sn84026844/1887-04-30,1,0,0,0
lccn/sn84026844/1881-06-20,2,7,3,4
lccn/sn84026844/1887-07-22,2,7,0,7
lccn/sn84026844/1890-02-28,2,15,5,10
lccn/sn83045604/1891-07-06,2,7,5,2
lccn/sn83045604/1891-07-07,1,0,0,0
lccn/sn83045604/1891-07-09,2,7,2,5
lccn/sn85042437/1866-03-26,1,0,0,0
lccn/sn85042437/1866-08-06,1,2,6,-4
lccn/sn85042437/1866-08-07,1,0,4,-4
lccn/sn84026844/1893-08-11,1,4,7,-3
lccn/sn84020274/1902-09-14,2,8,1,7
lccn/sn83025287/1880-06-28,2,5,1,4
lccn/sn84031492/1880-02-14,2,10,4,6
lccn/sn84031492/1880-09-04,1,6,7,-1
lccn/sn84031492/1880-09-12,2,6,5,1
lccn/sn84031492/1880-09-05,2,13,5,8
lccn/sn84020274/1903-04-12,2,14,1,13
lccn/sn83045366/1905-06-09,2,6,3,3
lccn/sn83045366/1902-11-18,2,15,3,12
lccn/sn85058130/1906-02-21,2,14,0,14
lccn/sn85058130/1905-08-20,2,10,3,7
lccn/sn85058130/1905-08-31,1,3,7,-4
lccn/sn85058130/1905-01-05,2,6,2,4
lccn/sn85058130/1906-01-03,2,19,0,19
lccn/sn85058130/1906-06-28,2,10,3,7
lccn/sn85058130/1905-12-23,2,5,3,2
lccn/sn83045555/1909-02-06,1,3,5,-2
lccn/sn83030214/1870-09-01,2,5,3,2
lccn/sn84026847/1870-08-30,1,2,4,-2
lccn/sn85058130/1897-12-18,2,10,8,2
lccn/sn85058130/1898-08-31,2,12,10,2
lccn/sn85058130/1895-12-30,2,55,23,32
lccn/sn84031492/1875-05-01,2,8,6,2
lccn/sn82015753/1861-12-07,1,0,0,0
lccn/sn84026749/1908-08-24,1,4,4,0
lccn/sn83016810/1899-04-29,1,0,1,-1
lccn/sn83016758/1891-05-07,2,7,2,5
lccn/sn84026749/1908-02-10,1,2,8,-6
lccn/sn84026749/1909-07-08,2,16,7,9
lccn/sn84026749/1914-02-14,2,6,4,2
lccn/sn83030214/1884-05-19,1,2,6,-4
lccn/sn83045462/1921-12-19,2,6,4,2
lccn/sn84026749/1913-04-27,1,3,3,0
lccn/sn87076794/1875-03-25,2,6,5,1
lccn/sn85026034/1875-09-24,1,9,15,-6
lccn/sn84026847/1875-07-16,1,2,4,-2
lccn/sn85026241/1869-10-07,2,9,2,7
lccn/sn85026241/1869-10-28,2,6,4,2
lccn/sn85026241/1870-04-21,1,3,10,-7
lccn/sn84023209/1874-07-22,2,9,2,7
lccn/sn85026241/1889-03-14,2,6,4,2
lccn/sn82003410/1854-05-27,1,5,6,-1
lccn/sn83032199/1880-03-10,1,13,14,-1
lccn/sn83045462/1901-07-10,2,2,1,1
lccn/sn83032199/1878-06-26,2,13,10,3
lccn/sn83032199/1878-11-06,2,13,7,6
lccn/sn84031492/1876-09-17,2,8,2,6
lccn/sn83045462/1900-02-09,1,0,1,-1
lccn/sn83045462/1914-03-27,2,6,2,4
lccn/sn83045462/1914-04-04,2,9,1,8
lccn/sn90059522/1884-10-13,2,13,7,6
lccn/sn83045462/1914-05-23,2,18,2,16
lccn/sn83045462/1914-05-25,2,4,3,1
lccn/sn83045462/1914-05-27,2,6,3,3
lccn/sn83045462/1914-05-29,2,9,6,3
lccn/sn83045462/1914-04-01,2,9,2,7
lccn/sn83045462/1914-05-19,2,14,1,13
lccn/sn83045462/1914-05-20,2,18,0,18
lccn/sn83045462/1914-05-30,2,1,0,1
lccn/sn83045462/1914-03-26,2,10,3,7
lccn/sn83045462/1914-03-30,2,10,2,8
lccn/sn83045462/1914-06-02,2,2,1,1
lccn/sn83045462/1914-06-04,2,6,2,4
lccn/sn83045462/1914-06-05,2,11,5,6
lccn/sn98060050/1872-02-09,1,2,5,-3
lccn/sn98060050/1870-10-21,2,4,1,3
lccn/sn83045462/1907-03-06,2,7,3,4
lccn/sn82015483/1886-09-17,2,15,4,11
lccn/sn82015483/1886-09-18,2,15,7,8
lccn/sn82015483/1886-09-20,2,13,1,12
lccn/sn82015483/1886-09-22,2,18,2,16
lccn/sn82015483/1886-09-23,2,15,1,14
lccn/sn82015483/1886-09-25,2,11,5,6
lccn/sn82015483/1886-09-28,2,22,7,15
lccn/sn82015483/1886-09-29,2,14,11,3
lccn/sn82015483/1886-10-04,2,12,2,10
lccn/sn82015483/1886-10-08,2,14,3,11
lccn/sn82015483/1886-10-09,2,15,4,11
lccn/sn82015483/1886-10-11,2,15,4,11
lccn/sn82015483/1886-10-12,2,17,4,13
lccn/sn82015483/1888-02-10,2,9,3,6
lccn/sn82015483/1887-07-08,2,10,6,4
lccn/sn82015483/1886-07-22,2,14,4,10
lccn/sn82015483/1886-07-23,2,6,3,3
lccn/sn82015483/1886-07-24,2,9,4,5
lccn/sn82015483/1886-07-27,2,16,0,16
lccn/sn82015483/1886-07-28,2,17,1,16
lccn/sn82015483/1886-07-30,2,21,2,19
lccn/sn82015483/1886-07-31,2,14,4,10
lccn/sn82015483/1886-08-02,2,6,4,2
lccn/sn82015483/1886-08-03,2,13,1,12
lccn/sn82015483/1886-08-04,2,13,3,10
lccn/sn82015483/1886-08-05,2,10,7,3
lccn/sn82015483/1886-08-06,2,9,5,4
lccn/sn82015483/1886-08-07,2,9,3,6
lccn/sn82015483/1886-08-09,2,10,7,3
lccn/sn82015483/1886-08-10,2,11,4,7
lccn/sn82015483/1886-08-11,2,13,3,10
lccn/sn82015483/1886-08-12,2,9,3,6
lccn/sn82015483/1886-08-13,2,7,4,3
lccn/sn82015483/1886-08-14,2,10,5,5
lccn/sn82015483/1886-08-16,2,11,5,6
lccn/sn82015483/1886-08-19,2,9,5,4
lccn/sn82015483/1886-08-20,2,17,3,14
lccn/sn82015483/1886-08-21,2,13,3,10
lccn/sn82015483/1886-08-24,2,11,2,9
lccn/sn82015483/1887-10-31,2,13,1,12
lccn/sn82015483/1886-09-14,2,9,6,3
lccn/sn82015483/1886-09-15,2,23,10,13
lccn/sn82015483/1886-09-16,2,18,7,11
lccn/sn90061417/1899-11-10,2,15,6,9
lccn/sn90061417/1899-12-01,2,9,2,7
lccn/sn84026749/1903-09-20,1,5,9,-4
lccn/sn84026749/1903-03-13,2,16,3,13
lccn/sn84024735/1845-01-10,1,5,7,-2
lccn/sn84024735/1847-09-10,1,0,0,0
lccn/sn84024735/1845-01-07,2,5,2,3
lccn/sn84024735/1843-12-14,1,2,6,-4
lccn/sn84024735/1851-08-08,2,2,0,2
lccn/sn84024735/1846-03-03,1,3,3,0
lccn/sn83045462/1921-07-27,2,6,1,5
lccn/sn84024735/1842-12-28,2,15,7,8
lccn/sn85058130/1904-12-15,2,8,1,7
lccn/sn86053573/1884-11-12,1,6,10,-4
lccn/sn86053573/1885-09-15,2,13,8,5
lccn/sn82000205/1888-01-11,1,5,6,-1
lccn/sn82000205/1888-03-13,1,3,4,-1
lccn/sn83030213/1842-08-31,1,0,0,0
lccn/sn83030213/1842-08-24,1,0,0,0
lccn/sn83030213/1842-08-25,1,0,0,0
lccn/sn86053573/1884-08-23,1,4,5,-1
lccn/sn83016925/1884-01-09,1,4,4,0
lccn/sn82016187/1885-03-05,2,12,6,6
lccn/sn85058130/1906-07-09,2,10,6,4
lccn/sn82016187/1895-06-13,2,20,2,18
lccn/sn85058130/1908-04-26,1,0,0,0
lccn/sn85058130/1908-06-09,2,12,4,8
lccn/sn85058130/1904-08-28,1,3,5,-2
lccn/sn85058130/1905-05-13,2,5,0,5
lccn/sn82014296/1869-06-11,2,8,5,3
lccn/sn90059028/1883-06-14,2,14,11,3
lccn/sn85033711/1858-09-03,1,3,8,-5
lccn/sn85033711/1858-09-06,1,11,11,0
lccn/sn85038615/1911-01-29,2,16,1,15
lccn/sn83045211/1921-10-03,1,8,9,-1
lccn/sn83045211/1920-09-24,1,5,7,-2
lccn/sn83030273/1920-02-14,1,0,0,0
lccn/sn83030273/1920-02-10,2,5,4,1
lccn/sn83030431/1920-01-17,2,9,2,7
lccn/sn83030431/1920-01-24,1,3,3,0
lccn/sn83030431/1919-12-30,2,3,1,2
lccn/sn83030431/1920-01-13,2,9,3,6
lccn/sn83030431/1920-01-15,2,8,0,8
lccn/sn83030273/1920-08-29,2,18,1,17
lccn/sn83030273/1920-07-21,2,6,0,6
lccn/sn83045160/1881-08-27,2,9,4,5
lccn/sn83045160/1881-08-28,2,10,3,7
lccn/sn83045160/1880-10-17,1,0,2,-2
lccn/sn83045160/1880-10-20,2,26,3,23
lccn/sn83045160/1880-10-26,2,6,0,6
lccn/sn83045160/1880-11-03,2,5,0,5
lccn/sn83045160/1880-10-22,2,14,5,9
lccn/sn83045160/1880-10-24,1,6,9,-3
lccn/sn83045160/1880-10-30,1,4,5,-1
lccn/sn83045160/1880-11-23,2,13,4,9
lccn/sn83045160/1880-11-25,2,15,5,10
lccn/sn83045160/1880-11-28,2,5,0,5
lccn/sn83045160/1880-11-27,2,16,6,10
lccn/sn83045160/1880-11-05,2,11,2,9
lccn/sn83045160/1880-11-11,2,13,2,11
lccn/sn83045160/1880-11-14,2,8,2,6
lccn/sn83045160/1880-11-09,2,7,1,6
lccn/sn83045160/1880-11-13,2,14,3,11
lccn/sn83045160/1880-11-17,2,15,4,11
lccn/sn83045160/1880-11-19,2,8,0,8
lccn/sn87052143/1878-06-15,2,9,2,7
lccn/sn87052143/1882-03-04,2,12,7,5
lccn/sn87052143/1879-05-31,2,19,7,12
lccn/sn87052143/1887-03-05,2,8,4,4
lccn/sn93060412/1888-11-03,1,6,6,0
lccn/sn93060412/1889-10-05,1,0,0,0
lccn/sn93060412/1889-11-30,2,8,4,4
lccn/sn93060412/1888-03-31,2,9,6,3
lccn/sn83025802/1860-11-15,2,12,3,9
lccn/sn83030272/1877-08-26,2,9,2,7
lccn/sn82015679/1891-08-28,2,8,4,4
lccn/sn89064939/1891-04-29,2,5,4,1
lccn/sn89081128/1895-05-22,1,5,6,-1
lccn/sn99021999/1921-01-19,2,4,2,2
lccn/sn85025620/1885-01-15,2,9,7,2
lccn/sn85066387/1896-08-08,2,14,5,9
lccn/sn84027691/1876-02-10,2,15,11,4
lccn/sn85066387/1913-03-21,2,15,4,11
lccn/sn85066387/1913-03-20,2,12,2,10
lccn/sn85066387/1913-03-22,2,9,3,6
lccn/sn83045462/1923-06-05,2,16,8,8
lccn/sn83045462/1923-06-08,2,19,2,17
lccn/sn84026749/1904-04-25,2,11,6,5
lccn/sn87052181/1883-08-11,2,8,3,5
lccn/sn86063662/1881-05-12,1,4,14,-10
lccn/sn90059522/1892-07-27,2,10,5,5
lccn/sn84026749/1904-09-19,1,4,4,0
lccn/sn85038158/1881-02-10,1,1,9,-8
lccn/sn85038158/1878-03-07,1,3,4,-1
lccn/sn85038158/1878-12-05,1,6,7,-1
lccn/sn85038158/1879-12-04,2,3,0,3
lccn/sn89058302/1872-08-22,1,6,6,0
lccn/sn84031490/1863-01-08,1,0,0,0
lccn/sn95047299/1917-07-27,2,9,5,4
lccn/sn83045462/1907-03-08,1,4,5,-1
lccn/sn83045462/1907-03-09,1,2,2,0
lccn/sn83045462/1907-03-12,2,24,5,19
lccn/sn83045462/1907-03-14,2,3,1,2
lccn/sn83045462/1907-03-15,1,0,0,0
lccn/sn83045462/1907-03-16,2,7,2,5
lccn/sn83045462/1907-03-18,2,5,0,5
lccn/sn83045462/1907-03-19,2,4,0,4
lccn/sn83045462/1907-03-20,1,3,6,-3
lccn/sn83045462/1907-03-22,2,4,1,3
lccn/sn83045462/1907-03-26,2,2,1,1
lccn/sn83045462/1907-03-30,1,0,0,0
lccn/sn83045462/1907-04-02,2,4,3,1
lccn/sn83045462/1907-04-06,2,14,5,9
lccn/sn83045462/1907-02-16,2,5,0,5
lccn/sn83045462/1907-02-22,2,13,1,12
lccn/sn83045462/1907-02-23,2,6,0,6
lccn/sn83045462/1907-02-12,2,5,1,4
lccn/sn83045462/1907-02-13,2,8,2,6
lccn/sn83045462/1906-10-03,2,16,3,13
lccn/sn83045462/1906-10-05,1,0,0,0
lccn/sn83045462/1906-09-18,2,7,1,6
lccn/sn83030313/1852-05-04,2,4,3,1
lccn/sn83045462/1858-10-28,2,4,1,3
lccn/sn83045462/1870-06-16,2,10,5,5
lccn/sn83045462/1913-12-17,2,18,6,12
lccn/sn83045462/1913-12-20,2,14,4,10
lccn/sn83045462/1913-12-16,2,6,3,3
lccn/sn83045462/1913-12-22,2,12,2,10
lccn/sn83045462/1913-12-24,2,6,1,5
lccn/sn83045462/1914-01-03,2,8,2,6
lccn/sn83045462/1914-05-05,2,6,2,4
lccn/sn83045462/1914-05-07,2,6,3,3
lccn/sn83045462/1914-05-08,1,3,4,-1
lccn/sn83045462/1914-05-12,1,2,3,-1
lccn/sn83045462/1914-05-13,1,2,2,0
lccn/sn83045462/1914-03-09,2,18,3,15
lccn/sn83045462/1914-03-14,2,12,9,3
lccn/sn83045462/1914-04-28,2,7,0,7
lccn/sn83045462/1914-03-10,2,8,1,7
lccn/sn83045462/1914-03-17,2,7,4,3
lccn/sn83045462/1914-04-27,2,7,2,5
lccn/sn83045462/1914-04-29,1,0,4,-4
lccn/sn83045462/1914-05-06,1,0,0,0
lccn/sn83045462/1914-01-09,2,5,0,5
lccn/sn83045462/1914-01-10,2,11,0,11
lccn/sn83045462/1914-01-19,2,15,7,8
lccn/sn83045462/1914-01-23,2,11,2,9
lccn/sn83045462/1914-02-23,2,7,3,4
lccn/sn83045462/1914-02-28,2,15,1,14
lccn/sn83045462/1914-03-06,2,9,2,7
lccn/sn83045462/1913-11-08,2,11,8,3
lccn/sn83045462/1913-11-13,2,6,3,3
lccn/sn83045462/1913-10-28,2,8,2,6
lccn/sn83045462/1913-12-11,2,11,4,7
lccn/sn83045462/1913-11-09,2,13,7,6
lccn/sn83045462/1913-11-10,2,15,5,10
lccn/sn83045462/1913-11-06,2,8,3,5
lccn/sn83045462/1913-11-01,2,7,5,2
lccn/sn83045462/1913-08-14,2,8,2,6
lccn/sn83045462/1914-01-24,2,15,3,12
lccn/sn83045462/1913-05-13,1,0,0,0
lccn/sn83045462/1914-06-27,2,10,8,2
lccn/sn99021999/1885-09-08,1,6,10,-4
lccn/sn94052989/1891-12-19,2,15,6,9
lccn/sn95047324/1904-06-03,2,5,0,5
lccn/sn95026908/1916-02-10,1,3,5,-2
lccn/sn87062268/1905-04-02,1,9,11,-2
lccn/sn83030313/1869-03-14,1,3,11,-8
lccn/sn83030313/1871-02-09,1,4,14,-10
lccn/sn99021999/1891-05-20,2,8,1,7
lccn/sn99021999/1891-05-22,2,9,1,8
lccn/sn99021999/1891-05-23,2,6,1,5
lccn/sn99021999/1891-05-24,2,10,0,10
lccn/sn99021999/1891-05-26,2,14,0,14
lccn/sn99021999/1897-09-22,2,12,5,7
lccn/sn99021999/1891-06-06,1,22,23,-1
lccn/sn83045462/1909-10-15,2,11,0,11
lccn/sn83045462/1909-10-13,1,4,4,0
lccn/sn83045462/1909-10-16,1,2,2,0
lccn/sn83045462/1908-02-20,2,3,1,2
lccn/sn83045462/1908-03-10,2,4,1,3
lccn/sn83045462/1908-05-09,2,4,1,3
lccn/sn83045462/1908-06-10,2,3,0,3
lccn/sn83045462/1914-07-18,2,3,1,2
lccn/sn83045462/1914-07-22,2,11,3,8
lccn/sn83045462/1892-12-24,2,6,2,4
lccn/sn83045462/1892-12-16,2,13,4,9
lccn/sn83045462/1892-10-13,2,6,1,5
lccn/sn83045462/1893-06-19,2,6,4,2
lccn/sn83030313/1876-12-20,1,0,0,0
lccn/sn83030313/1876-10-05,1,9,14,-5
lccn/sn83030313/1878-12-23,1,4,15,-11
lccn/sn83030313/1877-11-22,2,9,8,1
lccn/sn83030272/1897-02-21,2,14,4,10
lccn/sn83030431/1918-10-08,1,0,2,-2
lccn/sn85042460/1886-03-02,2,7,4,3
lccn/sn85042460/1886-03-03,2,9,6,3
lccn/sn85042460/1886-02-27,2,9,3,6
lccn/sn85042460/1886-07-03,1,2,4,-2
lccn/sn88053046/1889-06-27,2,14,3,11
lccn/sn94052989/1891-10-15,1,7,7,0
lccn/sn84026822/1869-06-03,1,6,9,-3
lccn/sn88053046/1885-10-15,2,10,0,10
lccn/sn94052989/1890-05-18,2,7,6,1
lccn/sn94052989/1891-01-19,2,5,3,2
lccn/sn94052989/1893-04-23,2,7,5,2
lccn/sn94052989/1891-09-19,2,7,5,2
lccn/sn94052989/1891-10-01,1,0,0,0
lccn/sn94052989/1891-10-07,1,5,10,-5
lccn/sn94052989/1891-10-09,1,3,7,-4
lccn/sn94052989/1891-10-12,2,17,2,15
lccn/sn94052989/1891-10-28,1,10,21,-11
lccn/sn94052989/1893-03-18,1,1,3,-2
lccn/sn86086852/1887-11-04,1,0,0,0
lccn/sn83030272/1892-04-23,2,7,2,5
lccn/sn83030272/1888-06-03,1,19,23,-4
lccn/sn83030272/1892-03-27,1,3,5,-2
lccn/sn90059180/1897-04-02,2,17,3,14
lccn/sn83045462/1909-02-25,2,10,3,7
lccn/sn83045462/1909-02-16,1,5,10,-5
lccn/sn83045462/1908-09-03,2,1,0,1
lccn/sn83045462/1908-09-11,1,8,9,-1
lccn/sn84031492/1877-08-22,2,3,1,2
lccn/sn84031492/1876-01-02,2,7,2,5
lccn/sn84031492/1876-02-05,1,5,12,-7
lccn/sn84026749/1918-06-26,2,5,4,1
lccn/sn84031492/1876-09-03,2,9,2,7
lccn/sn99021999/1911-06-30,2,8,1,7
lccn/sn99021999/1911-12-22,2,3,0,3
lccn/sn83030214/1883-08-10,2,7,2,5
lccn/sn83030214/1883-07-29,2,6,2,4
lccn/sn83045462/1873-05-05,1,6,8,-2
lccn/sn83045462/1873-05-12,1,0,0,0
lccn/sn83045462/1873-06-10,2,10,5,5
lccn/sn83045462/1873-08-07,1,1,1,0
lccn/sn83045462/1871-01-27,1,5,11,-6
lccn/sn83045462/1871-06-06,2,11,2,9
lccn/sn83045462/1875-09-11,1,6,7,-1
lccn/sn83045462/1875-09-13,1,4,8,-4
lccn/sn83045462/1875-09-14,2,7,4,3
lccn/sn83045462/1875-09-17,1,3,3,0
lccn/sn83045462/1875-09-18,1,3,3,0
lccn/sn83045462/1875-09-23,2,3,1,2
lccn/sn83045462/1875-09-25,1,2,3,-1
lccn/sn83045462/1875-09-27,2,5,4,1
lccn/sn83045462/1876-04-12,1,2,6,-4
lccn/sn83045462/1885-10-02,2,11,9,2
lccn/sn83045462/1885-11-11,2,2,0,2
lccn/sn83016107/1907-03-01,2,12,10,2
lccn/sn83016107/1900-03-16,1,7,8,-1
lccn/sn83016107/1877-08-24,2,19,5,14
lccn/sn83016107/1878-09-06,2,31,3,28
lccn/sn83016107/1879-04-18,2,17,9,8
lccn/sn83016107/1892-10-21,2,14,2,12
lccn/sn83016107/1892-10-28,2,6,3,3
lccn/sn83016107/1892-11-04,1,0,0,0
lccn/sn83016107/1895-11-08,1,4,9,-5
lccn/sn83016107/1883-05-11,2,14,2,12
lccn/sn83016107/1894-11-23,1,5,10,-5
lccn/sn83016107/1892-09-23,1,7,17,-10
lccn/sn83016107/1892-10-07,2,24,4,20
lccn/sn83016348/1888-02-25,1,5,8,-3
lccn/sn83016348/1891-09-05,1,9,15,-6
lccn/sn83016107/1896-11-06,2,6,1,5
lccn/sn86053571/1868-08-06,1,3,6,-3
lccn/sn84038034/1869-09-02,2,19,4,15
lccn/sn84038034/1865-09-21,1,7,7,0
lccn/sn84038034/1869-02-04,2,9,4,5
lccn/sn86058541/1858-09-02,1,0,0,0
lccn/sn83045462/1906-06-21,2,10,5,5
lccn/sn83045462/1906-06-28,2,6,0,6
lccn/sn83045462/1906-06-27,2,7,6,1
lccn/sn83045462/1906-07-02,2,10,4,6
lccn/sn83045462/1906-06-23,2,16,5,11
lccn/sn83045462/1906-06-29,2,2,1,1
lccn/sn83045462/1906-09-15,2,21,9,12
lccn/sn83045462/1928-12-08,1,0,0,0
lccn/sn83045462/1928-12-15,2,16,1,15
lccn/sn83045462/1928-11-17,1,0,0,0
lccn/sn83045462/1928-11-24,2,13,3,10
lccn/sn83045462/1928-11-28,2,8,7,1
lccn/sn83045462/1926-05-06,2,3,1,2
lccn/sn82015679/1903-01-03,2,11,2,9
lccn/sn82014306/1861-09-18,1,4,6,-2
lccn/sn87056600/1874-12-01,1,7,12,-5
lccn/sn82015677/1847-12-23,2,13,7,6
lccn/sn82015679/1903-07-31,2,7,1,6
lccn/sn82015679/1903-07-29,2,6,4,2
lccn/sn84031492/1881-11-13,2,3,0,3
lccn/sn84031492/1879-07-28,2,6,3,3
lccn/sn84031492/1881-09-17,2,11,4,7
lccn/sn84031492/1881-08-07,1,0,0,0
lccn/sn84031492/1879-08-19,1,4,10,-6
lccn/sn84031492/1879-08-09,2,6,3,3
lccn/sn84031492/1879-08-02,2,12,2,10
lccn/sn84031492/1879-08-06,1,6,10,-4
lccn/sn84031492/1879-07-30,1,2,2,0
lccn/sn83045462/1928-08-16,2,13,0,13
lccn/sn84031492/1881-11-08,2,8,2,6
lccn/sn83045160/1870-08-04,2,2,1,1
lccn/sn83045160/1870-07-31,1,2,4,-2
lccn/sn83045160/1870-07-30,2,11,2,9
lccn/sn83045160/1870-08-01,2,5,2,3
lccn/sn83045160/1870-07-10,1,6,11,-5
lccn/sn83045160/1870-07-11,1,5,8,-3
lccn/sn83045160/1870-07-19,1,3,4,-1
lccn/sn83045160/1870-07-20,2,5,4,1
lccn/sn83045160/1870-07-17,2,4,3,1
lccn/sn83045160/1870-07-18,2,14,9,5
lccn/sn83045160/1870-07-21,1,1,6,-5
lccn/sn83045160/1870-07-22,1,5,8,-3
lccn/sn83045160/1870-07-15,2,6,2,4
lccn/sn83045160/1871-05-29,2,20,2,18
lccn/sn83045160/1872-06-09,2,9,8,1
lccn/sn84026788/1869-08-17,2,9,0,9
lccn/sn83045160/1861-08-10,2,14,4,10
lccn/sn83045160/1862-02-02,1,4,6,-2
lccn/sn83045160/1862-02-05,2,5,2,3
lccn/sn85038180/1880-04-22,1,12,18,-6
lccn/sn83045160/1882-05-30,2,7,2,5
lccn/sn83045462/1934-05-06,2,21,0,21
lccn/sn83045462/1932-09-16,2,14,1,13
lccn/sn83045462/1934-05-04,2,2,1,1
lccn/sn83045462/1932-09-06,2,22,0,22
lccn/sn83045462/1932-07-31,2,22,4,18
lccn/sn83045462/1934-06-28,2,11,2,9
lccn/sn83045462/1934-06-30,2,26,7,19
lccn/sn83045462/1930-07-28,1,0,0,0
lccn/sn83045462/1930-09-11,2,12,0,12
lccn/sn83045462/1930-09-24,2,19,1,18
lccn/sn83045462/1930-09-26,2,15,2,13
lccn/sn83045462/1934-05-20,2,15,7,8
lccn/sn83045462/1930-09-30,2,21,1,20
lccn/sn83045462/1930-09-27,2,12,1,11
lccn/sn83045462/1930-10-01,2,15,2,13
lccn/sn83045462/1930-10-16,2,12,3,9
lccn/sn83045462/1930-10-15,2,14,3,11
lccn/sn83045462/1932-07-09,1,0,0,0
lccn/sn83045462/1930-11-02,2,17,0,17
lccn/sn83045462/1930-11-18,2,13,2,11
lccn/sn83045462/1934-03-27,1,0,0,0
lccn/sn83045462/1934-05-16,2,4,3,1
lccn/sn83045462/1934-05-15,2,13,6,7
lccn/sn83045462/1932-08-27,1,0,0,0
lccn/sn83045462/1934-05-19,1,0,0,0
lccn/sn83016025/1862-12-12,1,0,0,0
lccn/sn87068097/1891-10-07,1,4,12,-8
lccn/sn87068097/1891-10-24,2,10,4,6
lccn/sn87068097/1891-10-27,1,7,9,-2
lccn/sn83045462/1945-07-09,2,15,2,13
lccn/sn86092518/1887-09-16,2,9,6,3
lccn/sn83016025/1862-11-12,2,3,2,1
lccn/sn83045462/1940-09-01,2,14,2,12
lccn/sn83045462/1943-02-24,2,3,2,1
lccn/sn83045462/1940-07-28,1,0,0,0
lccn/sn83045462/1944-07-22,1,0,0,0
lccn/sn83045462/1943-08-01,2,14,1,13
lccn/sn83045462/1943-06-16,2,11,1,10
lccn/sn83045462/1944-07-24,1,7,12,-5
lccn/sn83045462/1944-08-16,2,17,6,11
lccn/sn83045462/1940-05-26,2,14,7,7
lccn/sn83045462/1940-07-21,2,18,5,13
lccn/sn82014134/1859-03-19,2,4,2,2
lccn/sn83009653/1903-05-19,2,1,0,1
lccn/sn83009653/1877-04-24,2,8,6,2
lccn/sn83009653/1896-11-03,2,19,3,16
lccn/sn83009653/1881-11-01,2,9,4,5
lccn/sn83045462/1933-09-14,2,19,5,14
lccn/sn83045462/1933-09-19,2,5,1,4
lccn/sn83045462/1933-09-21,2,12,2,10
lccn/sn83045462/1937-10-14,1,4,5,-1
lccn/sn83045462/1933-09-10,2,9,0,9
lccn/sn83045462/1933-09-17,1,0,0,0
lccn/sn83045462/1937-08-02,1,7,11,-4
lccn/sn83045462/1935-07-27,2,12,2,10
lccn/sn83045462/1935-07-26,2,8,1,7
lccn/sn83045462/1935-07-13,1,0,0,0
lccn/sn83045462/1935-07-12,2,16,0,16
lccn/sn83045462/1931-03-29,2,17,3,14
lccn/sn83045462/1933-03-28,2,5,2,3
lccn/sn83045462/1931-06-14,2,12,0,12
lccn/sn83045462/1931-06-07,2,25,2,23
lccn/sn83045462/1931-11-29,2,23,1,22
lccn/sn83045462/1931-10-25,2,14,1,13
lccn/sn83045462/1929-06-19,1,0,0,0
lccn/sn83045462/1930-12-24,2,7,1,6
lccn/sn83045462/1933-04-16,2,19,1,18
lccn/sn83045462/1929-06-11,1,0,0,0
lccn/sn83045462/1929-06-10,1,1,5,-4
lccn/sn83045462/1929-06-15,2,9,2,7
lccn/sn83045462/1929-12-08,2,16,5,11
lccn/sn83045462/1929-06-13,2,13,0,13
lccn/sn84027096/1858-04-24,2,8,6,2
lccn/sn83045462/1929-06-18,2,6,5,1
lccn/sn83045462/1931-06-18,2,26,2,24
lccn/sn83045462/1933-02-18,1,0,0,0
lccn/sn83045462/1936-05-17,2,14,4,10
lccn/sn83045462/1936-05-17,2,16,0,16
lccn/sn83045462/1936-05-31,2,24,10,14
lccn/sn83045462/1936-04-26,2,13,1,12
lccn/sn83045462/1936-04-19,2,14,6,8
lccn/sn83045462/1936-05-02,2,17,3,14
lccn/sn83045462/1932-05-14,2,9,1,8
lccn/sn83045462/1932-05-17,2,8,3,5
lccn/sn83045462/1932-05-18,2,14,1,13
lccn/sn83045462/1932-05-19,2,9,1,8
lccn/sn83045462/1932-05-22,2,16,0,16
lccn/sn83045462/1932-06-18,2,8,0,8
lccn/sn83045462/1932-06-20,2,29,2,27
lccn/sn83045462/1935-03-26,1,0,0,0
lccn/sn83045462/1931-12-05,2,13,1,12
lccn/sn83045462/1932-06-22,2,18,0,18
lccn/sn83045462/1932-01-30,2,7,0,7
lccn/sn83045462/1932-04-02,2,5,2,3
lccn/sn83045462/1931-12-20,2,12,1,11
lccn/sn84038485/1875-02-18,1,8,14,-6
lccn/sn84038485/1874-10-01,2,10,2,8
lccn/sn83045462/1932-05-23,2,7,0,7
lccn/sn83045462/1932-05-28,1,0,0,0
lccn/sn83045462/1932-06-04,2,10,0,10
lccn/sn87058351/1867-12-06,1,2,2,0
lccn/sn87058351/1868-03-20,1,4,13,-9
lccn/sn83045462/1929-10-13,2,18,1,17
lccn/sn83045462/1930-04-06,2,12,4,8
lccn/sn83045462/1929-09-26,2,9,5,4
lccn/sn83045462/1930-03-22,1,0,0,0
lccn/sn83045462/1929-05-31,1,0,0,0
lccn/sn83045462/1929-07-20,1,0,0,0
lccn/sn83045462/1929-07-11,1,0,0,0
lccn/sn83045462/1929-07-25,2,5,3,2
lccn/sn83045462/1929-07-06,2,6,2,4
lccn/sn83045462/1930-02-26,2,12,0,12
lccn/sn83016025/1889-12-31,2,10,8,2
lccn/sn85025007/1856-09-01,2,4,1,3
lccn/sn85025007/1857-02-12,2,7,1,6
lccn/sn87068097/1891-09-18,1,8,10,-2
lccn/sn83009653/1907-06-25,2,4,3,1
lccn/sn83045462/1939-05-29,2,10,1,9
lccn/sn83045462/1939-01-15,2,10,0,10
lccn/sn84022046/1876-08-31,2,4,3,1
lccn/sn84022046/1875-10-21,2,16,3,13
lccn/sn83045462/1939-05-08,2,11,1,10
lccn/sn83045462/1939-02-05,2,25,5,20
lccn/sn92056106/1877-02-28,1,8,10,-2
lccn/sn83045462/1943-10-28,2,17,0,17
lccn/sn83016025/1876-01-07,2,12,6,6
lccn/sn83045462/1943-10-23,2,3,0,3
lccn/sn83045462/1944-01-25,2,10,2,8
lccn/sn83045462/1944-01-24,2,14,0,14
lccn/sn83016025/1877-09-25,1,0,0,0
lccn/sn83016025/1877-09-29,2,3,0,3
lccn/sn83016025/1877-09-22,2,1,0,1
lccn/sn83016025/1877-09-24,2,4,1,3
lccn/sn83016025/1877-09-20,2,3,1,2
lccn/sn83016025/1877-09-21,1,6,8,-2
lccn/sn83016025/1877-09-26,2,5,2,3
lccn/sn83016025/1877-09-27,1,0,0,0
lccn/sn83016025/1877-09-18,2,12,2,10
lccn/sn83016025/1877-09-19,2,11,2,9
lccn/sn83016025/1877-09-15,2,3,2,1
lccn/sn83016025/1877-09-17,1,0,0,0
lccn/sn83016025/1877-09-13,2,2,1,1
lccn/sn83016025/1877-09-14,1,0,0,0
lccn/sn83016025/1877-09-10,2,11,6,5
lccn/sn83016025/1877-09-12,2,13,7,6
lccn/sn83016025/1877-09-11,1,0,0,0
lccn/sn83016025/1877-04-14,2,13,5,8
lccn/sn83016025/1885-03-02,2,6,5,1
lccn/sn83016025/1881-10-12,1,6,9,-3
lccn/sn83016025/1876-01-31,2,5,1,4
lccn/sn83016025/1876-01-26,2,11,1,10
lccn/sn83016025/1876-01-27,2,12,0,12
lccn/sn83016025/1876-01-25,2,11,1,10
lccn/sn83016025/1876-02-05,2,19,5,14
lccn/sn83016025/1876-02-03,2,13,1,12
lccn/sn83016025/1876-01-28,2,9,3,6
lccn/sn83045462/1944-01-23,2,16,1,15
lccn/sn85025570/1874-10-08,2,11,7,4
lccn/sn83045462/1947-06-16,2,3,2,1
lccn/sn83045462/1938-11-02,2,21,1,20
lccn/sn83045462/1947-08-06,2,9,1,8
lccn/sn83045462/1939-01-02,1,0,0,0
lccn/sn83045462/1938-12-29,1,0,0,0
lccn/sn83045462/1938-11-06,2,4,2,2
lccn/sn83045462/1946-11-13,2,18,0,18
lccn/sn83045462/1947-09-11,2,10,0,10
lccn/sn83045462/1948-05-09,2,14,2,12
lccn/sn85025570/1891-05-07,2,8,2,6
lccn/sn83045462/1929-06-22,1,0,0,0
lccn/sn83045462/1929-06-29,1,0,0,0
lccn/sn83045462/1929-06-25,2,13,1,12
lccn/sn83045462/1931-01-30,2,10,5,5
lccn/sn83045462/1931-01-31,2,6,1,5
lccn/sn83045462/1931-01-27,2,12,0,12
lccn/sn83045462/1931-09-30,2,13,2,11
lccn/sn83045462/1931-01-19,2,13,0,13
lccn/sn83045462/1931-01-15,2,13,1,12
lccn/sn83045462/1931-01-13,2,11,0,11
lccn/sn83045462/1931-01-17,2,10,5,5
lccn/sn83045462/1931-01-24,2,11,3,8
lccn/sn83045462/1931-01-23,2,17,6,11
lccn/sn83045462/1931-01-26,2,9,0,9
lccn/sn83045462/1931-01-29,2,14,2,12
lccn/sn83045462/1929-06-16,2,9,0,9
lccn/sn83045462/1931-11-01,2,11,1,10
lccn/sn83045462/1933-07-23,1,0,0,0
lccn/sn83016025/1886-06-04,2,10,6,4
lccn/sn83016025/1886-09-14,2,8,5,3
lccn/sn83016025/1886-09-15,1,2,3,-1
lccn/sn83016025/1886-09-21,2,21,19,2
lccn/sn83016025/1886-09-22,2,9,3,6
lccn/sn83016025/1886-09-30,2,27,9,18
lccn/sn83016025/1886-10-09,2,5,4,1
lccn/sn83016025/1886-09-23,2,14,5,9
lccn/sn83016025/1886-10-07,2,12,4,8
lccn/sn83016025/1886-07-07,1,4,5,-1
lccn/sn83016025/1886-07-10,2,17,4,13
lccn/sn83016025/1886-07-12,2,14,2,12
lccn/sn83016025/1886-07-13,1,10,12,-2
lccn/sn83016025/1886-07-14,2,8,5,3
lccn/sn83016025/1885-09-12,2,5,2,3
lccn/sn83016025/1886-09-07,1,4,6,-2
lccn/sn83016025/1888-05-03,1,13,16,-3
lccn/sn83016025/1883-12-04,2,12,7,5
lccn/sn83032103/1866-03-03,2,8,1,7
lccn/sn85025570/1879-10-09,1,3,4,-1
lccn/sn85025570/1880-07-29,1,5,6,-1
lccn/sn83016025/1889-04-29,2,17,6,11
lccn/sn83016025/1889-05-30,2,14,7,7
lccn/sn83016025/1889-05-18,1,6,9,-3
lccn/sn85040451/1913-12-24,1,2,3,-1
lccn/sn85025007/1848-07-10,2,7,2,5
lccn/sn85025007/1848-08-02,2,6,3,3
lccn/sn85025007/1848-07-28,2,19,0,19
lccn/sn82015137/1882-08-25,2,3,2,1
lccn/sn82015137/1883-01-13,1,3,8,-5
lccn/sn85025007/1848-04-18,2,12,1,11
lccn/sn78000873/1885-03-26,1,19,19,0
lccn/sn83016368/1900-06-30,2,4,1,3
lccn/sn83016368/1900-07-07,2,11,5,6
lccn/sn83016368/1906-10-13,1,4,4,0
lccn/sn83016368/1908-08-22,2,16,4,12
lccn/sn83016368/1908-08-29,2,37,17,20
lccn/sn83045462/1941-10-22,2,11,1,10
lccn/sn84027718/1874-10-09,2,14,3,11
lccn/sn83016368/1909-05-22,2,14,9,5
lccn/sn83016368/1908-11-14,2,6,5,1
lccn/sn83016368/1887-06-18,2,7,0,7
lccn/sn83016368/1887-09-17,2,3,1,2
lccn/sn83045462/1936-01-27,2,10,0,10
lccn/sn83045462/1942-09-17,2,16,1,15
lccn/sn83045462/1941-12-14,2,15,2,13
lccn/sn83045462/1942-01-03,1,1,1,0
lccn/sn83045462/1941-09-22,2,19,0,19
lccn/sn83045462/1941-11-21,2,24,5,19
lccn/sn83045462/1941-12-21,2,8,0,8
lccn/sn83045462/1941-09-23,2,14,1,13
lccn/sn78000873/1875-04-15,1,4,5,-1
lccn/sn83016368/1887-10-08,2,11,7,4
lccn/sn83016025/1898-10-18,1,2,3,-1
lccn/sn83016025/1898-10-10,1,0,0,0
lccn/sn83016025/1898-03-21,2,6,4,2
lccn/sn86063034/1891-08-03,2,10,7,3
lccn/sn83045462/1950-08-15,2,24,3,21
lccn/sn83045462/1950-08-19,2,9,2,7
lccn/sn83045462/1950-11-05,1,2,4,-2
lccn/sn83045462/1950-11-04,2,3,2,1
lccn/sn83045462/1950-11-19,2,18,2,16
lccn/sn83045462/1950-12-24,2,8,6,2
lccn/sn83009653/1892-08-09,1,0,0,0
lccn/sn83045462/1948-11-13,2,12,7,5
lccn/sn83045462/1949-01-30,2,8,7,1
lccn/sn83016025/1870-01-25,1,4,4,0
lccn/sn83016025/1871-04-04,1,0,3,-3
lccn/sn83016025/1870-04-05,1,7,8,-1
lccn/sn83016025/1874-09-25,2,12,4,8
lccn/sn83016025/1874-09-26,1,0,0,0
lccn/sn83016025/1874-09-28,2,6,1,5
lccn/sn83016025/1874-09-29,2,12,3,9
lccn/sn83016025/1874-09-30,2,2,0,2
lccn/sn83016025/1874-10-03,1,11,15,-4
lccn/sn83016025/1874-10-07,2,18,3,15
lccn/sn83016025/1874-10-08,2,7,5,2
lccn/sn83045462/1950-10-15,2,10,2,8
lccn/sn83045462/1949-01-22,2,9,4,5
lccn/sn83016025/1874-10-01,1,0,0,0
lccn/sn83016025/1874-10-02,2,11,6,5
lccn/sn83016025/1874-12-05,2,15,4,11
lccn/sn87068097/1895-01-03,1,0,0,0
lccn/sn87068097/1894-03-10,2,9,1,8
lccn/sn83016689/1915-05-12,2,8,5,3
lccn/sn82015679/1898-08-06,2,12,1,11
lccn/sn82015679/1898-08-04,2,12,3,9
lccn/sn82014282/1859-06-15,1,3,4,-1
lccn/sn82014282/1859-03-09,2,10,8,2
lccn/sn82014282/1859-04-27,1,0,0,0
lccn/sn82014282/1859-05-04,1,3,4,-1
lccn/sn82014282/1859-06-22,1,6,6,0
lccn/sn82014282/1859-05-18,2,8,4,4
lccn/sn82014282/1859-05-25,2,7,4,3
lccn/sn82014282/1859-06-01,2,8,6,2
lccn/sn82014282/1859-02-02,2,15,6,9
lccn/sn82014282/1859-02-09,2,4,3,1
lccn/sn82014282/1859-01-19,2,6,4,2
lccn/sn82015679/1897-09-18,2,10,5,5
lccn/sn82015679/1897-09-07,1,0,0,0
lccn/sn83025730/1868-08-14,1,4,6,-2
lccn/sn83045462/1936-06-21,2,17,1,16
lccn/sn83045462/1936-06-20,2,22,6,16
lccn/sn83045462/1936-06-06,2,15,3,12
lccn/sn83045462/1937-02-12,2,9,0,9
lccn/sn83045462/1937-02-15,2,12,2,10
lccn/sn83045462/1939-10-06,1,2,2,0
lccn/sn83045462/1937-01-16,1,4,6,-2
lccn/sn83045462/1936-09-24,2,16,2,14
lccn/sn83045462/1936-09-24,1,0,0,0
lccn/sn83045462/1936-09-11,2,20,3,17
lccn/sn83045462/1936-08-22,2,10,1,9
lccn/sn83045462/1936-09-10,2,15,1,14
lccn/sn83045462/1936-09-23,2,22,11,11
lccn/sn83045462/1936-09-25,2,8,1,7
lccn/sn83045462/1936-04-18,1,0,0,0
lccn/sn83045462/1936-05-03,2,8,4,4
lccn/sn83045462/1936-05-10,2,12,2,10
lccn/sn83045462/1936-05-09,2,9,1,8
lccn/sn83045462/1937-02-10,2,8,1,7
lccn/sn83045462/1939-08-19,2,7,1,6
lccn/sn83045462/1939-08-17,2,11,2,9
lccn/sn83045462/1937-02-16,2,10,4,6
lccn/sn83045462/1939-10-22,2,11,0,11
lccn/sn83045462/1939-10-19,2,17,3,14
lccn/sn83045462/1937-02-11,2,14,4,10
lccn/sn83045462/1939-10-21,2,11,3,8
lccn/sn83045462/1936-05-16,2,13,2,11
lccn/sn83045462/1938-04-17,2,13,0,13
lccn/sn83045462/1942-01-25,2,12,2,10
lccn/sn83045462/1942-02-08,2,10,0,10
lccn/sn83045462/1938-05-08,2,9,1,8
lccn/sn83045462/1942-02-23,2,8,0,8
lccn/sn83045462/1942-02-28,2,15,0,15
lccn/sn83045462/1942-02-24,1,0,0,0
lccn/sn83045462/1941-01-11,2,20,2,18
lccn/sn83045462/1942-03-29,2,19,0,19
lccn/sn83045462/1942-03-29,2,22,3,19
lccn/sn83045462/1938-06-05,1,3,7,-4
lccn/sn83045462/1938-05-29,2,15,0,15
lccn/sn83045462/1938-06-12,2,16,1,15
lccn/sn83045462/1942-04-08,2,11,0,11
lccn/sn83045462/1942-04-05,2,10,1,9
lccn/sn83045462/1942-02-01,2,20,1,19
lccn/sn83045462/1938-08-03,2,8,0,8
lccn/sn83045462/1942-06-25,2,16,0,16
lccn/sn83045462/1942-06-24,2,18,2,16
lccn/sn83045462/1942-06-28,2,7,0,7
lccn/sn83045462/1942-06-26,1,0,0,0
lccn/sn83045462/1938-08-18,2,16,1,15
lccn/sn83045462/1938-08-16,2,10,0,10
lccn/sn86092518/1884-04-25,2,11,3,8
lccn/sn86092518/1882-11-24,1,8,11,-3
lccn/sn86092518/1882-01-28,1,1,6,-5
lccn/sn86092518/1879-07-18,2,18,5,13
lccn/sn83045462/1942-03-27,2,10,3,7
lccn/sn83045462/1942-02-07,1,0,0,0
lccn/sn83045462/1938-05-22,2,25,2,23
lccn/sn83045462/1942-03-28,2,17,4,13
lccn/sn83045462/1938-06-19,2,17,7,10
lccn/sn83045462/1938-09-20,2,9,0,9
lccn/sn83045462/1938-09-23,2,23,2,21
lccn/sn83045462/1938-10-09,2,18,3,15
lccn/sn83045462/1949-10-02,2,22,0,22
lccn/sn83045462/1950-10-08,2,20,1,19
lccn/sn83045462/1950-08-24,2,18,4,14
lccn/sn83045462/1950-08-23,2,8,2,6
lccn/sn83045462/1950-08-13,2,31,3,28
lccn/sn83045462/1950-09-02,2,13,1,12
lccn/sn83045462/1950-10-01,2,9,2,7
lccn/sn83045462/1949-02-21,2,14,6,8
lccn/sn85040749/1918-05-07,2,10,5,5
lccn/sn83045462/1947-01-31,2,14,1,13
lccn/sn83045462/1950-05-27,2,6,3,3
lccn/sn83045462/1946-04-09,2,7,3,4
lccn/sn83045462/1950-09-01,1,3,7,-4
lccn/sn83045462/1946-01-22,2,10,2,8
lccn/sn83045462/1941-03-14,2,3,1,2
lccn/sn83045462/1941-07-20,2,11,4,7
lccn/sn83016025/1865-02-21,2,15,14,1
lccn/sn83045462/1941-06-08,2,12,1,11
lccn/sn83016025/1882-10-05,2,15,3,12
lccn/sn83016025/1883-04-17,1,0,0,0
lccn/sn84026784/1875-09-25,2,6,3,3
lccn/sn83025241/1854-01-12,1,4,6,-2
lccn/sn83016750/1854-01-14,2,5,4,1
lccn/sn91059394/1882-08-10,1,5,8,-3
lccn/sn91059394/1882-02-09,2,9,4,5
lccn/sn82015313/1928-03-19,2,3,1,2
lccn/sn85042354/1921-02-22,2,11,2,9
lccn/sn84022374/1889-09-05,2,4,2,2
lccn/sn84022374/1870-09-29,2,3,1,2
lccn/sn84024718/1855-06-20,1,5,17,-12
lccn/sn84024718/1855-06-27,2,13,2,11
lccn/sn84024718/1855-05-30,2,12,11,1
lccn/sn91059392/1889-05-23,2,4,2,2
lccn/sn84024718/1859-07-19,2,13,4,9
lccn/sn84024718/1859-07-26,2,6,3,3
lccn/sn84024718/1859-08-02,2,13,2,11
lccn/sn84024718/1859-08-09,2,12,3,9
lccn/sn84024718/1859-08-16,2,11,2,9
lccn/sn84024718/1859-08-23,2,8,5,3
lccn/sn84024718/1859-08-30,2,18,3,15
lccn/sn84024718/1859-09-06,1,4,4,0
lccn/sn84024718/1857-07-01,2,24,5,19
lccn/sn84024718/1859-09-13,1,4,8,-4
lccn/sn84024718/1859-09-20,2,5,1,4
lccn/sn84024718/1859-09-27,1,2,3,-1
lccn/sn84024718/1859-10-04,2,4,3,1
lccn/sn82015313/1935-11-30,2,3,0,3
lccn/sn84022374/1882-11-23,2,8,6,2
lccn/sn84022374/1887-04-21,1,2,6,-4
lccn/sn84022374/1891-10-08,2,12,5,7
lccn/sn82015313/1923-02-17,1,8,8,0
lccn/sn91064011/1914-07-23,1,0,0,0
lccn/sn84027329/1882-10-05,2,14,4,10
lccn/sn84027329/1878-06-06,2,5,3,2
lccn/sn84027329/1877-08-09,2,13,2,11
lccn/sn91064011/1915-04-24,2,3,2,1
lccn/sn87068079/1890-10-23,1,0,0,0
lccn/sn87068079/1885-05-21,1,3,6,-3
lccn/sn87058308/1885-10-01,2,13,5,8
lccn/sn87058308/1888-05-31,2,10,5,5
lccn/sn87058308/1888-09-27,2,16,1,15
lccn/sn87058308/1886-12-02,2,15,4,11
lccn/sn87058308/1886-10-07,2,15,9,6
lccn/sn87058308/1890-01-02,2,6,0,6
lccn/sn87058308/1890-02-06,1,14,20,-6
lccn/sn87058308/1893-11-23,1,7,8,-1
lccn/sn87058308/1892-05-19,2,10,2,8
lccn/sn82014248/1892-01-04,2,9,1,8
lccn/sn82014248/1892-10-19,2,14,8,6
lccn/sn82014248/1892-05-25,1,4,4,0
lccn/sn97065762/1885-12-19,1,0,0,0
lccn/sn84024326/1923-02-13,1,4,17,-13
lccn/sn97065763/1909-02-20,1,3,8,-5
lccn/sn88063294/1943-08-04,2,5,4,1
lccn/sn88063294/1943-02-10,1,3,3,0
lccn/sn88063294/1941-06-20,1,4,4,0
lccn/sn87068079/1903-04-16,1,1,1,0
lccn/sn87068079/1901-01-17,2,9,5,4
lccn/sn87068079/1900-02-01,1,3,7,-4
lccn/sn82014248/1889-06-28,1,3,3,0
lccn/sn82014248/1889-12-31,1,4,5,-1
lccn/sn82014248/1890-05-13,2,27,5,22
lccn/sn82014248/1890-03-22,1,3,4,-1
lccn/sn82014248/1890-10-30,2,6,4,2
lccn/sn82014248/1891-12-02,2,5,1,4
lccn/sn88063294/1942-11-24,2,11,5,6
lccn/sn85040614/1909-08-13,1,3,3,0
lccn/sn89053706/1888-09-11,2,16,7,9
lccn/sn84022565/1891-07-30,1,3,8,-5
lccn/sn83016025/1869-06-14,1,5,7,-2
lccn/sn85034360/1859-05-23,2,5,1,4
lccn/sn96075050/1917-04-12,1,4,4,0
lccn/sn90051167/1890-06-13,1,10,10,0
lccn/sn89053706/1898-11-14,2,12,4,8
lccn/sn89053706/1898-05-16,1,1,5,-4
lccn/sn85035801/1898-03-29,2,9,4,5
lccn/sn84020422/1875-09-08,2,8,3,5
lccn/sn85035801/1908-09-15,1,10,15,-5
lccn/sn85035801/1909-04-13,1,7,11,-4
lccn/sn85035801/1909-01-12,1,6,9,-3
lccn/sn85035801/1909-02-02,2,8,1,7
lccn/sn85035801/1906-01-16,2,4,1,3
lccn/sn85035801/1907-01-29,1,5,9,-4
lccn/sn85035801/1910-05-03,2,9,6,3
lccn/sn85035801/1910-01-11,2,5,2,3
lccn/sn85035801/1909-09-07,2,4,3,1
lccn/sn86090947/1919-04-25,2,15,8,7
lccn/sn99068116/1889-05-23,1,10,15,-5
lccn/sn89053713/1924-03-29,1,11,11,0
lccn/sn89053713/1924-04-15,1,1,6,-5
lccn/sn89053713/1923-12-01,2,25,5,20
lccn/sn89053713/1924-10-30,2,10,5,5
lccn/sn85033123/1868-01-23,2,22,14,8
lccn/sn85040309/1859-08-18,2,8,6,2
lccn/sn99068116/1886-12-02,2,6,3,3
lccn/sn89053729/1913-11-01,2,9,4,5
lccn/sn89053729/1913-10-21,2,6,0,6
lccn/sn89053729/1913-10-27,2,21,3,18
lccn/sn89053729/1913-10-20,2,5,4,1
lccn/sn89053729/1913-10-21,1,1,2,-1
lccn/sn84024707/1878-11-21,2,11,5,6
lccn/sn84024707/1881-12-08,1,4,11,-7
lccn/sn84024707/1879-09-18,2,8,6,2
lccn/sn82014248/1901-01-04,2,7,3,4
lccn/sn85033255/1880-10-07,2,32,1,31
lccn/sn85033255/1880-10-14,1,3,8,-5
lccn/sn82014248/1905-03-25,1,0,4,-4
lccn/sn84024652/1855-06-30,1,0,0,0
lccn/sn84024652/1855-07-07,1,0,0,0
lccn/sn84024652/1855-07-14,1,0,0,0
lccn/sn84024652/1855-06-02,2,5,2,3
lccn/sn84024652/1855-06-16,2,19,1,18
lccn/sn84024652/1855-06-23,2,5,4,1
lccn/sn84024653/1873-09-05,2,15,5,10
lccn/sn84024653/1860-07-27,1,5,5,0
lccn/sn84024653/1860-07-20,2,10,1,9
lccn/sn84024653/1860-08-24,1,0,3,-3
lccn/sn96027384/1859-08-12,2,7,1,6
lccn/sn96027384/1859-08-19,2,7,1,6
lccn/sn96027384/1859-08-26,2,6,2,4
lccn/sn96027384/1859-09-02,2,6,2,4
lccn/sn85026214/1867-04-21,2,14,8,6
lccn/sn85026214/1875-02-14,2,12,6,6
lccn/sn85026214/1875-04-18,1,0,0,0
lccn/sn85026214/1865-06-18,2,24,1,23
lccn/sn85033133/1882-06-15,2,14,5,9
lccn/sn83030364/1857-07-12,2,14,7,7
lccn/sn88071311/1885-05-24,1,4,8,-4
lccn/sn83045433/1908-02-16,2,6,5,1
lccn/sn83030272/1903-08-31,1,2,2,0
lccn/sn83030272/1903-03-08,2,5,1,4
lccn/sn83030272/1910-03-01,2,3,2,1
lccn/sn82014064/1869-10-03,2,5,4,1
lccn/sn84026749/1908-04-27,2,9,1,8
lccn/sn83030272/1904-10-23,1,5,5,0
lccn/sn83030272/1902-02-08,1,5,6,-1
lccn/sn82014064/1868-04-29,2,5,2,3
lccn/sn83045433/1906-12-07,2,9,0,9
lccn/sn83045433/1906-11-18,2,5,3,2
lccn/sn83045433/1906-11-28,2,6,0,6
lccn/sn83045433/1906-11-30,2,5,2,3
lccn/sn83045433/1906-12-02,2,11,7,4
lccn/sn83045433/1906-11-15,2,4,1,3
lccn/sn84024441/1900-11-15,1,2,3,-1
lccn/sn83045555/1900-06-27,1,11,20,-9
lccn/sn85058130/1903-09-01,2,5,1,4
lccn/sn84026749/1908-05-10,2,6,2,4
lccn/sn84026749/1908-04-12,2,10,2,8
lccn/sn84026749/1908-05-15,2,6,3,3
lccn/sn84024735/1850-11-01,2,9,7,2
lccn/sn83030272/1904-07-03,2,5,3,2
lccn/sn85040614/1901-12-21,2,8,4,4
lccn/sn83030272/1897-09-25,1,1,1,0
lccn/sn83045462/1923-11-10,2,4,0,4
lccn/sn83045462/1923-12-05,2,3,0,3
lccn/sn83045462/1923-12-06,2,9,3,6
lccn/sn83045462/1923-12-09,1,2,2,0
lccn/sn83045462/1923-11-09,2,3,2,1
lccn/sn85066387/1909-08-08,2,10,4,6
lccn/sn83045462/1889-02-05,2,8,5,3
lccn/sn83045462/1889-03-28,1,3,9,-6
lccn/sn83045462/1888-10-20,1,1,9,-8
lccn/sn83030272/1887-01-04,2,15,7,8
lccn/sn83045433/1908-06-29,2,17,5,12
lccn/sn83045433/1909-07-18,2,10,3,7
lccn/sn83045433/1908-06-12,1,1,5,-4
lccn/sn83045433/1909-05-23,2,5,2,3
lccn/sn86053572/1870-02-17,2,5,3,2
lccn/sn83045433/1909-08-05,2,9,1,8
lccn/sn83045433/1909-08-08,2,18,6,12
lccn/sn83045433/1909-03-07,1,3,5,-2
lccn/sn83045433/1909-03-14,2,19,1,18
lccn/sn83045433/1909-08-28,2,25,2,23
lccn/sn83045433/1909-04-07,2,8,2,6
lccn/sn83045433/1909-07-09,2,5,0,5
lccn/sn83045433/1909-07-17,2,13,3,10
lccn/sn83045462/1890-09-24,2,7,3,4
lccn/sn83045462/1890-10-08,2,11,3,8
lccn/sn83045462/1890-10-21,1,1,3,-2
lccn/sn83045462/1916-06-10,2,4,1,3
lccn/sn82014064/1870-10-08,2,7,4,3
lccn/sn83045462/1875-06-23,2,7,0,7
lccn/sn83045462/1912-06-21,2,6,1,5
lccn/sn86063615/1899-01-24,2,8,2,6
lccn/sn83030272/1899-06-11,2,9,4,5
lccn/sn84026749/1906-01-14,1,0,0,0
lccn/sn83030214/1884-01-08,1,0,0,0
lccn/sn84024441/1900-10-24,2,2,0,2
lccn/sn99021999/1900-07-10,1,0,0,0
lccn/sn83045604/1889-08-17,2,3,1,2
lccn/sn85058130/1902-03-31,2,5,4,1
lccn/sn83045211/1918-12-02,1,3,5,-2
lccn/sn85058130/1901-08-31,2,7,6,1
lccn/sn85058130/1901-11-02,2,3,2,1
lccn/sn85058130/1901-11-10,2,31,8,23
lccn/sn85058130/1902-01-31,2,8,7,1
lccn/sn85058130/1902-02-25,1,9,18,-9
lccn/sn83016925/1885-06-10,2,18,2,16
lccn/sn83030214/1893-04-08,2,7,1,6
lccn/sn83045433/1908-03-01,1,5,18,-13
lccn/sn83045433/1908-02-16,1,7,7,0
lccn/sn83030313/1873-09-09,2,13,6,7
lccn/sn85058130/1905-09-10,2,15,1,14
lccn/sn83030213/1857-03-25,1,0,0,0
lccn/sn82014064/1872-05-28,2,11,3,8
lccn/sn82014064/1872-06-05,2,8,3,5
lccn/sn82014064/1871-07-07,1,11,14,-3
lccn/sn83045462/1912-09-21,2,8,3,5
lccn/sn84024735/1857-12-08,2,5,1,4
lccn/sn84024735/1858-06-25,1,0,0,0
lccn/sn84024735/1857-08-18,1,0,0,0
lccn/sn83045462/1921-09-25,2,4,2,2
lccn/sn83045555/1903-02-16,2,2,1,1
lccn/sn83030214/1900-05-27,2,3,0,3
lccn/sn86053572/1872-02-07,1,6,7,-1
lccn/sn84026749/1906-09-23,2,7,0,7
lccn/sn83045462/1922-12-17,2,15,1,14
lccn/sn84026749/1906-12-28,1,2,6,-4
lccn/sn84026749/1906-07-07,1,7,13,-6
lccn/sn84026749/1906-09-22,1,2,6,-4
lccn/sn84026749/1906-08-15,1,4,8,-4
lccn/sn84026749/1906-09-24,1,5,7,-2
lccn/sn84026749/1906-09-26,1,13,24,-11
lccn/sn86053573/1873-05-28,2,8,1,7
lccn/sn83045462/1915-08-16,2,10,0,10
lccn/sn83045462/1915-06-03,2,6,2,4
lccn/sn83045462/1916-09-17,2,22,3,19
lccn/sn83045462/1917-01-25,2,10,1,9
lccn/sn83045462/1917-01-26,2,3,0,3
lccn/sn83045462/1917-03-09,1,1,1,0
lccn/sn84026409/1896-03-18,1,4,7,-3
lccn/sn84026409/1896-04-29,1,4,6,-2
lccn/sn83045462/1887-11-05,1,3,7,-4
lccn/sn83045462/1887-11-07,1,4,5,-1
lccn/sn83045462/1887-10-27,2,14,8,6
lccn/sn83045462/1887-10-28,1,0,3,-3
lccn/sn83045462/1887-10-31,2,22,3,19
lccn/sn83045462/1887-11-03,1,3,7,-4
lccn/sn83045462/1887-09-16,2,6,4,2
lccn/sn83045462/1887-10-22,2,7,4,3
lccn/sn83045462/1887-10-24,2,2,0,2
lccn/sn83045462/1887-11-01,2,4,0,4
lccn/sn83045462/1888-05-26,2,8,5,3
lccn/sn83045462/1887-11-16,2,6,3,3
lccn/sn83045462/1887-11-14,2,4,0,4
lccn/sn83045462/1887-11-15,2,16,1,15
lccn/sn83045462/1887-11-16,2,5,4,1
lccn/sn83045462/1887-12-24,2,11,4,7
lccn/sn83045462/1887-11-10,2,18,1,17
lccn/sn83045462/1887-11-12,2,11,1,10
lccn/sn83045462/1887-11-02,2,6,2,4
lccn/sn83030272/1910-04-01,1,2,6,-4
lccn/sn83030214/1903-01-11,2,2,0,2
lccn/sn84031492/1877-09-01,2,20,11,9
lccn/sn83045462/1908-01-25,2,5,2,3
lccn/sn94052989/1891-05-13,2,14,11,3
lccn/sn87055779/1921-12-13,2,15,3,12
lccn/sn85030221/1885-11-12,1,2,10,-8
lccn/sn83045433/1910-03-01,2,7,2,5
lccn/sn99021999/1922-03-29,2,8,2,6
lccn/sn84026749/1908-04-26,2,9,3,6
lccn/sn83045462/1898-09-10,1,3,8,-5
lccn/sn83045462/1897-09-01,1,2,4,-2
lccn/sn85058130/1902-07-18,1,2,8,-6
lccn/sn85058130/1902-07-21,1,4,4,0
lccn/sn83045433/1907-07-19,2,9,6,3
lccn/sn85058130/1904-05-15,1,4,6,-2
lccn/sn83045433/1907-10-07,2,7,2,5
lccn/sn83045433/1907-05-10,2,9,7,2
lccn/sn83045433/1907-04-27,2,11,7,4
lccn/sn85058130/1902-07-23,1,5,8,-3
lccn/sn85058130/1902-07-24,2,14,0,14
lccn/sn85058130/1902-07-27,2,13,4,9
lccn/sn85058130/1902-07-29,2,9,1,8
lccn/sn85058130/1902-07-30,1,4,11,-7
lccn/sn85058130/1902-05-31,1,2,5,-3
lccn/sn85058130/1903-05-25,2,10,4,6
lccn/sn85058130/1903-05-27,2,16,7,9
lccn/sn85058130/1903-11-23,1,4,7,-3
lccn/sn83045462/1910-10-25,2,5,0,5
lccn/sn83045462/1910-10-24,2,4,1,3
lccn/sn83045462/1910-10-08,1,0,0,0
lccn/sn83045462/1911-07-25,2,7,2,5
lccn/sn84024738/1883-07-20,1,0,0,0
lccn/sn83030272/1905-04-02,2,13,3,10
lccn/sn83030272/1905-01-29,1,5,8,-3
lccn/sn83045462/1927-05-06,2,13,1,12
lccn/sn84026853/1884-12-03,2,10,3,7
lccn/sn83030272/1909-09-19,2,3,1,2
lccn/sn83030272/1909-08-19,1,6,9,-3
lccn/sn83030272/1909-11-25,1,2,7,-5
lccn/sn83030272/1909-11-28,1,1,3,-2
lccn/sn83030272/1909-11-21,1,4,8,-4
lccn/sn83030272/1910-01-03,1,2,5,-3
lccn/sn83030272/1908-07-12,2,12,8,4
lccn/sn83030272/1908-01-02,1,4,8,-4
lccn/sn83045462/1927-09-22,2,20,3,17
lccn/sn90059522/1885-05-24,2,15,2,13
lccn/sn98060050/1890-12-26,1,7,12,-5
lccn/sn98060050/1888-05-04,2,7,6,1
lccn/sn86072143/1884-04-25,2,10,6,4
lccn/sn82014064/1867-12-08,2,27,15,12
lccn/sn82014064/1868-03-06,1,6,8,-2
lccn/sn83045462/1884-09-16,2,5,3,2
lccn/sn83045462/1884-01-22,1,0,0,0
lccn/sn83045462/1882-12-27,1,5,17,-12
lccn/sn82014511/1859-11-26,1,10,10,0
lccn/sn82014064/1867-12-19,2,2,0,2
lccn/sn85058130/1900-03-11,1,2,6,-4
lccn/sn85058130/1900-03-16,1,7,18,-11
lccn/sn83030214/1881-02-10,2,9,8,1
lccn/sn85058130/1900-05-12,2,6,0,6
lccn/sn85058130/1900-05-20,1,3,4,-1
lccn/sn85058130/1900-06-30,1,3,3,0
lccn/sn85058130/1901-01-25,1,3,9,-6
lccn/sn85058130/1900-12-29,2,23,10,13
lccn/sn85058130/1900-08-24,2,8,4,4
lccn/sn85058130/1900-08-26,2,5,3,2
lccn/sn85058130/1901-02-21,2,7,3,4
lccn/sn83045462/1890-10-13,1,5,11,-6
lccn/sn84024441/1901-10-16,1,1,3,-2
lccn/sn85058130/1902-05-20,1,3,3,0
lccn/sn85058130/1902-08-29,2,14,7,7
lccn/sn85058130/1902-07-31,1,2,10,-8
lccn/sn85058130/1902-08-01,2,8,1,7
lccn/sn85058130/1902-08-04,2,8,0,8
lccn/sn85058130/1902-08-18,1,4,9,-5
lccn/sn85058130/1902-08-21,2,15,4,11
lccn/sn85058130/1902-12-20,2,19,10,9
lccn/sn85058130/1907-06-02,1,3,6,-3
lccn/sn86053573/1887-05-21,1,9,12,-3
lccn/sn83030214/1906-08-25,1,0,0,0
lccn/sn86053573/1875-06-23,2,14,13,1
lccn/sn86053573/1876-04-25,1,0,0,0
lccn/sn86053573/1875-11-09,2,10,4,6
lccn/sn83045555/1900-08-27,2,6,4,2
lccn/sn83045555/1901-03-19,1,3,8,-5
lccn/sn83045555/1903-03-02,1,7,8,-1
lccn/sn83045555/1903-02-20,1,5,20,-15
lccn/sn83045555/1899-12-08,1,4,5,-1
lccn/sn83045555/1902-02-22,1,1,2,-1
lccn/sn83045555/1902-02-11,1,4,6,-2
lccn/sn83045211/1917-06-04,1,3,3,0
lccn/sn85058130/1909-02-14,2,7,1,6
lccn/sn94052989/1892-04-24,2,18,8,10
lccn/sn94052989/1893-07-02,2,7,2,5
lccn/sn94052989/1893-07-09,1,0,0,0
lccn/sn83045462/1911-05-25,2,9,2,7
lccn/sn83045462/1911-05-29,2,5,3,2
lccn/sn83045462/1911-05-26,2,6,1,5
lccn/sn83045462/1911-05-30,2,12,2,10
lccn/sn85058140/1910-10-22,1,3,3,0
lccn/sn85058140/1910-10-28,2,7,2,5
lccn/sn85058140/1909-08-20,2,9,1,8
lccn/sn85058140/1909-08-21,2,8,1,7
lccn/sn85058140/1909-08-18,2,4,1,3
lccn/sn85058130/1908-08-09,2,6,4,2
lccn/sn85058130/1905-08-27,2,8,2,6
lccn/sn85058130/1905-01-11,1,2,3,-1
lccn/sn85058130/1905-09-27,1,5,6,-1
lccn/sn85058130/1905-06-20,2,19,15,4
lccn/sn85058130/1905-11-21,1,0,0,0
lccn/sn85058130/1905-06-01,1,4,6,-2
lccn/sn85058130/1905-06-02,2,6,5,1
lccn/sn84026749/1908-05-05,2,4,3,1
lccn/sn84026749/1909-07-14,2,6,2,4
lccn/sn84026749/1909-07-16,2,6,2,4
lccn/sn84026749/1909-07-20,1,3,5,-2
lccn/sn84024441/1902-01-09,1,3,3,0
lccn/sn84026749/1909-07-19,1,10,26,-16
lccn/sn84026749/1909-07-12,2,11,6,5
lccn/sn84031492/1876-09-17,2,23,2,21
lccn/sn83045462/1900-06-21,1,2,2,0
lccn/sn83045462/1913-10-21,2,9,5,4
lccn/sn83045462/1888-11-10,1,1,4,-3
lccn/sn84026749/1904-01-11,1,9,13,-4
lccn/sn84026749/1903-02-20,2,11,3,8
lccn/sn85058130/1904-04-03,2,4,2,2
lccn/sn85058130/1904-04-23,1,3,4,-1
lccn/sn85058130/1904-03-10,1,7,9,-2
lccn/sn85058130/1904-11-05,2,8,5,3
lccn/sn85058130/1905-04-12,1,2,7,-5
lccn/sn85058130/1905-04-23,1,2,2,0
lccn/sn85058130/1908-05-24,2,11,8,3
lccn/sn85058130/1908-06-08,2,5,2,3
lccn/sn90059028/1883-10-11,1,2,4,-2
lccn/sn83045462/1885-05-30,2,9,0,9
lccn/sn83045462/1885-06-13,2,4,3,1
lccn/sn83045462/1907-11-24,2,9,2,7
lccn/sn83045462/1923-03-25,2,4,1,3
lccn/sn83045462/1923-01-21,2,9,0,9
lccn/sn84027691/1879-04-10,2,9,2,7
lccn/sn83045462/1923-08-16,2,10,5,5
lccn/sn83045462/1923-05-05,2,9,2,7
lccn/sn84026749/1907-01-18,1,5,5,0
lccn/sn83045462/1907-05-16,1,0,0,0
lccn/sn83045462/1907-05-17,1,0,0,0
lccn/sn83045462/1907-05-19,1,0,0,0
lccn/sn83045462/1907-05-20,1,0,0,0
lccn/sn83045462/1906-12-08,2,5,0,5
lccn/sn83045462/1917-08-04,2,2,0,2
lccn/sn95026908/1916-04-27,2,8,0,8
lccn/sn83045462/1908-05-12,1,0,0,0
lccn/sn84031490/1862-07-08,2,11,8,3
lccn/sn94052989/1891-09-15,1,8,11,-3
lccn/sn94052989/1891-10-01,2,8,6,2
lccn/sn94052989/1893-05-09,2,11,3,8
lccn/sn83045462/1908-11-16,1,5,5,0
lccn/sn83030214/1922-09-27,2,3,2,1
lccn/sn82014064/1865-03-14,2,6,4,2
lccn/sn82014064/1864-11-30,1,0,0,0
lccn/sn82014064/1865-08-31,1,4,5,-1
lccn/sn82014064/1865-05-19,1,2,2,0
lccn/sn83045462/1871-06-16,1,4,6,-2
lccn/sn83030272/1907-01-31,1,6,7,-1
lccn/sn84024735/1850-09-10,1,3,4,-1
lccn/sn83045462/1906-08-18,1,0,0,0
lccn/sn83045462/1906-08-20,1,0,0,0
lccn/sn83045462/1905-07-30,1,0,0,0
lccn/sn83045462/1905-08-01,1,0,0,0
lccn/sn83045462/1905-08-02,2,14,3,11
lccn/sn83045462/1926-09-26,2,10,4,6
lccn/sn83045462/1926-09-19,2,13,2,11
lccn/sn82015679/1900-12-12,2,9,6,3
lccn/sn83045462/1928-06-30,2,10,0,10
lccn/sn84026403/1874-10-30,1,4,7,-3
lccn/sn83045462/1934-05-05,1,2,4,-2
lccn/sn83045462/1934-06-24,2,5,1,4
lccn/sn83045462/1932-12-11,2,11,1,10
lccn/sn83045462/1934-09-23,2,13,0,13
lccn/sn83045462/1932-12-31,1,0,0,0
lccn/sn83045462/1933-01-08,1,0,0,0
lccn/sn83045462/1932-10-29,2,18,2,16
lccn/sn83045462/1930-07-09,2,14,0,14
lccn/sn83045462/1932-09-27,2,21,4,17
lccn/sn83045462/1943-08-13,1,0,0,0
lccn/sn83045462/1945-07-26,2,14,0,14
lccn/sn83045462/1945-06-30,2,16,1,15
lccn/sn83045462/1945-06-27,2,11,1,10
lccn/sn83045462/1945-08-04,2,16,0,16
lccn/sn83045462/1945-08-03,2,27,2,25
lccn/sn83045462/1945-08-20,2,25,2,23
lccn/sn83045462/1945-08-21,2,23,1,22
lccn/sn83045462/1945-02-25,2,16,2,14
lccn/sn83045462/1945-06-19,2,4,0,4
lccn/sn83045462/1945-06-17,2,10,4,6
lccn/sn83045462/1945-07-01,2,6,4,2
lccn/sn83045462/1945-07-03,2,26,1,25
lccn/sn83045462/1945-07-04,2,14,0,14
lccn/sn83045462/1945-07-02,2,18,0,18
lccn/sn83045462/1945-08-30,2,9,0,9
lccn/sn83045462/1945-08-31,2,7,0,7
lccn/sn83045462/1945-08-02,2,19,2,17
lccn/sn83045462/1945-08-05,2,12,2,10
lccn/sn83045462/1945-05-13,2,14,0,14
lccn/sn83045462/1945-05-16,2,21,1,20
lccn/sn83045462/1945-03-25,2,12,1,11
lccn/sn83045462/1945-06-04,2,2,0,2
lccn/sn83045462/1945-06-20,2,20,1,19
lccn/sn83045462/1945-06-20,2,7,1,6
lccn/sn83045462/1945-05-20,2,11,1,10
lccn/sn83045462/1945-05-23,2,12,1,11
lccn/sn83045462/1945-06-03,2,17,5,12
lccn/sn83045462/1945-06-15,2,9,1,8
lccn/sn83045462/1940-09-28,2,7,0,7
lccn/sn83045462/1940-09-22,2,5,1,4
lccn/sn83045462/1940-09-15,2,5,3,2
lccn/sn83045462/1940-08-18,1,0,0,0
lccn/sn83045462/1940-06-22,2,13,1,12
lccn/sn83045462/1940-06-09,1,0,0,0
lccn/sn83045462/1944-05-26,2,16,1,15
lccn/sn83045462/1943-05-06,2,11,2,9
lccn/sn83045462/1944-05-21,2,10,0,10
lccn/sn83045462/1944-05-24,1,0,0,0
lccn/sn83045462/1944-05-20,2,13,2,11
lccn/sn83045462/1944-05-22,2,8,1,7
lccn/sn83045462/1943-07-11,1,0,0,0
lccn/sn83045462/1944-08-14,2,13,1,12
lccn/sn83045462/1943-07-10,1,0,0,0
lccn/sn83045462/1944-09-10,2,14,2,12
lccn/sn83045462/1943-07-17,2,13,0,13
lccn/sn83045462/1943-02-21,2,13,2,11
lccn/sn83045462/1944-06-25,1,0,0,0
lccn/sn83045462/1943-05-14,2,8,0,8
lccn/sn83045462/1943-06-15,1,0,0,0
lccn/sn83045462/1943-06-14,2,6,4,2
lccn/sn83045462/1944-06-13,2,13,2,11
lccn/sn83045462/1944-06-12,2,12,0,12
lccn/sn83045462/1944-06-11,2,19,2,17
lccn/sn83045462/1944-08-19,2,11,0,11
lccn/sn83045462/1943-08-12,2,5,1,4
lccn/sn83045462/1944-10-10,2,10,1,9
lccn/sn83045462/1944-10-01,2,24,0,24
lccn/sn83045462/1943-02-14,2,7,2,5
lccn/sn83045462/1943-02-07,2,8,1,7
lccn/sn83045462/1942-11-14,2,15,3,12
lccn/sn83045462/1942-12-12,1,0,0,0
lccn/sn83045462/1943-09-12,2,13,9,4
lccn/sn83045462/1944-10-15,2,24,3,21
lccn/sn83045462/1943-09-16,2,26,1,25
lccn/sn83045462/1944-10-24,2,11,1,10
lccn/sn83045462/1935-08-25,2,15,0,15
lccn/sn83045462/1935-08-18,2,8,1,7
lccn/sn83045462/1937-08-19,2,9,1,8
lccn/sn83045462/1937-08-18,2,7,0,7
lccn/sn83045462/1937-07-24,2,4,0,4
lccn/sn83045462/1937-07-11,2,10,1,9
lccn/sn83045462/1933-10-22,2,13,2,11
lccn/sn83045462/1933-10-23,2,4,2,2
lccn/sn83045462/1935-09-01,2,5,4,1
lccn/sn83045462/1937-10-30,2,23,0,23
lccn/sn83045462/1933-10-01,1,0,0,0
lccn/sn83045462/1933-11-01,2,7,0,7
lccn/sn83045462/1933-11-12,2,12,4,8
lccn/sn83045462/1937-06-29,2,8,1,7
lccn/sn83045462/1935-09-30,2,7,0,7
lccn/sn83045462/1937-09-29,2,8,1,7
lccn/sn83045462/1937-10-09,2,4,1,3
lccn/sn83045462/1937-09-12,1,0,0,0
lccn/sn83045462/1937-09-15,1,0,0,0
lccn/sn83045462/1937-09-20,1,0,0,0
lccn/sn83045462/1937-07-18,2,12,2,10
lccn/sn83045462/1937-11-05,1,0,0,0
lccn/sn83045462/1937-11-03,2,23,10,13
lccn/sn83045462/1933-05-21,2,8,0,8
lccn/sn83045462/1933-05-14,1,0,0,0
lccn/sn83045462/1933-05-28,2,14,0,14
lccn/sn83045462/1933-06-03,2,9,3,6
lccn/sn83045462/1933-04-01,1,0,0,0
lccn/sn83045462/1933-01-21,1,0,0,0
lccn/sn83045462/1933-04-26,1,0,0,0
lccn/sn83045462/1933-04-25,2,3,0,3
lccn/sn83045462/1937-06-09,2,3,0,3
lccn/sn83045462/1935-03-17,2,17,3,14
lccn/sn83045462/1932-03-20,2,7,3,4
lccn/sn83045462/1934-10-07,2,10,3,7
lccn/sn83045462/1934-10-14,2,9,5,4
lccn/sn83045462/1929-10-06,2,10,1,9
lccn/sn85040451/1898-10-12,2,16,3,13
lccn/sn83016025/1890-05-09,1,4,7,-3
lccn/sn83045462/1939-01-21,2,6,2,4
lccn/sn83045462/1939-01-14,2,13,1,12
lccn/sn83045462/1939-02-04,2,4,1,3
lccn/sn83045462/1939-07-31,2,8,1,7
lccn/sn83045462/1939-06-25,2,7,5,2
lccn/sn83045462/1939-05-01,2,4,1,3
lccn/sn83045462/1939-02-10,2,13,2,11
lccn/sn83045462/1941-08-17,2,8,0,8
lccn/sn83045462/1944-03-14,1,0,0,0
lccn/sn83045462/1944-03-19,2,13,0,13
lccn/sn83045462/1944-04-09,2,11,0,11
lccn/sn83045462/1944-01-26,1,0,0,0
lccn/sn83045462/1943-12-12,2,21,3,18
lccn/sn83045462/1943-10-24,1,0,1,-1
lccn/sn83045462/1944-03-05,2,17,1,16
lccn/sn83045462/1944-03-22,2,5,1,4
lccn/sn83045462/1944-01-27,1,0,0,0
lccn/sn83045462/1944-01-28,2,10,3,7
lccn/sn83045462/1944-02-07,2,10,1,9
lccn/sn83045462/1947-06-08,2,12,3,9
lccn/sn83045462/1947-06-08,2,11,1,10
lccn/sn83045462/1946-06-30,2,2,0,2
lccn/sn83045462/1946-06-29,2,10,0,10
lccn/sn83045462/1947-05-20,2,13,0,13
lccn/sn83045462/1947-06-17,1,0,0,0
lccn/sn83045462/1942-05-31,2,4,1,3
lccn/sn83045462/1947-08-10,2,10,3,7
lccn/sn83045462/1946-08-26,2,8,0,8
lccn/sn83045462/1946-08-30,2,7,2,5
lccn/sn83045462/1946-08-27,1,0,0,0
lccn/sn83045462/1946-08-04,2,8,0,8
lccn/sn83045462/1946-08-04,2,7,1,6
lccn/sn83045462/1946-04-29,2,9,5,4
lccn/sn83045462/1947-04-03,1,0,0,0
lccn/sn83045462/1947-04-03,2,6,2,4
lccn/sn83045462/1947-04-01,2,9,0,9
lccn/sn83045462/1947-04-01,2,14,0,14
lccn/sn83045462/1947-04-05,2,18,1,17
lccn/sn83045462/1947-04-06,2,28,4,24
lccn/sn83045462/1947-04-06,2,8,0,8
lccn/sn83045462/1947-04-08,2,6,2,4
lccn/sn83045462/1947-04-20,2,9,1,8
lccn/sn83045462/1939-01-12,2,7,3,4
lccn/sn83045462/1947-09-14,2,16,2,14
lccn/sn83045462/1948-05-23,2,7,3,4
lccn/sn83045462/1948-09-12,2,19,2,17
lccn/sn83045462/1948-08-29,2,13,0,13
lccn/sn83045462/1948-09-05,2,5,1,4
lccn/sn83045462/1948-09-09,2,35,4,31
lccn/sn83045462/1948-09-10,2,4,2,2
lccn/sn83045462/1946-11-13,2,6,2,4
lccn/sn83045462/1946-12-10,2,9,2,7
lccn/sn83045462/1946-12-07,2,15,0,15
lccn/sn83045462/1946-12-08,2,20,0,20
lccn/sn83045462/1946-12-13,2,12,0,12
lccn/sn83045462/1946-10-26,2,13,5,8
lccn/sn83045462/1946-12-29,2,22,3,19
lccn/sn83045462/1946-12-30,2,6,1,5
lccn/sn83045462/1946-12-22,2,11,6,5
lccn/sn83045462/1947-01-04,2,12,2,10
lccn/sn83045462/1948-06-13,2,8,0,8
lccn/sn83045462/1948-05-30,2,14,3,11
lccn/sn83045462/1948-05-30,2,15,1,14
lccn/sn83045462/1947-09-07,2,4,0,4
lccn/sn83045462/1947-09-10,2,14,1,13
lccn/sn83045462/1947-09-03,2,13,4,9
lccn/sn83045462/1947-09-02,2,11,1,10
lccn/sn83045462/1947-09-11,2,12,2,10
lccn/sn83045462/1948-05-16,2,13,3,10
lccn/sn83045462/1948-07-25,2,14,1,13
lccn/sn83045462/1948-08-01,2,16,2,14
lccn/sn83045462/1948-04-11,2,8,1,7
lccn/sn83045462/1948-05-28,2,13,2,11
lccn/sn83045462/1947-10-11,2,20,2,18
lccn/sn83045462/1947-08-28,2,13,3,10
lccn/sn83045462/1947-09-04,2,10,0,10
lccn/sn83045462/1947-09-05,2,19,0,19
lccn/sn83045462/1948-05-19,2,8,0,8
lccn/sn83045462/1948-05-18,1,0,0,0
lccn/sn83045462/1948-05-17,2,7,3,4
lccn/sn83045462/1947-09-13,2,9,1,8
lccn/sn83045462/1947-09-14,2,11,1,10
lccn/sn83045462/1947-09-19,2,20,0,20
lccn/sn83045462/1946-09-17,2,9,1,8
lccn/sn83045462/1948-04-21,2,2,1,1
lccn/sn83045462/1947-01-16,2,18,1,17
lccn/sn83045462/1947-01-05,2,8,0,8
lccn/sn83045462/1947-01-10,2,8,1,7
lccn/sn83045462/1947-01-18,2,11,3,8
lccn/sn83045462/1947-01-06,2,18,1,17
lccn/sn83045462/1947-01-06,2,18,4,14
lccn/sn83045462/1947-01-05,2,17,1,16
lccn/sn83045462/1947-01-14,2,4,1,3
lccn/sn83045462/1947-01-14,1,0,0,0
lccn/sn83045462/1947-01-15,2,9,0,9
lccn/sn83016025/1891-11-28,2,13,5,8
lccn/sn83045462/1931-09-30,1,0,0,0
lccn/sn83045462/1931-01-11,2,11,2,9
lccn/sn83045462/1933-06-04,2,7,1,6
lccn/sn83045462/1933-01-22,2,13,2,11
lccn/sn83045462/1933-01-30,1,0,0,0
lccn/sn83045462/1933-08-05,1,0,0,0
lccn/sn83045462/1933-08-02,2,8,0,8
lccn/sn83045462/1933-06-07,1,0,0,0
lccn/sn83045462/1933-06-13,1,0,0,0
lccn/sn83045462/1933-07-09,1,0,0,0
lccn/sn83045462/1933-06-09,1,0,0,0
lccn/sn83045462/1933-06-20,1,0,0,0
lccn/sn83045462/1933-06-21,2,11,1,10
lccn/sn83045462/1933-06-19,1,0,0,0
lccn/sn83045462/1933-06-17,2,15,1,14
lccn/sn78000873/1885-08-27,2,9,7,2
lccn/sn78000873/1888-04-05,2,3,1,2
lccn/sn78000873/1885-07-30,2,10,6,4
lccn/sn78000873/1883-12-13,1,3,3,0
lccn/sn83045462/1941-10-19,2,15,5,10
lccn/sn83045462/1941-09-07,2,10,1,9
lccn/sn83045462/1942-09-09,2,10,1,9
lccn/sn83045462/1942-10-04,2,11,0,11
lccn/sn83045462/1942-09-13,2,10,1,9
lccn/sn83045462/1942-09-17,1,0,0,0
lccn/sn83045462/1941-09-23,2,17,0,17
lccn/sn83045462/1942-07-15,1,0,0,0
lccn/sn83045462/1942-07-17,2,6,0,6
lccn/sn83045462/1942-08-21,2,10,0,10
lccn/sn83045462/1942-08-22,2,7,3,4
lccn/sn83016368/1882-08-26,1,3,11,-8
lccn/sn83045462/1942-08-01,2,11,2,9
lccn/sn83045462/1942-07-22,2,8,0,8
lccn/sn83045462/1949-09-29,2,20,2,18
lccn/sn83045462/1950-08-10,2,8,6,2
lccn/sn83045462/1950-08-07,1,0,0,0
lccn/sn83045462/1950-08-06,2,10,0,10
lccn/sn83045462/1949-11-20,2,16,1,15
lccn/sn83045462/1950-11-17,2,14,7,7
lccn/sn83045462/1950-10-29,2,5,2,3
lccn/sn83045462/1950-10-22,2,10,4,6
lccn/sn83045462/1950-10-27,2,8,0,8
lccn/sn83045462/1950-12-18,2,15,1,14
lccn/sn83045462/1949-01-10,2,9,0,9
lccn/sn83045462/1949-01-03,1,0,0,0
lccn/sn83045462/1948-11-27,1,0,0,0
lccn/sn83045462/1948-11-21,2,15,4,11
lccn/sn83045462/1948-11-28,2,12,5,7
lccn/sn83045462/1948-12-20,1,3,3,0
lccn/sn83045462/1949-01-02,2,7,3,4
lccn/sn83045462/1949-01-04,2,10,0,10
lccn/sn83045462/1949-01-16,1,0,0,0
lccn/sn83045462/1949-01-17,1,0,0,0
lccn/sn83045462/1940-01-16,1,0,0,0
lccn/sn83045462/1937-06-06,1,0,0,0
lccn/sn83045462/1939-10-03,2,8,1,7
lccn/sn83045462/1936-08-01,2,13,4,9
lccn/sn83045462/1937-02-07,2,10,0,10
lccn/sn83045462/1936-10-24,2,11,1,10
lccn/sn83045462/1936-10-17,1,0,0,0
lccn/sn83045462/1939-11-04,2,10,1,9
lccn/sn83045462/1937-05-08,1,0,0,0
lccn/sn83045462/1937-05-02,2,10,3,7
lccn/sn83045462/1937-05-01,1,0,0,0
lccn/sn83045462/1937-01-14,2,5,0,5
lccn/sn83045462/1935-06-08,1,0,0,0
lccn/sn83045462/1937-06-23,2,7,3,4
lccn/sn83045462/1936-08-16,2,8,3,5
lccn/sn83045462/1936-11-29,2,10,2,8
lccn/sn83045462/1939-11-19,2,17,2,15
lccn/sn83045462/1937-02-28,2,11,3,8
lccn/sn83045462/1939-08-20,2,17,5,12
lccn/sn83045462/1937-01-17,1,0,0,0
lccn/sn83045462/1939-10-14,2,6,1,5
lccn/sn83045462/1938-04-10,2,5,0,5
lccn/sn83045462/1938-04-15,2,16,1,15
lccn/sn83045462/1938-03-13,2,9,2,7
lccn/sn83045462/1938-04-08,1,0,0,0
lccn/sn83045462/1941-01-30,1,0,0,0
lccn/sn83045462/1938-05-14,1,0,0,0
lccn/sn83045462/1938-02-15,2,10,5,5
lccn/sn83045462/1942-05-23,2,12,3,9
lccn/sn83045462/1938-03-17,2,13,3,10
lccn/sn83045462/1942-05-08,1,0,0,0
lccn/sn83045462/1942-06-14,2,20,0,20
lccn/sn83045462/1938-08-24,2,14,2,12
lccn/sn83045462/1940-09-20,1,2,3,-1
lccn/sn83045462/1940-09-14,2,13,0,13
lccn/sn83045462/1942-04-21,2,18,1,17
lccn/sn83045462/1938-04-14,2,11,0,11
lccn/sn83045462/1938-03-15,1,0,0,0
lccn/sn83045462/1938-09-10,1,0,0,0
lccn/sn83045462/1950-06-04,2,25,1,24
lccn/sn83045462/1950-07-11,2,7,0,7
lccn/sn83045462/1950-07-12,2,11,3,8
lccn/sn83045462/1950-10-06,2,12,1,11
lccn/sn83045462/1949-12-21,2,12,0,12
lccn/sn83045462/1950-09-17,2,18,1,17
lccn/sn83045462/1950-01-15,2,12,2,10
lccn/sn83045462/1950-10-09,2,13,4,9
lccn/sn83045462/1950-01-28,2,6,1,5
lccn/sn83045462/1948-08-31,2,9,1,8
lccn/sn83045462/1948-07-29,1,0,0,0
lccn/sn83045462/1948-08-02,2,8,2,6
lccn/sn83045462/1948-07-26,2,26,4,22
lccn/sn83045462/1948-07-23,2,11,2,9
lccn/sn83045462/1948-07-24,2,14,1,13
lccn/sn83045462/1950-02-19,2,14,0,14
lccn/sn83045462/1950-02-24,2,17,2,15
lccn/sn83045462/1950-03-05,2,17,0,17
lccn/sn83045462/1950-03-15,2,3,1,2
lccn/sn83045462/1948-09-30,2,11,1,10
lccn/sn83045462/1948-10-09,2,11,4,7
lccn/sn83045462/1948-10-08,2,10,1,9
lccn/sn83045462/1948-10-10,2,15,1,14
lccn/sn83045462/1948-10-28,2,7,1,6
lccn/sn83045462/1948-10-30,2,8,0,8
lccn/sn83045462/1950-09-29,2,10,1,9
lccn/sn83045462/1949-11-27,2,13,1,12
lccn/sn83045462/1950-08-31,2,14,2,12
lccn/sn83045462/1950-09-02,2,13,1,12
lccn/sn83045462/1950-09-30,2,10,2,8
lccn/sn83045462/1950-03-16,2,11,2,9
lccn/sn83045462/1950-02-21,2,11,1,10
lccn/sn83045462/1950-03-27,2,16,1,15
lccn/sn83045462/1949-04-09,2,10,4,6
lccn/sn83045462/1949-03-22,2,14,3,11
lccn/sn83045462/1949-03-25,2,8,3,5
lccn/sn83045462/1949-03-23,2,16,0,16
lccn/sn83045462/1949-06-20,2,10,2,8
lccn/sn83045462/1949-06-10,2,16,4,12
lccn/sn83045462/1949-06-04,2,6,2,4
lccn/sn83045462/1947-10-16,2,18,1,17
lccn/sn83045462/1947-10-15,2,15,0,15
lccn/sn83045462/1947-10-14,2,12,1,11
lccn/sn83045462/1947-12-19,2,11,0,11
lccn/sn83045462/1947-12-18,2,11,3,8
lccn/sn83045462/1947-12-17,2,9,1,8
lccn/sn83045462/1947-12-22,2,10,0,10
lccn/sn83045462/1947-12-08,1,0,0,0
lccn/sn83045462/1947-11-29,2,11,0,11
lccn/sn83045462/1947-11-29,2,13,1,12
lccn/sn83045462/1947-12-03,2,5,0,5
lccn/sn83045462/1947-11-21,2,5,1,4
lccn/sn83045462/1947-11-25,2,16,2,14
lccn/sn83045462/1947-12-01,1,0,0,0
lccn/sn83045462/1947-11-30,2,11,2,9
lccn/sn83045462/1949-06-09,1,0,0,0
lccn/sn83045462/1947-10-12,2,16,2,14
lccn/sn83045462/1948-01-16,2,11,3,8
lccn/sn83045462/1948-01-02,2,6,1,5
lccn/sn83045462/1947-11-12,2,8,1,7
lccn/sn83045462/1947-01-12,2,16,1,15
lccn/sn83045462/1947-01-12,2,8,0,8
lccn/sn83045462/1947-01-09,2,11,1,10
lccn/sn83045462/1947-02-18,2,19,2,17
lccn/sn83045462/1947-02-16,2,3,2,1
lccn/sn83045462/1947-02-14,2,15,4,11
lccn/sn83045462/1947-02-09,2,13,3,10
lccn/sn83045462/1947-03-29,2,15,2,13
lccn/sn83045462/1947-03-05,2,6,3,3
lccn/sn83045462/1947-03-31,2,15,2,13
lccn/sn83045462/1948-03-10,2,11,1,10
lccn/sn83045462/1948-02-03,2,10,0,10
lccn/sn83045462/1948-02-03,2,7,2,5
lccn/sn83045462/1948-02-02,1,0,0,0
lccn/sn83045462/1948-02-02,2,5,1,4
lccn/sn83045462/1948-02-14,2,6,0,6
lccn/sn83045462/1950-05-14,2,6,1,5
lccn/sn83045462/1948-03-30,1,0,0,0
lccn/sn83045462/1948-03-14,1,0,0,0
lccn/sn83045462/1948-03-20,2,21,4,17
lccn/sn83045462/1948-03-19,2,20,0,20
lccn/sn83045462/1948-01-28,2,13,1,12
lccn/sn83045462/1948-01-23,2,14,0,14
lccn/sn83045462/1948-01-31,2,6,0,6
lccn/sn83045462/1948-01-31,1,0,0,0
lccn/sn83045462/1948-01-30,1,0,0,0
lccn/sn83045462/1948-01-27,2,6,0,6
lccn/sn83045462/1948-01-25,2,9,1,8
lccn/sn83045462/1948-01-26,2,7,1,6
lccn/sn83045462/1948-01-19,2,9,0,9
lccn/sn83045462/1950-04-28,2,14,1,13
lccn/sn83045462/1950-04-29,2,10,0,10
lccn/sn83045462/1949-08-07,2,13,2,11
lccn/sn83045462/1950-04-30,2,13,2,11
lccn/sn83045462/1949-08-09,2,17,2,15
lccn/sn83045462/1950-05-06,1,6,7,-1
lccn/sn83045462/1949-08-10,2,11,1,10
lccn/sn83045462/1950-05-03,2,14,2,12
lccn/sn83045462/1950-05-07,1,0,0,0
lccn/sn83045462/1949-08-18,2,16,2,14
lccn/sn83045462/1949-08-17,2,15,4,11
lccn/sn83045462/1949-08-21,2,4,1,3
lccn/sn83045462/1949-08-19,2,13,1,12
lccn/sn83045462/1948-03-12,2,8,2,6
lccn/sn83045462/1948-03-18,2,15,0,15
lccn/sn83045462/1949-09-02,2,9,0,9
lccn/sn83045462/1949-09-01,2,14,0,14
lccn/sn83045462/1950-05-21,2,12,2,10
lccn/sn83045462/1947-04-04,2,7,0,7
lccn/sn83045462/1947-04-04,1,0,0,0
lccn/sn83045462/1947-04-11,2,11,3,8
lccn/sn83045462/1946-05-05,2,3,0,3
lccn/sn83045462/1947-05-04,2,11,1,10
lccn/sn83045462/1947-05-25,2,15,0,15
lccn/sn83045462/1947-06-05,2,16,0,16
lccn/sn83045462/1947-06-03,2,7,0,7
lccn/sn83045462/1947-05-29,2,8,1,7
lccn/sn83045462/1947-05-27,1,0,0,0
lccn/sn83045462/1946-05-15,1,2,4,-2
lccn/sn83045462/1950-09-09,2,15,1,14
lccn/sn83045462/1948-10-12,2,12,0,12
lccn/sn83045462/1945-12-20,1,1,1,0
lccn/sn83045462/1945-12-25,2,13,3,10
lccn/sn83045462/1945-12-26,2,16,3,13
lccn/sn83045462/1945-12-23,2,10,3,7
lccn/sn83045462/1945-12-24,2,15,3,12
lccn/sn83045462/1945-09-02,2,6,0,6
lccn/sn83045462/1945-09-16,2,11,0,11
lccn/sn83045462/1945-09-06,2,9,2,7
lccn/sn83045462/1945-09-24,2,16,1,15
lccn/sn83045462/1945-09-26,2,8,0,8
lccn/sn83045462/1945-09-30,2,14,1,13
lccn/sn83045462/1945-10-28,2,14,3,11
lccn/sn83045462/1942-10-01,2,6,0,6
lccn/sn83045462/1941-03-02,1,0,0,0
lccn/sn83045462/1945-12-30,2,5,2,3
lccn/sn83045462/1946-02-13,2,8,1,7
lccn/sn83045462/1941-07-26,1,3,4,-1
lccn/sn83045462/1946-03-10,2,19,0,19
lccn/sn83045462/1945-12-21,2,19,2,17
lccn/sn83045462/1945-12-22,2,12,0,12
lccn/sn83045462/1946-01-02,1,0,0,0
lccn/sn83045462/1941-05-18,2,17,4,13
lccn/sn83045462/1946-03-11,2,13,1,12
lccn/sn87058308/1887-03-17,2,16,12,4
lccn/sn82014248/1892-05-24,2,4,0,4
lccn/sn83030272/1898-05-19,1,0,0,0
lccn/sn83030272/1897-07-11,2,8,3,5
lccn/sn83030272/1897-11-24,1,0,0,0
lccn/sn84037930/1855-12-12,2,18,9,9
lccn/sn83030313/1858-03-23,2,3,2,1
lccn/sn83030313/1848-01-14,2,9,7,2
lccn/sn84026749/1905-07-28,2,12,1,11
lccn/sn84026749/1905-03-26,2,8,3,5
lccn/sn83045462/1923-10-23,1,0,0,0
lccn/sn83045462/1923-10-20,1,0,0,0
lccn/sn84024738/1860-01-03,2,6,0,6
lccn/sn85066387/1907-02-01,2,8,0,8
lccn/sn84026749/1910-10-02,2,3,1,2
lccn/sn84026749/1910-10-03,2,7,3,4
lccn/sn85032575/1885-01-16,2,12,4,8
lccn/sn84026749/1907-05-20,2,14,3,11
lccn/sn84026749/1910-09-26,1,3,3,0
lccn/sn84029385/1885-01-22,1,4,4,0
lccn/sn84026749/1904-10-10,1,2,3,-1
lccn/sn84026749/1904-10-01,2,3,0,3
lccn/sn84026749/1904-10-05,1,6,9,-3
lccn/sn84026749/1904-10-02,2,9,4,5
lccn/sn83045462/1903-09-04,2,13,3,10
lccn/sn83030272/1904-06-02,1,4,11,-7
lccn/sn83045433/1909-07-21,2,11,3,8
lccn/sn83045433/1909-08-14,2,8,1,7
lccn/sn83045433/1909-08-20,2,8,5,3
lccn/sn83045433/1909-08-21,2,12,7,5
lccn/sn83045433/1909-01-11,1,9,12,-3
lccn/sn83045433/1908-06-14,2,4,2,2
lccn/sn83045433/1909-06-16,2,9,4,5
lccn/sn83045433/1909-07-14,2,17,4,13
lccn/sn83045433/1908-06-05,2,7,3,4
lccn/sn83045433/1908-07-05,1,3,10,-7
lccn/sn86053572/1870-06-29,2,16,2,14
lccn/sn83045462/1890-06-18,2,8,5,3
lccn/sn84026749/1904-09-16,2,8,1,7
lccn/sn83045462/1908-04-03,1,0,0,0
lccn/sn84031492/1873-05-04,1,1,1,0
lccn/sn84031492/1873-05-15,2,22,1,21
lccn/sn84031492/1873-05-01,1,0,0,0
lccn/sn84031492/1873-05-11,1,0,0,0
lccn/sn84031492/1874-03-22,1,0,0,0
lccn/sn84031492/1874-04-12,2,14,2,12
lccn/sn83045462/1916-04-15,2,5,0,5
lccn/sn83030313/1858-12-31,2,4,2,2
lccn/sn83030272/1894-12-30,2,23,20,3
lccn/sn83030272/1896-05-24,2,5,4,1
lccn/sn84026844/1882-12-30,2,3,2,1
lccn/sn83009573/1859-08-25,2,2,1,1
lccn/sn83045462/1911-09-24,2,15,10,5
lccn/sn83045462/1911-09-10,2,11,2,9
lccn/sn83045462/1886-05-29,2,5,4,1
lccn/sn83045462/1901-08-27,1,0,0,0
lccn/sn83045462/1923-03-04,1,1,1,0
lccn/sn86053573/1874-06-19,2,12,0,12
lccn/sn86053406/1876-03-17,1,6,6,0
lccn/sn86053406/1877-07-06,2,16,10,6
lccn/sn86053406/1877-08-10,2,20,9,11
lccn/sn83030272/1901-06-16,2,9,3,6
lccn/sn83045160/1885-07-07,1,1,4,-3
lccn/sn83045160/1885-07-11,2,6,4,2
lccn/sn83045160/1885-07-14,2,11,4,7
lccn/sn83045160/1885-07-16,1,2,3,-1
lccn/sn83045160/1885-07-19,2,11,7,4
lccn/sn83030272/1902-05-07,1,0,4,-4
lccn/sn83030272/1902-04-18,1,7,23,-16
lccn/sn85058130/1901-09-04,1,3,5,-2
lccn/sn85058130/1901-06-08,1,9,9,0
lccn/sn85058130/1902-02-01,2,6,1,5
lccn/sn85058130/1901-11-24,1,1,9,-8
lccn/sn85058130/1902-04-14,2,12,1,11
lccn/sn85058130/1900-10-12,1,3,3,0
lccn/sn85058130/1900-06-01,2,7,2,5
lccn/sn85058130/1902-01-26,1,1,1,0
lccn/sn85058130/1901-08-27,1,2,6,-4
lccn/sn85058130/1901-08-28,2,4,3,1
lccn/sn83045462/1896-02-15,1,5,8,-3
lccn/sn83016925/1885-07-01,2,19,6,13
lccn/sn83016925/1887-06-01,2,18,4,14
lccn/sn83030214/1893-03-30,2,5,2,3
lccn/sn82014064/1866-07-14,2,18,4,14
lccn/sn82014064/1866-04-07,2,16,14,2
lccn/sn83045433/1908-03-17,2,13,1,12
lccn/sn83045433/1908-02-27,2,5,3,2
lccn/sn83045433/1908-02-02,1,3,8,-5
lccn/sn83030214/1876-09-02,2,7,0,7
lccn/sn83045433/1908-05-17,2,4,3,1
lccn/sn85066387/1907-05-15,2,4,0,4
lccn/sn83045160/1884-08-02,2,4,3,1
lccn/sn83045160/1884-08-07,2,3,1,2
lccn/sn83045160/1884-08-13,1,1,3,-2
lccn/sn83045160/1884-08-14,1,8,8,0
lccn/sn83045160/1884-08-26,2,32,11,21
lccn/sn83045160/1884-09-02,1,1,1,0
lccn/sn83045160/1884-09-04,2,7,3,4
lccn/sn83045160/1884-09-11,1,10,13,-3
lccn/sn83030272/1887-09-04,1,6,10,-4
lccn/sn83045160/1884-07-13,2,1,0,1
lccn/sn83045160/1884-07-15,1,7,12,-5
lccn/sn83045160/1884-08-01,2,6,3,3
lccn/sn83045160/1884-08-05,2,16,9,7
lccn/sn83045160/1884-08-06,2,4,3,1
lccn/sn83045160/1884-08-10,2,6,3,3
lccn/sn83045160/1884-08-21,2,13,7,6
lccn/sn83045160/1884-08-23,2,9,8,1
lccn/sn83045160/1884-08-28,2,14,3,11
lccn/sn83045160/1884-10-23,1,3,7,-4
lccn/sn83045160/1884-10-31,1,4,4,0
lccn/sn83045160/1884-10-28,1,3,7,-4
lccn/sn83045160/1884-11-06,2,10,4,6
lccn/sn83045160/1884-09-28,1,6,8,-2
lccn/sn83045160/1884-10-03,1,3,6,-3
lccn/sn83045160/1884-10-04,1,7,9,-2
lccn/sn83045160/1884-09-24,1,4,4,0
lccn/sn83045160/1884-09-25,1,7,7,0
lccn/sn83045160/1884-09-30,1,4,7,-3
lccn/sn83045160/1884-10-08,1,7,7,0
lccn/sn83045160/1884-10-18,1,6,7,-1
lccn/sn83045160/1885-06-28,2,5,2,3
lccn/sn82014064/1872-03-21,2,6,5,1
lccn/sn83045462/1911-12-02,2,8,1,7
lccn/sn83045462/1911-10-12,2,12,2,10
lccn/sn84024441/1900-07-24,2,21,7,14
lccn/sn84024735/1858-01-22,2,25,12,13
lccn/sn84024735/1858-01-12,2,6,4,2
lccn/sn84024735/1858-01-15,2,5,1,4
lccn/sn84024735/1858-01-19,2,12,7,5
lccn/sn84024735/1858-01-26,2,4,1,3
lccn/sn83045462/1922-06-18,2,12,1,11
lccn/sn84024735/1856-01-22,2,7,2,5
lccn/sn84024735/1856-02-05,2,7,2,5
lccn/sn84024735/1856-01-08,1,0,0,0
lccn/sn84024735/1856-01-25,2,6,5,1
lccn/sn84024735/1856-09-09,2,7,4,3
lccn/sn84024735/1856-09-16,2,11,3,8
lccn/sn84024735/1857-07-24,2,3,1,2
lccn/sn84024735/1857-07-31,2,6,0,6
lccn/sn84024735/1859-08-16,2,3,0,3
lccn/sn84024735/1860-08-03,2,5,1,4
lccn/sn84024735/1860-08-28,2,10,2,8
lccn/sn84024735/1860-08-31,2,10,6,4
lccn/sn84024735/1860-09-18,2,10,2,8
lccn/sn84024735/1860-09-28,2,15,0,15
lccn/sn84024735/1860-10-16,2,13,7,6
lccn/sn84024735/1860-10-23,2,14,2,12
lccn/sn84024735/1860-11-13,1,3,7,-4
lccn/sn84024735/1860-06-19,2,9,3,6
lccn/sn84024735/1860-07-31,2,16,4,12
lccn/sn84024735/1860-08-14,2,22,4,18
lccn/sn84024735/1860-08-17,2,5,1,4
lccn/sn84024735/1860-09-11,2,16,4,12
lccn/sn84024735/1860-09-21,2,12,8,4
lccn/sn84024735/1860-09-25,2,9,2,7
lccn/sn84024735/1860-10-02,2,8,3,5
lccn/sn84024735/1860-10-19,2,15,2,13
lccn/sn84024735/1860-10-26,2,17,1,16
lccn/sn84024735/1860-11-09,2,13,6,7
lccn/sn84024735/1860-11-16,1,5,6,-1
lccn/sn83045462/1868-01-08,1,7,7,0
lccn/sn83045462/1867-11-13,1,1,2,-1
lccn/sn86053572/1872-02-14,1,3,3,0
lccn/sn84026749/1906-09-19,2,6,1,5
lccn/sn84026749/1906-09-28,2,18,11,7
lccn/sn84026749/1906-09-29,1,2,7,-5
lccn/sn84026749/1906-09-30,1,2,6,-4
lccn/sn86053573/1873-06-12,1,2,3,-1
lccn/sn83045462/1915-12-02,2,2,0,2
lccn/sn83032199/1876-02-16,1,6,8,-2
lccn/sn83030272/1902-11-02,2,14,2,12
lccn/sn83045462/1887-12-13,1,10,10,0
lccn/sn83045462/1887-03-08,1,0,0,0
lccn/sn83045462/1887-03-09,1,3,4,-1
lccn/sn83045462/1887-10-26,1,0,0,0
lccn/sn83045462/1887-10-26,1,0,0,0
lccn/sn83045462/1888-06-21,2,3,1,2
lccn/sn83045462/1887-12-05,2,13,5,8
lccn/sn83045462/1888-01-07,2,16,9,7
lccn/sn83045462/1889-09-09,1,2,2,0
lccn/sn83045462/1889-09-12,2,6,2,4
lccn/sn83045462/1889-09-06,2,8,1,7
lccn/sn83045462/1889-09-10,2,8,0,8
lccn/sn83045462/1889-09-13,2,4,2,2
lccn/sn83045462/1889-09-17,2,4,1,3
lccn/sn83045462/1887-09-19,1,0,2,-2
lccn/sn94052989/1890-06-05,2,16,2,14
lccn/sn84024718/1889-10-02,2,10,7,3
lccn/sn85066387/1906-12-01,1,0,0,0
lccn/sn83030313/1875-03-18,2,18,6,12
lccn/sn83030313/1870-06-27,1,0,0,0
lccn/sn82014064/1869-03-10,1,0,0,0
lccn/sn82014064/1870-07-12,2,13,5,8
lccn/sn82014064/1869-05-13,2,7,4,3
lccn/sn85042345/1921-09-11,2,9,2,7
lccn/sn85033699/1871-11-22,2,11,3,8
lccn/sn83045462/1908-01-13,1,0,0,0
lccn/sn83045462/1908-01-20,1,2,2,0
lccn/sn83045462/1908-01-22,2,9,0,9
lccn/sn94052989/1891-05-01,2,12,9,3
lccn/sn83030214/1892-09-13,1,1,1,0
lccn/sn83045462/1907-12-19,2,6,5,1
lccn/sn85033995/1872-07-06,2,9,1,8
lccn/sn87055779/1922-04-27,2,4,0,4
lccn/sn85030221/1883-08-02,2,7,3,4
lccn/sn85030221/1885-01-15,2,9,5,4
lccn/sn85026193/1862-07-16,2,11,3,8
lccn/sn85026193/1862-07-30,2,14,1,13
lccn/sn85026193/1862-08-13,2,6,5,1
lccn/sn84024738/1875-10-09,1,2,2,0
lccn/sn87062253/1866-03-29,1,6,6,0
lccn/sn83045433/1910-06-21,2,8,1,7
lccn/sn83045433/1910-06-23,1,0,0,0
lccn/sn84024323/1860-09-05,2,10,7,3
lccn/sn84024323/1860-09-26,2,10,4,6
lccn/sn84024323/1860-11-14,1,5,6,-1
lccn/sn84024323/1860-11-21,2,5,4,1
lccn/sn84024323/1860-12-05,1,0,0,0
lccn/sn84024323/1861-01-02,2,6,1,5
lccn/sn84026749/1908-04-28,2,7,1,6
lccn/sn84026749/1908-03-07,1,6,12,-6
lccn/sn83045462/1895-11-18,2,16,11,5
lccn/sn83045462/1895-11-19,2,2,1,1
lccn/sn83045462/1895-11-22,2,18,13,5
lccn/sn83045462/1895-11-27,2,27,20,7
lccn/sn83045462/1895-11-29,2,15,8,7
lccn/sn83045462/1895-12-09,2,9,2,7
lccn/sn83045462/1895-12-10,2,10,2,8
lccn/sn83045462/1895-12-14,2,10,3,7
lccn/sn83045462/1895-12-25,2,13,4,9
lccn/sn83045462/1895-12-26,2,13,4,9
lccn/sn85058130/1903-03-25,1,2,2,0
lccn/sn85058130/1903-08-18,1,10,11,-1
lccn/sn85058130/1902-08-24,1,7,13,-6
lccn/sn83045433/1907-09-04,2,12,6,6
lccn/sn85058130/1902-12-19,2,6,5,1
lccn/sn87093407/1906-12-18,1,3,7,-4
lccn/sn84026749/1903-09-13,2,6,4,2
lccn/sn83045462/1911-12-01,2,6,2,4
lccn/sn85033386/1873-01-03,2,11,7,4
lccn/sn85033386/1873-01-24,1,2,11,-9
lccn/sn85033386/1873-05-02,2,13,3,10
lccn/sn84024738/1860-09-05,2,4,2,2
lccn/sn84024738/1860-09-06,2,3,2,1
lccn/sn84024738/1860-09-07,1,0,1,-1
lccn/sn84024738/1860-10-13,2,7,5,2
lccn/sn84024738/1860-10-24,2,12,1,11
lccn/sn83045462/1927-05-15,2,9,3,6
lccn/sn84026853/1881-02-16,2,2,0,2
lccn/sn84026853/1879-01-22,1,2,7,-5
lccn/sn84026853/1879-02-05,1,6,17,-11
lccn/sn83030272/1890-10-19,2,14,4,10
lccn/sn83030272/1909-09-13,1,1,4,-3
lccn/sn83030272/1910-02-06,1,4,8,-4
lccn/sn85038614/1890-01-28,2,8,4,4
lccn/sn85038614/1891-07-19,2,10,3,7
lccn/sn83030272/1907-02-07,1,5,9,-4
lccn/sn83045462/1928-05-02,2,2,1,1
lccn/sn86053573/1875-03-09,1,7,13,-6
lccn/sn83030272/1882-06-18,2,7,4,3
lccn/sn85038518/1858-09-05,2,17,6,11
lccn/sn83045160/1873-01-03,2,8,6,2
lccn/sn83045160/1873-01-04,2,9,2,7
lccn/sn83045160/1873-01-18,2,22,2,20
lccn/sn83045160/1874-07-28,1,0,0,0
lccn/sn83045160/1875-09-19,1,4,5,-1
lccn/sn82014064/1867-10-23,2,22,4,18
lccn/sn83045462/1886-10-13,2,7,5,2
lccn/sn83045462/1886-09-07,1,0,0,0
lccn/sn83045462/1886-09-10,2,25,4,21
lccn/sn83045462/1886-09-11,2,9,6,3
lccn/sn83045462/1886-09-14,2,3,2,1
lccn/sn83045462/1886-09-15,1,4,4,0
lccn/sn83045462/1886-09-16,2,15,6,9
lccn/sn83045462/1886-09-20,2,13,6,7
lccn/sn83045462/1886-09-29,2,11,3,8
lccn/sn83045462/1886-10-02,2,10,1,9
lccn/sn86072143/1869-11-05,2,17,2,15
lccn/sn86072143/1870-09-09,1,3,3,0
lccn/sn86072143/1880-01-02,2,14,8,6
lccn/sn86072143/1877-07-06,2,3,2,1
lccn/sn86072143/1878-06-14,2,17,4,13
lccn/sn86072143/1881-01-07,1,8,8,0
lccn/sn86072143/1876-07-21,2,8,0,8
lccn/sn86072143/1868-08-21,1,6,8,-2
lccn/sn86072143/1871-01-13,2,7,6,1
lccn/sn98060050/1890-02-21,2,12,7,5
lccn/sn98060050/1890-12-05,1,5,6,-1
lccn/sn83030214/1891-10-13,1,1,1,0
lccn/sn83045462/1884-12-10,2,19,7,12
lccn/sn83045462/1884-09-02,2,1,0,1
lccn/sn83045462/1884-09-16,2,5,2,3
lccn/sn83045462/1885-02-20,2,16,6,10
lccn/sn85058130/1900-03-05,1,1,5,-4
lccn/sn85058130/1900-03-19,2,31,25,6
lccn/sn85058130/1900-02-02,2,8,1,7
lccn/sn85058130/1900-02-08,1,0,4,-4
lccn/sn85058130/1900-05-29,2,10,2,8
lccn/sn85058130/1900-06-20,2,8,2,6
lccn/sn83045433/1906-12-15,2,4,3,1
lccn/sn83045433/1906-12-16,2,8,5,3
lccn/sn83045433/1906-12-19,1,3,5,-2
lccn/sn83045433/1906-11-24,1,0,1,-1
lccn/sn85058130/1901-02-23,1,4,4,0
lccn/sn83030214/1874-02-03,1,1,5,-4
lccn/sn85058130/1901-08-25,2,21,10,11
lccn/sn85058130/1901-09-02,2,10,9,1
lccn/sn85058130/1901-09-07,1,4,6,-2
lccn/sn85058130/1901-08-17,2,10,3,7
lccn/sn85058130/1901-08-22,2,12,3,9
lccn/sn85058130/1901-08-23,2,14,4,10
lccn/sn85058130/1901-08-25,2,8,1,7
lccn/sn84024441/1901-03-22,2,11,3,8
lccn/sn84024441/1901-02-11,2,2,0,2
lccn/sn84024441/1901-03-02,1,4,4,0
lccn/sn84024441/1901-01-10,2,12,10,2
lccn/sn84024441/1901-07-30,2,16,4,12
lccn/sn84024441/1901-12-13,2,6,4,2
lccn/sn85058130/1902-08-28,2,8,2,6
lccn/sn85058130/1902-08-29,2,9,3,6
lccn/sn85058130/1902-09-16,1,9,13,-4
lccn/sn85058130/1902-08-16,1,0,0,0
lccn/sn85058130/1902-08-17,2,6,4,2
lccn/sn85058130/1902-08-19,2,11,3,8
lccn/sn85058130/1902-12-20,2,10,2,8
lccn/sn85058130/1902-12-21,2,12,3,9
lccn/sn84031492/1875-06-13,2,6,2,4
lccn/sn85058130/1906-10-22,1,7,7,0
lccn/sn86053573/1875-06-23,2,20,8,12
lccn/sn86053573/1875-12-11,2,7,2,5
lccn/sn83045555/1900-08-28,2,3,2,1
lccn/sn83045555/1900-05-02,2,18,4,14
lccn/sn83045555/1901-03-26,2,17,3,14
lccn/sn83045555/1903-04-23,1,3,9,-6
lccn/sn83045555/1900-01-30,2,6,4,2
lccn/sn83045555/1902-01-30,1,2,3,-1
lccn/sn85058130/1909-05-28,2,10,8,2
lccn/sn85058140/1910-10-21,2,4,3,1
lccn/sn83045462/1897-06-26,1,7,7,0
lccn/sn85058140/1909-08-19,2,9,2,7
lccn/sn85042437/1866-07-25,2,2,0,2
lccn/sn85058130/1903-09-08,1,7,8,-1
lccn/sn85058130/1906-02-25,2,7,2,5
lccn/sn85058130/1905-08-22,2,8,2,6
lccn/sn85058130/1905-08-24,2,11,1,10
lccn/sn85058130/1905-01-01,2,5,1,4
lccn/sn85058130/1906-01-10,1,1,1,0
lccn/sn85058130/1905-02-11,2,7,1,6
lccn/sn85058130/1905-09-12,2,6,4,2
lccn/sn85058130/1905-10-22,2,5,2,3
lccn/sn83030214/1886-04-14,1,0,0,0
lccn/sn84026749/1903-05-19,2,9,2,7
lccn/sn83045462/1922-05-07,2,9,2,7
lccn/sn84028490/1874-02-05,1,1,6,-5
lccn/sn83030214/1883-01-25,2,8,3,5
lccn/sn83030214/1883-03-16,2,2,0,2
lccn/sn83045462/1899-11-21,1,4,5,-1
lccn/sn83045462/1903-12-26,1,2,2,0
lccn/sn84023200/1881-06-29,2,14,4,10
lccn/sn84023200/1881-07-20,2,8,5,3
lccn/sn84023200/1882-08-09,1,0,0,0
lccn/sn84023200/1870-08-17,1,3,7,-4
lccn/sn84024735/1845-10-17,2,11,10,1
lccn/sn84024735/1851-08-29,2,2,0,2
lccn/sn84024735/1851-09-02,2,7,6,1
lccn/sn84024735/1849-07-13,2,7,2,5
lccn/sn85058130/1904-09-01,2,7,2,5
lccn/sn83030213/1844-06-08,1,0,0,0
lccn/sn86053573/1885-02-20,1,1,5,-4
lccn/sn86053573/1882-04-24,1,0,0,0
lccn/sn85058130/1904-09-07,2,15,12,3
lccn/sn85058130/1905-03-09,2,14,6,8
lccn/sn85058130/1908-06-28,2,2,0,2
lccn/sn83045160/1880-12-23,2,8,2,6
lccn/sn83045160/1880-11-14,1,3,12,-9
lccn/sn83045462/1886-10-21,2,28,3,25
lccn/sn83045462/1886-10-22,2,6,1,5
lccn/sn83045462/1907-12-18,2,4,2,2
lccn/sn83045462/1923-02-04,2,5,4,1
lccn/sn83045462/1923-06-02,2,10,5,5
lccn/sn84026749/1904-09-21,2,4,0,4
lccn/sn84026749/1904-09-22,2,3,0,3
lccn/sn83030272/1885-06-28,1,3,4,-1
lccn/sn83030272/1889-02-17,1,6,12,-6
lccn/sn84031490/1863-01-08,2,4,2,2
lccn/sn84031490/1864-01-07,2,9,6,3
lccn/sn84031490/1863-11-03,2,14,8,6
lccn/sn83045462/1917-06-07,2,6,5,1
lccn/sn83045462/1917-08-11,2,11,1,10
lccn/sn83045462/1908-03-11,1,0,0,0
lccn/sn83045462/1908-02-05,2,8,1,7
lccn/sn83045462/1908-03-13,2,6,3,3
lccn/sn83045462/1908-03-25,2,9,2,7
lccn/sn83045462/1908-02-26,2,10,2,8
lccn/sn83045462/1908-02-27,2,5,0,5
lccn/sn83045462/1908-03-03,2,14,8,6
lccn/sn84031490/1861-10-04,1,9,11,-2
lccn/sn84031490/1861-09-19,2,20,4,16
lccn/sn94052989/1890-05-28,2,9,4,5
lccn/sn94052989/1890-09-27,1,12,12,0
lccn/sn94052989/1893-03-04,1,0,0,0
lccn/sn83030272/1891-10-16,1,14,15,-1
lccn/sn83030272/1888-05-20,2,13,7,6
lccn/sn83045462/1908-09-04,2,5,4,1
lccn/sn83045462/1908-12-14,2,4,1,3
lccn/sn83030214/1878-08-09,1,3,5,-2
lccn/sn83030214/1878-12-20,1,0,0,0
lccn/sn82014064/1865-10-31,2,12,7,5
lccn/sn82014064/1865-11-08,1,3,15,-12
lccn/sn83016107/1896-03-06,1,1,3,-2
lccn/sn83045462/1928-09-16,2,12,0,12
lccn/sn83045462/1928-09-02,2,10,0,10
lccn/sn83045462/1928-11-22,2,15,6,9
lccn/sn83045462/1928-12-06,2,25,3,22
lccn/sn83045462/1928-12-04,2,16,2,14
lccn/sn83045462/1928-10-06,2,19,0,19
lccn/sn83045462/1928-11-08,2,16,1,15
lccn/sn83045462/1928-11-20,2,8,0,8
lccn/sn83045160/1872-12-30,2,19,1,18
lccn/sn83045160/1867-08-01,1,5,5,0
lccn/sn83045160/1867-08-16,2,5,3,2
lccn/sn83045160/1867-08-15,2,9,2,7
lccn/sn83045160/1867-08-15,2,4,2,2
lccn/sn83045160/1867-08-28,2,8,7,1
lccn/sn83045160/1867-09-07,2,5,0,5
lccn/sn83045160/1867-08-25,2,8,3,5
lccn/sn83045160/1867-08-24,1,2,6,-4
lccn/sn83045160/1867-08-29,2,7,2,5
lccn/sn83045160/1883-03-25,2,10,3,7
lccn/sn83045462/1930-08-31,2,16,6,10
lccn/sn83045462/1934-07-08,2,17,4,13
lccn/sn83045462/1934-09-23,2,16,1,15
lccn/sn83045462/1934-09-16,2,12,7,5
lccn/sn83045462/1934-06-17,2,8,0,8
lccn/sn83045462/1930-10-12,2,16,1,15
lccn/sn83045462/1930-09-21,2,12,4,8
lccn/sn83045462/1930-09-14,2,18,0,18
lccn/sn83045462/1930-10-26,2,22,1,21
lccn/sn83045462/1934-09-02,2,5,0,5
lccn/sn83045462/1944-12-07,2,14,2,12
lccn/sn83045462/1944-10-29,2,13,2,11
lccn/sn83045462/1944-09-23,2,17,1,16
lccn/sn83045462/1944-12-11,2,5,0,5
lccn/sn83045462/1944-12-12,2,22,0,22
lccn/sn83045462/1944-12-08,2,13,1,12
lccn/sn83045462/1945-08-23,2,10,1,9
lccn/sn83045462/1945-08-25,2,15,2,13
lccn/sn83045462/1945-07-08,2,16,5,11
lccn/sn83045462/1945-05-13,2,9,0,9
lccn/sn83045462/1940-06-30,1,0,0,0
lccn/sn83045462/1941-07-13,2,13,1,12
lccn/sn83045462/1941-07-06,2,12,4,8
lccn/sn83045462/1943-06-18,2,17,5,12
lccn/sn83045462/1944-07-03,2,7,3,4
lccn/sn83045462/1944-07-07,2,16,1,15
lccn/sn83045462/1944-07-06,2,16,1,15
lccn/sn83045462/1944-07-15,2,13,1,12
lccn/sn83045462/1944-08-12,2,12,1,11
lccn/sn83045462/1944-08-06,2,23,7,16
lccn/sn83045462/1944-08-09,2,15,1,14
lccn/sn83045462/1944-09-20,2,15,0,15
lccn/sn83045462/1944-09-24,2,11,2,9
lccn/sn83045462/1940-03-06,2,13,3,10
lccn/sn83045462/1940-03-01,1,0,0,0
lccn/sn83045462/1944-10-28,2,14,1,13
lccn/sn83045462/1944-10-30,2,28,5,23
lccn/sn83045462/1944-12-03,2,20,1,19
lccn/sn83045462/1944-10-11,2,5,0,5
lccn/sn83045462/1944-10-14,2,17,1,16
lccn/sn83045462/1940-08-04,2,8,2,6
lccn/sn83045462/1935-09-29,2,13,2,11
lccn/sn83045462/1933-12-03,2,16,0,16
lccn/sn83045462/1933-09-24,2,7,2,5
lccn/sn83045462/1933-09-24,1,0,0,0
lccn/sn83045462/1935-10-03,2,29,1,28
lccn/sn83045462/1931-03-01,1,0,0,0
lccn/sn83045462/1939-11-25,2,15,1,14
lccn/sn83045462/1935-04-07,2,17,1,16
lccn/sn83045462/1935-03-31,2,25,1,24
lccn/sn83045462/1934-09-30,2,18,2,16
lccn/sn83045462/1935-01-27,2,7,2,5
lccn/sn83045462/1929-09-29,2,15,1,14
lccn/sn85025007/1857-12-08,2,7,1,6
lccn/sn83045462/1939-07-10,2,9,0,9
lccn/sn83045646/1867-01-28,1,0,0,0
lccn/sn83045646/1867-01-29,1,0,0,0
lccn/sn83045646/1867-01-30,1,0,0,0
lccn/sn83045646/1867-02-14,2,7,6,1
lccn/sn83045646/1867-02-05,1,0,0,0
lccn/sn83045646/1867-03-01,1,0,0,0
lccn/sn83045646/1867-02-20,1,0,0,0
lccn/sn83045646/1867-02-23,1,0,0,0
lccn/sn83045646/1867-02-26,2,10,6,4
lccn/sn83045646/1867-02-15,1,3,8,-5
lccn/sn83045646/1867-03-07,1,0,0,0
lccn/sn83045462/1943-12-31,2,16,1,15
lccn/sn83045462/1944-05-05,1,0,0,0
lccn/sn83016025/1885-03-24,2,10,0,10
lccn/sn83016025/1885-03-27,2,14,0,14
lccn/sn83016025/1885-03-25,2,11,1,10
lccn/sn83045462/1943-10-24,2,7,2,5
lccn/sn83045462/1944-01-29,2,9,0,9
lccn/sn83045462/1947-06-22,2,15,3,12
lccn/sn83045462/1946-07-07,2,18,2,16
lccn/sn83045462/1947-06-23,2,12,3,9
lccn/sn83045462/1946-06-23,1,0,0,0
lccn/sn83045462/1947-06-21,2,13,1,12
lccn/sn83045462/1947-06-19,2,9,5,4
lccn/sn83045462/1947-06-20,2,9,1,8
lccn/sn83045462/1947-06-18,2,17,1,16
lccn/sn83045462/1947-07-06,2,15,3,12
lccn/sn83045462/1947-07-06,2,13,1,12
lccn/sn83045462/1947-07-05,1,0,0,0
lccn/sn83045462/1947-07-11,2,11,1,10
lccn/sn83045462/1947-07-12,2,12,2,10
lccn/sn83045462/1947-06-25,2,18,0,18
lccn/sn83045462/1946-07-06,2,12,1,11
lccn/sn83045462/1938-11-13,2,9,1,8
lccn/sn83045462/1938-11-16,2,12,1,11
lccn/sn83045462/1946-09-04,2,4,2,2
lccn/sn83045462/1947-08-24,2,3,0,3
lccn/sn83045462/1947-07-23,2,20,1,19
lccn/sn83045462/1947-07-29,2,21,1,20
lccn/sn83045462/1938-12-10,1,0,0,0
lccn/sn83045462/1938-10-30,2,8,0,8
lccn/sn83045462/1948-09-05,2,14,5,9
lccn/sn83045462/1948-09-11,2,7,2,5
lccn/sn83045462/1948-09-14,2,17,2,15
lccn/sn83045462/1946-10-20,2,13,0,13
lccn/sn83045462/1946-10-22,2,18,0,18
lccn/sn83045462/1946-11-24,2,16,0,16
lccn/sn83045462/1946-11-10,2,15,1,14
lccn/sn83045462/1948-06-27,2,9,0,9
lccn/sn83045462/1947-07-13,2,8,3,5
lccn/sn83045462/1947-07-27,2,17,3,14
lccn/sn83045462/1947-07-25,2,6,2,4
lccn/sn83045462/1946-09-22,2,10,0,10
lccn/sn83045462/1947-09-02,2,10,2,8
lccn/sn83045462/1946-09-26,2,15,1,14
lccn/sn83045462/1948-08-11,2,22,0,22
lccn/sn83045462/1947-09-21,2,15,0,15
lccn/sn83045462/1948-08-14,2,7,2,5
lccn/sn83045462/1947-10-02,2,4,1,3
lccn/sn83045462/1947-09-30,2,9,1,8
lccn/sn83045462/1947-10-04,2,15,0,15
lccn/sn83045462/1946-09-21,2,12,0,12
lccn/sn83045462/1946-09-27,2,15,4,11
lccn/sn83045462/1946-09-25,2,6,5,1
lccn/sn83045462/1931-02-22,2,19,0,19
lccn/sn83045462/1933-07-26,1,0,0,0
lccn/sn83016025/1888-10-26,1,5,5,0
lccn/sn82015137/1884-05-01,2,14,3,11
lccn/sn78000873/1886-04-01,1,7,9,-2
lccn/sn78000873/1887-10-13,1,10,12,-2
lccn/sn78000873/1888-03-29,1,9,11,-2
lccn/sn78000873/1885-10-29,1,4,5,-1
lccn/sn78000873/1885-11-12,2,26,7,19
lccn/sn78000873/1889-11-14,2,5,3,2
lccn/sn78000873/1891-01-15,2,4,3,1
lccn/sn83045462/1942-10-24,2,7,1,6
lccn/sn83045462/1942-09-13,2,7,0,7
lccn/sn83045462/1941-08-19,2,6,0,6
lccn/sn83045462/1942-07-12,2,5,3,2
lccn/sn83045462/1942-07-07,1,0,0,0
lccn/sn83045462/1949-09-24,2,13,1,12
lccn/sn83045462/1949-11-26,2,12,0,12
lccn/sn83045462/1950-08-17,2,9,0,9
lccn/sn83045462/1950-11-04,2,10,1,9
lccn/sn83045462/1949-01-07,2,8,0,8
lccn/sn83045462/1949-01-08,2,7,1,6
lccn/sn83045462/1949-02-07,1,0,0,0
lccn/sn83045462/1949-02-04,2,9,0,9
lccn/sn83016025/1871-03-08,1,3,3,0
lccn/sn83016025/1871-04-06,2,10,2,8
lccn/sn83016025/1871-04-07,2,10,2,8
lccn/sn83016025/1870-02-19,2,7,5,2
lccn/sn83016025/1870-02-24,2,6,3,3
lccn/sn83045462/1950-10-18,2,17,0,17
lccn/sn83045462/1950-10-12,2,9,4,5
lccn/sn83045462/1940-01-24,2,5,1,4
lccn/sn83045462/1940-01-14,2,5,1,4
lccn/sn83045462/1940-01-31,1,0,0,0
lccn/sn83045462/1940-02-04,2,13,0,13
lccn/sn83045462/1935-12-22,1,0,0,0
lccn/sn83045462/1939-09-24,1,0,0,0
lccn/sn83045462/1936-12-02,2,18,0,18
lccn/sn83045462/1940-01-08,2,8,1,7
lccn/sn83045462/1934-01-07,2,24,0,24
lccn/sn83045462/1939-10-19,2,12,1,11
lccn/sn83045462/1937-03-27,1,0,0,0
lccn/sn83045462/1938-04-17,2,12,0,12
lccn/sn83045462/1938-04-03,2,15,4,11
lccn/sn83045462/1938-04-10,2,14,1,13
lccn/sn83045462/1942-01-12,2,16,3,13
lccn/sn83045462/1942-05-21,1,0,0,0
lccn/sn83045462/1938-08-20,2,9,1,8
lccn/sn86092518/1883-08-30,1,4,4,0
lccn/sn86092518/1883-08-17,1,0,0,0
lccn/sn86092518/1883-08-24,2,13,2,11
lccn/sn86092518/1883-08-22,2,7,1,6
lccn/sn83045462/1940-09-21,2,14,3,11
lccn/sn83045462/1940-12-15,2,1,0,1
lccn/sn83045462/1938-09-22,2,22,1,21
lccn/sn83045462/1938-10-02,1,0,0,0
lccn/sn83045462/1950-06-24,2,14,0,14
lccn/sn83045462/1950-06-25,2,13,3,10
lccn/sn83045462/1950-06-25,2,20,1,19
lccn/sn83045462/1949-09-14,2,4,0,4
lccn/sn83045462/1949-09-11,2,12,0,12
lccn/sn83045462/1949-09-17,2,14,6,8
lccn/sn83045462/1950-06-04,2,9,0,9
lccn/sn83045462/1949-09-15,2,10,1,9
lccn/sn83045462/1949-09-16,2,10,0,10
lccn/sn83045462/1949-09-30,2,17,3,14
lccn/sn83045462/1950-01-13,2,9,0,9
lccn/sn83045462/1948-09-04,2,12,1,11
lccn/sn83045462/1948-07-22,2,17,2,15
lccn/sn83045462/1948-07-31,2,8,1,7
lccn/sn83045462/1948-07-23,2,15,1,14
lccn/sn83045462/1948-07-21,2,13,1,12
lccn/sn83045462/1948-07-20,2,19,2,17
lccn/sn83045462/1950-02-11,2,10,1,9
lccn/sn83045462/1950-02-10,2,13,2,11
lccn/sn83045462/1950-02-12,2,8,2,6
lccn/sn83045462/1948-10-10,2,12,1,11
lccn/sn83045462/1950-08-23,2,14,0,14
lccn/sn83045462/1950-09-25,2,10,0,10
lccn/sn83045462/1949-12-30,1,0,0,0
lccn/sn83045462/1950-09-24,2,6,3,3
lccn/sn83045462/1948-10-17,2,11,1,10
lccn/sn83045462/1950-01-29,2,15,2,13
lccn/sn83045462/1949-04-16,2,10,4,6
lccn/sn83045462/1949-04-18,2,5,1,4
lccn/sn83045462/1949-04-25,2,8,1,7
lccn/sn83045462/1949-03-15,2,4,2,2
lccn/sn83045462/1949-03-16,2,16,2,14
lccn/sn83045462/1949-03-13,2,7,1,6
lccn/sn83045462/1947-12-27,2,9,1,8
lccn/sn83045462/1947-12-14,2,6,0,6
lccn/sn83045462/1947-11-09,2,12,3,9
lccn/sn83045462/1947-02-07,2,27,1,26
lccn/sn83045462/1947-02-09,2,16,1,15
lccn/sn83045462/1947-03-30,2,19,2,17
lccn/sn83045462/1948-03-11,2,7,2,5
lccn/sn83045462/1948-02-01,1,0,0,0
lccn/sn83045462/1948-03-07,2,18,0,18
lccn/sn83045462/1948-03-08,2,13,2,11
lccn/sn83045462/1949-09-07,2,12,2,10
lccn/sn83045462/1949-09-08,2,14,1,13
lccn/sn83045462/1949-08-26,2,11,3,8
lccn/sn83045462/1948-03-14,2,13,4,9
lccn/sn83045462/1949-09-09,2,10,2,8
lccn/sn83045462/1948-03-13,2,12,0,12
lccn/sn83045462/1948-03-13,2,11,1,10
lccn/sn83045462/1949-08-06,2,13,3,10
lccn/sn83045462/1949-08-13,2,9,1,8
lccn/sn83045462/1949-08-14,2,9,1,8
lccn/sn83045462/1949-08-08,2,9,2,7
lccn/sn83045462/1949-08-15,2,12,0,12
lccn/sn83045462/1949-08-16,2,10,2,8
lccn/sn83045462/1949-08-09,2,11,2,9
lccn/sn83045462/1949-08-17,2,14,1,13
lccn/sn83045462/1949-08-11,2,18,1,17
lccn/sn83045462/1949-08-10,2,21,0,21
lccn/sn83045462/1949-08-20,2,18,4,14
lccn/sn83045462/1949-08-23,2,9,2,7
lccn/sn83045462/1949-08-24,2,5,1,4
lccn/sn83045462/1949-08-18,2,18,1,17
lccn/sn83045462/1949-08-22,2,10,3,7
lccn/sn83045462/1949-08-21,2,22,1,21
lccn/sn83045462/1949-08-25,2,14,2,12
lccn/sn83045462/1948-03-12,2,16,4,12
lccn/sn83045462/1948-03-12,2,16,0,16
lccn/sn83045462/1948-03-15,2,17,0,17
lccn/sn83045462/1949-09-01,2,5,1,4
lccn/sn83045462/1947-04-13,2,15,2,13
lccn/sn83045462/1946-06-13,2,13,2,11
lccn/sn83045462/1950-09-03,2,12,0,12
lccn/sn83045462/1945-12-16,2,16,0,16
lccn/sn83045462/1945-09-25,2,14,1,13
lccn/sn83045462/1945-11-06,2,20,0,20
lccn/sn83045462/1942-11-01,2,14,0,14
lccn/sn83045462/1942-10-25,2,12,0,12
lccn/sn83045462/1942-10-31,2,10,0,10
lccn/sn83045462/1941-06-15,2,17,5,12
lccn/sn83045462/1941-06-22,2,16,1,15
lccn/sn83045462/1946-01-06,2,17,0,17
lccn/sn83045462/1941-06-08,2,16,0,16
lccn/sn83045462/1941-06-29,2,10,2,8
lccn/sn86092518/1889-07-20,2,5,2,3
lccn/sn84022374/1876-01-13,1,4,4,0
lccn/sn82015313/1932-01-23,2,6,3,3
lccn/sn84024656/1853-11-12,1,9,9,0
lccn/sn84024656/1854-09-16,2,14,6,8
lccn/sn84024656/1856-10-30,2,6,2,4
lccn/sn84024656/1856-09-02,2,12,4,8
lccn/sn84024656/1860-06-26,2,14,1,13
lccn/sn88063294/1945-08-26,2,6,0,6
lccn/sn85034360/1856-03-01,2,13,5,8
lccn/sn84024656/1860-11-24,1,5,5,0
lccn/sn84024656/1860-10-18,1,5,6,-1
lccn/sn84024656/1860-10-09,2,13,1,12
lccn/sn84024656/1860-11-09,2,3,2,1
lccn/sn84024656/1860-11-15,1,4,6,-2
lccn/sn84024656/1860-11-16,2,6,0,6
lccn/sn84024656/1860-10-11,2,6,3,3
lccn/sn84024656/1860-11-19,2,9,3,6
lccn/sn84024656/1860-11-20,1,0,2,-2
lccn/sn84024656/1860-11-12,2,8,3,5
lccn/sn84024656/1860-11-03,2,7,4,3
lccn/sn84024656/1860-10-25,2,11,1,10
lccn/sn84024656/1860-10-26,2,8,4,4
lccn/sn84024656/1860-11-21,1,2,4,-2
lccn/sn84024656/1860-10-27,2,5,2,3
lccn/sn84024656/1860-10-30,2,5,3,2
lccn/sn84024656/1860-10-31,1,1,1,0
lccn/sn85035801/1894-07-10,1,4,5,-1
lccn/sn85033123/1862-07-10,2,18,7,11
lccn/sn85033123/1862-07-17,2,22,7,15
lccn/sn85033123/1862-07-03,2,38,4,34
lccn/sn85033123/1862-09-04,2,46,5,41
lccn/sn85033123/1862-09-11,1,4,4,0
lccn/sn85033123/1862-07-24,2,38,2,36
lccn/sn85033123/1862-07-31,2,31,2,29
lccn/sn85033123/1862-09-18,2,35,2,33
lccn/sn85040614/1913-08-29,1,1,3,-2
lccn/sn84024649/1846-08-10,1,2,3,-1
lccn/sn83030362/1849-06-24,1,6,7,-1
lccn/sn84026089/1894-07-04,2,5,2,3
lccn/sn83045462/1890-09-24,2,6,3,3
lccn/sn82014064/1866-10-13,1,3,4,-1
lccn/sn83030272/1903-09-13,1,5,5,0
lccn/sn82014064/1870-11-02,2,5,0,5
lccn/sn82014064/1869-07-04,2,9,6,3
lccn/sn82014064/1870-01-28,2,6,3,3
lccn/sn82014064/1866-05-30,2,8,4,4
lccn/sn83030272/1908-07-05,1,11,15,-4
lccn/sn82014064/1868-06-05,2,11,3,8
lccn/sn82014064/1868-12-11,2,18,5,13
lccn/sn82014064/1868-12-19,2,5,4,1
lccn/sn83045433/1906-11-17,2,6,1,5
lccn/sn83045433/1906-11-23,1,1,5,-4
lccn/sn83045433/1906-11-24,2,7,0,7
lccn/sn84026749/1905-09-19,2,12,3,9
lccn/sn83045555/1900-02-26,1,1,7,-6
lccn/sn84026749/1908-05-17,2,9,4,5
lccn/sn84026749/1908-05-16,2,8,3,5
lccn/sn82014064/1865-08-30,1,0,0,0
lccn/sn83030272/1908-07-07,2,12,7,5
lccn/sn85040614/1896-11-19,2,7,3,4
lccn/sn85040614/1896-10-15,2,11,7,4
lccn/sn85049908/1858-04-06,2,19,15,4
lccn/sn84026749/1905-03-07,2,13,0,13
lccn/sn83045389/1920-09-12,2,7,5,2
lccn/sn84026749/1905-03-27,2,6,2,4
lccn/sn84023209/1866-01-02,2,4,3,1
lccn/sn84024738/1860-01-04,2,5,1,4
lccn/sn84026749/1910-04-12,2,7,2,5
lccn/sn84026749/1910-10-01,2,3,2,1
lccn/sn85032573/1878-08-15,2,3,2,1
lccn/sn84026749/1904-10-19,2,10,0,10
lccn/sn84026749/1904-10-20,2,12,3,9
lccn/sn83030214/1887-08-23,1,0,3,-3
lccn/sn83030214/1887-09-13,1,2,8,-6
lccn/sn83030214/1887-08-29,1,1,8,-7
lccn/sn83030214/1887-09-08,1,2,4,-2
lccn/sn84026749/1904-10-23,2,8,0,8
lccn/sn84026749/1904-10-03,2,11,9,2
lccn/sn83030214/1881-09-15,2,3,0,3
lccn/sn83030272/1904-03-18,1,0,0,0
lccn/sn83045433/1909-07-23,2,7,0,7
lccn/sn83045433/1909-07-27,2,10,6,4
lccn/sn83045433/1909-08-09,2,6,2,4
lccn/sn83045433/1909-08-10,2,11,6,5
lccn/sn83045433/1909-08-13,2,15,7,8
lccn/sn83045433/1909-08-15,2,16,7,9
lccn/sn83045433/1909-08-19,2,14,9,5
lccn/sn83045433/1909-03-13,1,1,6,-5
lccn/sn83045433/1909-02-07,2,14,8,6
lccn/sn83045433/1909-01-24,2,10,7,3
lccn/sn83045433/1909-02-28,2,7,5,2
lccn/sn83045462/1904-04-27,2,20,1,19
lccn/sn83045462/1891-02-21,2,10,1,9
lccn/sn83045462/1894-06-21,2,6,1,5
lccn/sn83045462/1904-05-13,1,2,4,-2
lccn/sn84031492/1873-03-14,1,0,0,0
lccn/sn84031492/1873-03-16,1,0,0,0
lccn/sn84031492/1873-05-21,2,12,2,10
lccn/sn83045462/1916-06-05,2,1,0,1
lccn/sn83045462/1916-04-03,2,16,1,15
lccn/sn94052989/1892-11-08,1,15,18,-3
lccn/sn83009573/1859-07-26,2,7,1,6
lccn/sn83009573/1859-07-28,2,3,0,3
lccn/sn83009573/1859-07-30,2,10,1,9
lccn/sn83009573/1859-08-01,2,2,0,2
lccn/sn83009573/1859-08-02,2,4,0,4
lccn/sn83009573/1859-08-10,2,10,3,7
lccn/sn83009573/1859-08-18,2,5,3,2
lccn/sn83009573/1859-08-23,2,20,3,17
lccn/sn83009573/1859-08-30,2,2,1,1
lccn/sn83009573/1859-09-02,2,7,6,1
lccn/sn83009573/1859-09-05,2,14,5,9
lccn/sn83009573/1859-09-07,1,6,10,-4
lccn/sn83009569/1866-05-31,1,8,9,-1
lccn/sn82014064/1870-09-21,1,2,2,0
lccn/sn83045462/1885-09-26,2,15,7,8
lccn/sn83045462/1911-02-19,2,9,2,7
lccn/sn83045462/1911-02-21,2,9,0,9
lccn/sn83045462/1886-05-21,2,14,5,9
lccn/sn83045462/1886-04-30,1,0,6,-6
lccn/sn83045462/1877-12-29,2,10,5,5
lccn/sn83045462/1924-09-21,2,14,1,13
lccn/sn83045462/1924-05-25,2,7,3,4
lccn/sn84026749/1906-06-24,2,5,3,2
lccn/sn86053573/1874-06-18,2,10,3,7
lccn/sn86053573/1874-06-16,1,6,7,-1
lccn/sn95047242/1904-03-29,1,4,20,-16
lccn/sn86053406/1876-01-28,2,21,10,11
lccn/sn83030272/1902-05-11,2,4,3,1
lccn/sn83045160/1885-07-02,2,6,2,4
lccn/sn85058130/1900-12-08,2,11,6,5
lccn/sn85058130/1902-02-23,2,4,3,1
lccn/sn85058130/1902-03-16,2,4,3,1
lccn/sn85058130/1901-12-08,1,1,7,-6
lccn/sn85058130/1901-12-08,2,3,1,2
lccn/sn85058130/1900-05-02,2,22,16,6
lccn/sn85058130/1901-08-27,2,14,6,8
lccn/sn85058130/1901-08-29,2,3,2,1
lccn/sn85058130/1901-09-01,2,5,4,1
lccn/sn83016925/1886-03-17,2,9,6,3
lccn/sn83030214/1875-09-16,1,1,1,0
lccn/sn83045433/1908-04-18,2,8,6,2
lccn/sn83045433/1908-01-26,1,4,13,-9
lccn/sn85066387/1907-05-16,2,6,1,5
lccn/sn83030272/1884-08-22,2,14,4,10
lccn/sn82014064/1872-07-19,2,21,11,10
lccn/sn82014064/1872-05-22,2,16,2,14
lccn/sn82014064/1871-08-31,2,13,5,8
lccn/sn83045462/1911-12-03,2,12,1,11
lccn/sn83045433/1910-10-19,2,14,3,11
lccn/sn84024735/1858-02-09,2,13,3,10
lccn/sn84024735/1859-02-08,2,10,4,6
lccn/sn84024735/1858-02-19,1,0,0,0
lccn/sn84024735/1859-01-28,2,2,0,2
lccn/sn84024735/1859-02-01,1,8,8,0
lccn/sn84024735/1860-04-20,1,0,0,0
lccn/sn83030214/1880-07-30,2,8,4,4
lccn/sn84024735/1859-08-19,1,5,6,-1
lccn/sn84024735/1859-08-23,2,4,1,3
lccn/sn84024735/1858-07-23,1,0,0,0
lccn/sn84024735/1860-06-29,2,5,0,5
lccn/sn84024735/1860-11-02,2,7,1,6
lccn/sn83045462/1868-06-24,2,5,4,1
lccn/sn83045462/1869-06-21,1,3,3,0
lccn/sn83045555/1903-03-23,2,13,2,11
lccn/sn85058140/1909-08-17,1,2,2,0
lccn/sn86053572/1872-05-28,1,3,8,-5
lccn/sn82016351/1901-06-02,2,6,5,1
lccn/sn84026749/1906-09-20,2,2,1,1
lccn/sn84026749/1906-10-18,2,6,2,4
lccn/sn83045462/1916-01-21,2,8,1,7
lccn/sn83045462/1918-06-25,1,0,0,0
lccn/sn83045462/1915-12-15,2,7,3,4
lccn/sn83045462/1915-12-17,2,11,2,9
lccn/sn83045462/1915-12-03,2,3,0,3
lccn/sn83045462/1915-12-10,2,12,0,12
lccn/sn83045462/1915-12-29,2,11,1,10
lccn/sn83045462/1915-05-01,2,16,1,15
lccn/sn83045462/1915-11-15,2,17,2,15
lccn/sn83045462/1918-06-24,1,0,0,0
lccn/sn83045462/1915-11-17,2,5,1,4
lccn/sn83030272/1903-03-08,1,5,10,-5
lccn/sn83045462/1887-03-22,2,14,2,12
lccn/sn83045462/1887-03-23,2,13,2,11
lccn/sn83045462/1887-03-19,2,18,8,10
lccn/sn83045462/1887-04-01,2,5,2,3
lccn/sn83045462/1887-04-08,1,0,0,0
lccn/sn83045462/1887-03-21,2,16,9,7
lccn/sn83045462/1887-04-06,2,10,4,6
lccn/sn83045462/1887-02-04,2,11,1,10
lccn/sn83045462/1887-09-12,2,14,7,7
lccn/sn83045462/1888-01-09,1,3,5,-2
lccn/sn83045462/1887-02-23,2,7,1,6
lccn/sn83045462/1887-12-20,2,4,3,1
lccn/sn83045462/1887-09-27,2,6,2,4
lccn/sn83045462/1919-11-19,2,5,2,3
lccn/sn94052989/1890-12-09,2,18,2,16
lccn/sn94052989/1890-12-10,2,19,3,16
lccn/sn82014064/1870-05-01,2,7,3,4
lccn/sn83030313/1852-05-05,2,3,0,3
lccn/sn82014511/1860-07-11,1,1,8,-7
lccn/sn83030272/1871-03-25,2,7,5,2
lccn/sn83045462/1913-11-17,2,4,3,1
lccn/sn83045462/1913-11-24,1,3,3,0
lccn/sn83045462/1913-12-01,2,6,3,3
lccn/sn94052989/1891-05-29,2,15,2,13
lccn/sn83045462/1914-02-11,1,0,0,0
lccn/sn83045462/1914-02-10,2,6,1,5
lccn/sn83030272/1881-05-26,1,1,2,-1
lccn/sn85033995/1871-06-24,2,16,9,7
lccn/sn83030272/1908-04-05,2,15,7,8
lccn/sn83030272/1908-04-30,1,2,5,-3
lccn/sn83030272/1907-06-26,2,6,2,4
lccn/sn83030272/1907-05-19,1,0,0,0
lccn/sn84024738/1859-09-19,2,9,7,2
lccn/sn84024738/1859-09-22,2,13,7,6
lccn/sn84024738/1859-10-06,2,3,2,1
lccn/sn84024738/1859-09-17,1,4,6,-2
lccn/sn83045433/1910-02-03,1,1,3,-2
lccn/sn83045433/1910-08-12,2,13,4,9
lccn/sn83045462/1903-03-16,1,0,0,0
lccn/sn83045462/1898-04-01,2,8,3,5
lccn/sn82014064/1866-01-05,2,14,1,13
lccn/sn85058130/1903-04-16,2,6,4,2
lccn/sn85058130/1903-02-22,2,13,2,11
lccn/sn83045433/1907-09-10,2,20,7,13
lccn/sn85058130/1902-07-28,2,1,0,1
lccn/sn85058130/1903-05-21,1,9,16,-7
lccn/sn85058130/1904-05-29,2,7,1,6
lccn/sn87076794/1870-03-25,2,7,5,2
lccn/sn83045462/1910-11-03,1,2,3,-1
lccn/sn83045462/1910-11-13,2,12,1,11
lccn/sn83045462/1910-11-21,2,1,0,1
lccn/sn83045462/1910-11-01,2,18,3,15
lccn/sn84024441/1901-06-22,2,17,8,9
lccn/sn83045462/1911-12-01,2,6,0,6
lccn/sn84024738/1860-08-17,2,3,1,2
lccn/sn84024738/1860-09-26,1,2,2,0
lccn/sn84024738/1860-09-27,2,3,1,2
lccn/sn84024738/1860-09-21,2,4,3,1
lccn/sn84024738/1860-09-10,2,21,7,14
lccn/sn84024738/1860-09-13,2,3,0,3
lccn/sn84026853/1883-01-31,1,12,13,-1
lccn/sn84026853/1880-07-14,2,19,3,16
lccn/sn84026853/1884-01-09,2,5,2,3
lccn/sn84026853/1879-07-16,2,8,5,3
lccn/sn83030272/1889-06-21,1,2,12,-10
lccn/sn83030272/1889-07-28,2,12,2,10
lccn/sn83030272/1889-05-18,1,7,14,-7
lccn/sn83030272/1874-05-14,1,0,0,0
lccn/sn83030272/1909-04-24,2,6,1,5
lccn/sn83030272/1907-02-07,1,4,15,-11
lccn/sn83030272/1894-10-22,1,4,18,-14
lccn/sn84024443/1855-08-03,2,6,4,2
lccn/sn83030272/1876-05-14,1,5,12,-7
lccn/sn83030272/1876-02-29,2,5,2,3
lccn/sn86053573/1875-05-14,2,5,2,3
lccn/sn86053573/1874-12-09,1,8,10,-2
lccn/sn83045433/1910-10-07,2,13,2,11
lccn/sn83045160/1874-09-27,2,8,2,6
lccn/sn83045462/1886-09-21,2,7,2,5
lccn/sn86072143/1881-05-27,1,2,3,-1
lccn/sn86072143/1869-02-05,1,6,6,0
lccn/sn86072143/1871-08-18,1,0,0,0
lccn/sn98060050/1890-03-07,1,6,13,-7
lccn/sn82014064/1867-11-02,2,10,2,8
lccn/sn83045462/1884-09-22,2,10,4,6
lccn/sn83045462/1884-01-16,2,12,8,4
lccn/sn83045462/1882-12-02,1,3,6,-3
lccn/sn85058130/1900-02-28,1,6,8,-2
lccn/sn85058130/1900-04-11,2,12,5,7
lccn/sn85058130/1900-05-12,2,6,3,3
lccn/sn83045433/1906-12-10,2,8,4,4
lccn/sn83045433/1907-01-06,2,6,2,4
lccn/sn83030214/1874-10-14,2,18,1,17
lccn/sn85058130/1900-07-14,2,9,0,9
lccn/sn85058130/1900-09-23,2,6,5,1
lccn/sn83045462/1914-12-07,2,3,0,3
lccn/sn83045462/1914-12-08,2,5,0,5
lccn/sn83045462/1914-11-28,2,5,0,5
lccn/sn83045462/1914-12-05,2,8,1,7
lccn/sn83045462/1914-10-30,2,7,4,3
lccn/sn83045462/1920-10-03,2,15,3,12
lccn/sn83045462/1920-12-31,2,8,3,5
lccn/sn85058130/1901-07-20,1,7,7,0
lccn/sn85058130/1901-08-13,1,6,7,-1
lccn/sn85058130/1901-08-14,1,9,13,-4
lccn/sn85058130/1901-06-09,1,2,3,-1
lccn/sn84024441/1901-12-31,1,3,9,-6
lccn/sn85058130/1902-11-30,1,2,10,-8
lccn/sn85058130/1902-08-30,2,12,7,5
lccn/sn85058130/1902-12-22,1,3,6,-3
lccn/sn85058130/1908-01-23,2,10,0,10
lccn/sn83045160/1858-10-27,2,3,2,1
lccn/sn83045160/1858-08-31,1,1,3,-2
lccn/sn84026749/1906-06-21,2,2,0,2
lccn/sn86053573/1876-01-12,2,6,4,2
lccn/sn86053573/1876-04-12,1,2,2,0
lccn/sn83045555/1903-03-06,1,0,7,-7
lccn/sn83045555/1903-04-10,2,4,2,2
lccn/sn83045555/1903-01-16,2,15,2,13
lccn/sn83045555/1902-02-01,2,6,2,4
lccn/sn83045462/1914-04-09,1,6,6,0
lccn/sn83045462/1914-04-15,2,5,4,1
lccn/sn83045462/1914-04-17,2,18,0,18
lccn/sn83045462/1914-04-21,2,9,2,7
lccn/sn83045462/1914-04-24,2,11,0,11
lccn/sn83045462/1914-02-17,2,7,2,5
lccn/sn84024546/1890-07-12,2,10,2,8
lccn/sn84024546/1890-09-10,2,10,1,9
lccn/sn85042437/1866-05-16,2,30,22,8
lccn/sn85058130/1903-09-14,1,6,6,0
lccn/sn85058130/1903-09-15,1,2,3,-1
lccn/sn85058130/1905-07-12,2,8,4,4
lccn/sn85058130/1904-07-13,2,4,0,4
lccn/sn85058130/1905-09-29,1,0,1,-1
lccn/sn85058130/1905-09-30,2,6,5,1
lccn/sn85058130/1905-09-01,2,13,9,4
lccn/sn85058130/1905-09-03,2,10,1,9
lccn/sn85058130/1905-10-19,1,4,9,-5
lccn/sn83045774/1922-02-04,1,0,0,0
lccn/sn84026749/1909-07-09,2,7,2,5
lccn/sn87076794/1878-04-11,2,36,28,8
lccn/sn83030214/1883-01-27,2,9,5,4
lccn/sn83030214/1883-04-05,2,1,0,1
lccn/sn83030214/1884-01-24,2,6,4,2
lccn/sn83045462/1914-03-24,2,9,4,5
lccn/sn83045462/1903-08-10,2,15,2,13
lccn/sn83045462/1903-08-11,2,14,2,12
lccn/sn83045462/1914-04-03,2,13,0,13
lccn/sn83045462/1914-05-22,2,11,2,9
lccn/sn83045462/1914-03-20,2,15,2,13
lccn/sn83045462/1914-03-23,2,1,0,1
lccn/sn83045462/1914-06-01,2,3,1,2
lccn/sn84026749/1909-06-23,2,7,2,5
lccn/sn84024735/1851-08-22,2,6,1,5
lccn/sn84024735/1851-09-19,2,9,6,3
lccn/sn85058130/1904-09-01,1,1,4,-3
lccn/sn86053573/1884-11-13,1,4,6,-2
lccn/sn86053573/1885-08-26,1,10,13,-3
lccn/sn86053573/1884-08-25,1,1,2,-1
lccn/sn86053573/1884-09-05,2,7,3,4
lccn/sn86053573/1884-09-10,1,10,11,-1
lccn/sn85058130/1908-05-22,2,7,1,6
lccn/sn83045160/1880-11-23,2,16,5,11
lccn/sn83045462/1886-11-27,1,3,3,0
lccn/sn83030272/1879-03-27,1,0,0,0
lccn/sn84026749/1904-09-24,1,3,8,-5
lccn/sn84026749/1904-09-27,1,1,5,-4
lccn/sn84031490/1864-02-19,1,0,0,0
lccn/sn83045462/1907-03-11,2,9,1,8
lccn/sn83045462/1907-12-31,1,0,0,0
lccn/sn83045462/1914-01-12,2,13,0,13
lccn/sn83045462/1914-01-20,2,8,0,8
lccn/sn83045462/1913-12-18,2,9,3,6
lccn/sn83045462/1914-05-09,2,8,2,6
lccn/sn83045462/1914-03-12,1,4,4,0
lccn/sn83045462/1914-03-13,1,3,7,-4
lccn/sn83045462/1914-01-13,2,6,1,5
lccn/sn83045462/1914-01-14,2,6,0,6
lccn/sn83045462/1914-01-15,2,9,2,7
lccn/sn83045462/1914-03-03,2,12,2,10
lccn/sn83045462/1914-01-06,2,19,3,16
lccn/sn83045462/1914-06-22,2,14,0,14
lccn/sn83045462/1913-05-11,1,0,0,0
lccn/sn83045462/1913-05-16,1,0,0,0
lccn/sn83045462/1913-05-09,2,5,1,4
lccn/sn83045462/1913-05-10,1,0,0,0
lccn/sn83045462/1908-02-23,2,6,2,4
lccn/sn83045462/1914-07-10,2,8,1,7
lccn/sn83045462/1914-07-08,2,5,3,2
lccn/sn83045462/1914-07-16,1,1,3,-2
lccn/sn83045462/1914-07-17,2,5,1,4
lccn/sn84026749/1907-08-17,1,4,8,-4
lccn/sn94052989/1890-05-29,1,9,9,0
lccn/sn94052989/1893-03-31,2,11,5,6
lccn/sn94052989/1891-09-17,1,8,10,-2
lccn/sn82014064/1865-01-07,2,26,11,15
lccn/sn82014064/1865-07-21,2,8,3,5
lccn/sn83030214/1883-07-21,2,8,2,6
lccn/sn83030214/1893-08-06,2,4,3,1
lccn/sn83045462/1871-05-09,1,0,0,0
lccn/sn83045462/1874-06-02,2,3,1,2
lccn/sn83045462/1875-09-01,1,0,0,0
lccn/sn83045462/1885-09-11,2,10,7,3
lccn/sn83016107/1895-11-01,1,1,5,-4
lccn/sn86053573/1873-07-09,1,4,8,-4
lccn/sn83045462/1906-07-04,2,17,2,15
lccn/sn83045462/1906-06-30,2,20,1,19
lccn/sn83045462/1926-09-11,1,0,0,0
lccn/sn83045462/1926-09-12,2,5,0,5
lccn/sn83045462/1928-11-11,1,0,0,0
lccn/sn83045462/1928-11-10,2,11,0,11
lccn/sn84031492/1879-08-14,2,7,3,4
lccn/sn84031492/1879-08-05,1,2,2,0
lccn/sn83045462/1928-08-31,2,9,2,7
lccn/sn83045462/1928-06-23,2,2,0,2
lccn/sn83045462/1932-09-18,2,14,5,9
lccn/sn83045462/1934-07-01,2,15,5,10
lccn/sn83045462/1932-11-12,1,0,0,0
lccn/sn83045462/1932-11-06,1,0,0,0
lccn/sn83045462/1932-11-13,2,12,1,11
lccn/sn83045462/1932-11-26,2,7,1,6
lccn/sn83045462/1932-12-10,2,8,0,8
lccn/sn83045462/1934-04-29,2,9,4,5
lccn/sn83045462/1932-07-30,2,10,2,8
lccn/sn83045462/1934-05-13,2,26,0,26
lccn/sn83045462/1932-09-04,2,6,2,4
lccn/sn83045462/1944-12-10,2,15,2,13
lccn/sn83045462/1944-09-22,2,13,2,11
lccn/sn83045462/1944-09-21,2,18,3,15
lccn/sn83045462/1944-12-09,2,18,0,18
lccn/sn83045462/1945-01-10,2,10,2,8
lccn/sn83045462/1945-01-14,2,14,1,13
lccn/sn87068097/1891-10-01,2,10,7,3
lccn/sn83045462/1945-03-04,2,23,5,18
lccn/sn83045462/1945-03-06,2,20,2,18
lccn/sn83045462/1945-03-08,2,8,0,8
lccn/sn83045462/1945-03-09,2,8,0,8
lccn/sn83045462/1945-07-10,2,13,3,10
lccn/sn83045462/1945-07-08,2,9,0,9
lccn/sn83045462/1945-04-15,2,5,0,5
lccn/sn83045462/1945-05-13,2,11,0,11
lccn/sn83045462/1945-05-27,2,17,3,14
lccn/sn83045462/1945-05-27,2,15,0,15
lccn/sn83045462/1945-03-07,2,12,1,11
lccn/sn83045462/1945-03-11,2,11,0,11
lccn/sn83045462/1945-05-06,2,10,0,10
lccn/sn83045462/1945-04-29,2,14,6,8
lccn/sn83045462/1945-04-01,2,14,1,13
lccn/sn83045462/1945-04-08,2,8,0,8
lccn/sn83045462/1945-03-25,2,13,4,9
lccn/sn83045462/1945-04-22,1,0,0,0
lccn/sn83045462/1945-05-20,2,14,1,13
lccn/sn83045462/1944-06-04,2,14,1,13
lccn/sn83045462/1945-06-03,2,14,1,13
lccn/sn83045462/1940-05-04,2,10,0,10
lccn/sn83045462/1944-08-26,2,18,1,17
lccn/sn83045462/1944-08-18,2,1,0,1
lccn/sn83045462/1944-08-17,2,21,3,18
lccn/sn83045462/1944-08-20,2,16,2,14
lccn/sn83045462/1944-09-07,2,9,1,8
lccn/sn83045462/1943-07-31,2,6,0,6
lccn/sn83045462/1944-09-06,2,11,0,11
lccn/sn83045462/1944-07-25,1,2,2,0
lccn/sn83045462/1944-08-09,1,0,0,0
lccn/sn83045462/1944-08-16,2,10,1,9
lccn/sn83045462/1944-08-28,1,1,1,0
lccn/sn83045462/1944-08-19,2,22,0,22
lccn/sn83045462/1944-08-21,2,19,1,18
lccn/sn83045462/1940-07-21,2,6,0,6
lccn/sn83045462/1935-07-14,2,17,0,17
lccn/sn83045462/1933-09-18,2,14,0,14
lccn/sn83045462/1935-11-03,2,14,6,8
lccn/sn83045462/1933-09-10,2,24,9,15
lccn/sn83045462/1933-09-24,2,25,3,22
lccn/sn83045462/1933-09-17,2,12,3,9
lccn/sn83045462/1937-10-03,2,6,5,1
lccn/sn83045462/1937-11-28,2,11,3,8
lccn/sn83045462/1937-11-14,2,12,2,10
lccn/sn83045462/1935-10-27,2,31,2,29
lccn/sn83045462/1935-11-17,2,13,1,12
lccn/sn83045462/1935-11-10,2,10,0,10
lccn/sn83045462/1931-02-01,2,14,0,14
lccn/sn83045462/1933-02-25,2,9,3,6
lccn/sn83045462/1933-02-11,2,9,1,8
lccn/sn83045462/1933-01-28,1,0,0,0
lccn/sn83045462/1929-06-02,2,10,3,7
lccn/sn83045462/1933-03-11,1,0,0,0
lccn/sn83045462/1933-02-12,2,13,1,12
lccn/sn83045462/1933-03-01,2,4,1,3
lccn/sn83045462/1936-05-24,2,16,4,12
lccn/sn83045462/1936-02-23,2,3,1,2
lccn/sn83045462/1936-04-12,2,11,3,8
lccn/sn83045462/1940-02-10,2,6,0,6
lccn/sn83045462/1932-05-22,2,31,3,28
lccn/sn83045462/1932-06-11,2,15,4,11
lccn/sn83045462/1931-12-12,2,7,1,6
lccn/sn83045462/1932-03-19,2,7,1,6
lccn/sn83045462/1932-05-21,1,0,0,0
lccn/sn83045462/1932-01-16,1,0,0,0
lccn/sn83045462/1932-01-23,1,0,0,0
lccn/sn83045462/1932-06-19,2,19,1,18
lccn/sn83045462/1929-10-13,2,15,3,12
lccn/sn83045462/1929-09-08,2,11,1,10
lccn/sn83045462/1929-05-25,1,0,0,0
lccn/sn83045462/1929-11-03,2,15,0,15
lccn/sn83045462/1929-07-13,2,3,0,3
lccn/sn83045462/1944-02-19,2,18,0,18
lccn/sn83045462/1944-01-23,2,15,3,12
lccn/sn83045462/1946-06-23,2,16,2,14
lccn/sn83045462/1946-06-27,2,27,3,24
lccn/sn83045462/1947-06-19,2,16,3,13
lccn/sn83045462/1946-07-20,2,4,0,4
lccn/sn83045462/1946-07-19,2,14,2,12
lccn/sn83045462/1947-07-14,2,9,1,8
lccn/sn83045462/1946-06-28,2,9,1,8
lccn/sn83045462/1946-06-25,2,10,1,9
lccn/sn83045462/1946-06-26,2,13,1,12
lccn/sn83045462/1946-06-24,2,16,1,15
lccn/sn83045462/1942-06-04,2,8,1,7
lccn/sn83045462/1947-08-10,2,10,1,9
lccn/sn83045462/1946-08-18,2,9,3,6
lccn/sn83045462/1946-08-25,2,21,1,20
lccn/sn83045462/1946-08-26,2,19,2,17
lccn/sn83045462/1947-08-12,2,6,0,6
lccn/sn83045462/1947-08-11,2,5,4,1
lccn/sn83045462/1946-08-24,2,11,4,7
lccn/sn83045462/1946-08-23,2,20,1,19
lccn/sn83045462/1947-08-03,2,10,1,9
lccn/sn83045462/1946-09-04,2,18,0,18
lccn/sn83045462/1947-08-26,2,20,2,18
lccn/sn83045462/1946-08-30,2,7,2,5
lccn/sn83045462/1946-08-31,2,13,0,13
lccn/sn83045462/1947-07-23,2,15,1,14
lccn/sn83045462/1947-07-30,1,0,0,0
lccn/sn83045462/1947-08-05,2,15,1,14
lccn/sn83045462/1946-08-17,2,11,3,8
lccn/sn83045462/1947-08-04,2,7,2,5
lccn/sn83045462/1947-07-26,2,13,2,11
lccn/sn83045462/1946-08-09,2,12,4,8
lccn/sn83045462/1947-08-07,1,0,0,0
lccn/sn83045462/1947-07-24,2,19,4,15
lccn/sn83045462/1947-08-27,2,19,1,18
lccn/sn83045462/1948-09-12,2,12,4,8
lccn/sn83045462/1948-09-19,2,11,2,9
lccn/sn83045462/1948-07-11,2,4,1,3
lccn/sn83045462/1948-07-04,2,16,4,12
lccn/sn83045462/1947-07-25,2,7,0,7
lccn/sn83045462/1947-07-20,2,9,0,9
lccn/sn83045462/1947-07-31,2,3,2,1
lccn/sn83045462/1947-10-01,2,15,2,13
lccn/sn83045462/1946-09-20,2,12,4,8
lccn/sn83045462/1946-09-30,2,14,1,13
lccn/sn83045462/1947-01-19,2,13,3,10
lccn/sn83045462/1947-01-18,2,7,0,7
lccn/sn83045462/1947-01-14,2,10,0,10
lccn/sn83045462/1931-01-18,2,15,1,14
lccn/sn83045462/1931-05-17,2,16,2,14
lccn/sn84027238/1858-05-19,1,13,16,-3
lccn/sn83045462/1933-06-16,2,10,5,5
lccn/sn83016025/1886-09-18,2,7,5,2
lccn/sn83016368/1904-10-22,2,9,3,6
lccn/sn83045462/1936-01-26,2,15,0,15
lccn/sn83045462/1941-09-24,2,21,5,16
lccn/sn83045462/1941-09-21,2,6,3,3
lccn/sn83045462/1941-12-27,2,5,0,5
lccn/sn83045462/1936-02-02,2,15,1,14
lccn/sn83045462/1949-09-29,2,17,1,16
lccn/sn83045462/1950-08-16,2,13,0,13
lccn/sn83045462/1950-11-12,2,13,1,12
lccn/sn83045462/1948-11-14,2,21,3,18
lccn/sn83045462/1948-11-16,2,10,0,10
lccn/sn83045462/1948-11-17,2,17,1,16
lccn/sn83045462/1948-11-15,2,14,6,8
lccn/sn83045462/1949-02-05,2,15,1,14
lccn/sn83045462/1949-02-07,2,16,2,14
lccn/sn83045462/1950-10-17,2,9,0,9
lccn/sn83045462/1950-10-18,2,12,1,11
lccn/sn83045462/1950-10-11,2,11,1,10
lccn/sn83045462/1948-11-27,2,12,3,9
lccn/sn83045462/1948-12-01,2,6,1,5
lccn/sn83045462/1948-11-23,2,22,1,21
lccn/sn83045462/1948-11-26,2,8,2,6
lccn/sn83045462/1948-11-28,2,6,0,6
lccn/sn83045462/1948-12-02,2,15,0,15
lccn/sn83045462/1948-12-19,2,10,3,7
lccn/sn83045462/1948-12-18,1,0,0,0
lccn/sn83045462/1948-12-26,2,8,2,6
lccn/sn83045462/1949-01-16,2,13,1,12
lccn/sn83045462/1948-11-25,2,13,1,12
lccn/sn83045462/1948-11-24,2,18,2,16
lccn/sn83045462/1949-01-23,2,10,1,9
lccn/sn83045462/1949-01-24,2,21,4,17
lccn/sn83045462/1949-01-17,2,12,3,9
lccn/sn82014282/1859-03-16,1,4,4,0
lccn/sn82014282/1859-03-23,2,6,4,2
lccn/sn82014282/1859-06-08,2,7,6,1
lccn/sn82014282/1859-04-27,1,2,3,-1
lccn/sn82014282/1859-04-13,1,7,8,-1
lccn/sn82014282/1859-04-20,1,5,5,0
lccn/sn82014282/1859-04-06,2,7,4,3
lccn/sn82014282/1859-01-26,1,9,12,-3
lccn/sn87068097/1891-09-30,2,10,5,5
lccn/sn87068097/1891-09-23,2,7,3,4
lccn/sn83045462/1939-09-17,2,13,0,13
lccn/sn83045462/1939-10-08,2,10,2,8
lccn/sn83045462/1939-10-07,2,16,1,15
lccn/sn83045462/1936-09-22,2,17,4,13
lccn/sn83045462/1936-09-07,2,5,3,2
lccn/sn83045462/1936-03-19,2,14,2,12
lccn/sn83045462/1936-05-10,2,10,0,10
lccn/sn83045462/1934-01-28,2,3,0,3
lccn/sn83045462/1936-10-25,2,15,1,14
lccn/sn83045462/1936-09-20,2,19,0,19
lccn/sn83045462/1936-08-23,2,14,5,9
lccn/sn83045462/1936-12-06,2,10,4,6
lccn/sn83045462/1936-03-29,2,17,2,15
lccn/sn83045462/1936-04-05,2,12,1,11
lccn/sn83045462/1936-02-16,2,26,0,26
lccn/sn83045462/1938-04-16,2,19,1,18
lccn/sn83045462/1938-04-03,2,9,1,8
lccn/sn83045462/1942-02-27,2,11,1,10
lccn/sn83045462/1942-03-22,1,1,1,0
lccn/sn83045462/1938-01-23,1,2,3,-1
lccn/sn83045462/1942-02-03,2,10,1,9
lccn/sn83045462/1942-02-01,2,12,2,10
lccn/sn83045462/1938-09-18,2,17,2,15
lccn/sn83045462/1942-05-14,1,0,0,0
lccn/sn83045462/1942-04-19,1,4,7,-3
lccn/sn83045462/1942-03-08,2,15,0,15
lccn/sn83045462/1938-06-26,2,16,6,10
lccn/sn83045462/1938-09-25,2,18,5,13
lccn/sn83045462/1950-05-28,2,25,0,25
lccn/sn83045462/1948-09-23,1,0,0,0
lccn/sn83045462/1948-10-01,2,5,2,3
lccn/sn83045462/1948-10-03,2,22,3,19
lccn/sn83045462/1948-09-21,2,12,0,12
lccn/sn83045462/1948-09-27,2,5,1,4
lccn/sn83045462/1950-08-25,2,13,1,12
lccn/sn83045462/1949-04-30,2,14,1,13
lccn/sn83045462/1949-05-02,2,24,1,23
lccn/sn83045462/1949-04-19,2,13,1,12
lccn/sn83045462/1949-04-16,2,9,0,9
lccn/sn83045462/1949-04-18,1,0,0,0
lccn/sn83045462/1949-04-24,1,1,1,0
lccn/sn83045462/1949-05-15,2,12,2,10
lccn/sn83045462/1949-05-08,2,25,1,24
lccn/sn83045462/1949-05-07,1,0,0,0
lccn/sn83045462/1949-05-09,2,14,3,11
lccn/sn83045462/1949-04-04,2,19,0,19
lccn/sn83045462/1949-04-09,2,8,1,7
lccn/sn83045462/1949-02-27,2,9,2,7
lccn/sn83045462/1949-03-05,2,13,1,12
lccn/sn83045462/1949-03-12,2,14,3,11
lccn/sn83045462/1949-03-12,2,7,0,7
lccn/sn83045462/1949-03-26,2,14,1,13
lccn/sn83045462/1949-03-28,2,17,4,13
lccn/sn83045462/1949-03-07,2,17,1,16
lccn/sn83045462/1949-03-22,2,22,1,21
lccn/sn83045462/1949-03-21,2,13,4,9
lccn/sn83045462/1949-03-19,2,5,3,2
lccn/sn83045462/1949-02-19,2,9,2,7
lccn/sn83045462/1949-03-14,1,0,0,0
lccn/sn83045462/1949-03-06,2,15,2,13
lccn/sn83045462/1949-02-28,2,26,1,25
lccn/sn83045462/1949-02-26,2,12,1,11
lccn/sn83045462/1949-02-20,2,11,6,5
lccn/sn83045462/1949-06-28,1,0,0,0
lccn/sn83045462/1947-12-28,2,17,1,16
lccn/sn83045462/1947-12-05,2,16,1,15
lccn/sn83045462/1947-01-12,2,7,3,4
lccn/sn83045462/1947-01-30,2,11,1,10
lccn/sn83045462/1947-01-11,2,12,0,12
lccn/sn83045462/1947-01-23,2,19,3,16
lccn/sn83045462/1947-01-22,2,22,1,21
lccn/sn83045462/1947-01-29,2,16,0,16
lccn/sn83045462/1948-02-21,2,14,0,14
lccn/sn83045462/1948-02-03,2,11,1,10
lccn/sn83045462/1948-02-07,2,25,1,24
lccn/sn83045462/1948-02-09,2,17,0,17
lccn/sn83045462/1948-01-30,2,16,2,14
lccn/sn83045462/1948-02-05,2,11,3,8
lccn/sn83045462/1948-02-12,2,14,0,14
lccn/sn83045462/1949-08-19,1,3,3,0
lccn/sn83045462/1949-08-02,2,7,0,7
lccn/sn83045462/1948-02-24,2,16,2,14
lccn/sn83045462/1947-05-11,2,11,4,7
lccn/sn83045462/1946-06-12,2,9,1,8
lccn/sn83045462/1947-04-30,2,11,2,9
lccn/sn83045462/1947-04-29,2,10,4,6
lccn/sn83045462/1947-05-03,2,13,1,12
lccn/sn83045462/1947-05-02,2,15,1,14
lccn/sn83045462/1947-05-07,2,17,3,14
lccn/sn83045462/1947-04-28,2,17,1,16
lccn/sn83045462/1947-05-01,2,14,1,13
lccn/sn83045462/1947-05-14,2,9,1,8
lccn/sn83045462/1946-05-21,2,16,2,14
lccn/sn83045462/1947-05-12,2,21,3,18
lccn/sn83045462/1945-12-16,2,13,0,13
lccn/sn83045462/1945-12-23,1,0,0,0
lccn/sn83045462/1945-09-07,2,12,2,10
lccn/sn83045462/1945-09-29,2,20,2,18
lccn/sn83045462/1945-09-06,2,11,0,11
lccn/sn83045462/1945-09-08,2,5,0,5
lccn/sn83045462/1945-09-03,2,15,1,14
lccn/sn83045462/1945-10-01,2,13,3,10
lccn/sn83045462/1945-09-30,2,9,1,8
lccn/sn83045462/1946-01-20,2,3,0,3
lccn/sn83045462/1946-01-13,2,10,3,7
lccn/sn83045462/1946-01-19,1,0,0,0
lccn/sn83045462/1946-02-19,2,13,3,10
lccn/sn83045462/1946-02-20,2,22,5,17
lccn/sn83045462/1946-02-02,2,15,1,14
lccn/sn83045462/1946-02-16,2,9,4,5
lccn/sn83045462/1946-01-31,2,20,7,13
lccn/sn83045462/1946-02-12,2,13,2,11
lccn/sn83045462/1946-02-11,2,10,3,7
lccn/sn83045462/1946-02-18,2,14,0,14
lccn/sn83045462/1945-10-03,2,19,1,18
lccn/sn83045462/1946-02-14,2,16,1,15
lccn/sn83045462/1946-02-15,2,15,1,14
lccn/sn83045462/1946-02-17,2,11,3,8
lccn/sn83045462/1946-02-05,2,13,5,8
lccn/sn83045462/1946-02-04,2,9,0,9
lccn/sn84024718/1855-06-13,2,12,1,11
lccn/sn87058308/1888-02-23,2,14,3,11
lccn/sn85026768/1842-10-14,2,10,5,5
lccn/sn84024656/1856-08-15,2,9,3,6
lccn/sn84024656/1856-10-31,2,7,5,2
lccn/sn84024656/1856-09-23,2,8,7,1
lccn/sn84024656/1856-12-12,2,8,0,8
lccn/sn84024656/1860-10-19,2,4,2,2
lccn/sn84024656/1860-10-20,2,3,2,1
lccn/sn84024656/1860-11-10,1,6,7,-1
lccn/sn84024656/1860-11-01,2,8,7,1
lccn/sn82014064/1870-09-28,2,10,4,6
lccn/sn83045160/1885-07-09,1,1,5,-4
lccn/sn82014064/1866-10-09,1,0,2,-2
lccn/sn82014064/1866-07-19,2,8,3,5
lccn/sn83045160/1885-06-30,2,9,5,4
lccn/sn82014064/1871-09-15,1,4,6,-2
lccn/sn84024735/1859-02-15,2,10,0,10
lccn/sn84024735/1859-02-22,2,7,0,7
lccn/sn83045462/1888-06-15,1,2,2,0
lccn/sn82014064/1870-08-17,2,2,1,1
lccn/sn83030272/1902-03-03,2,4,1,3
lccn/sn83030272/1908-07-14,1,4,4,0
lccn/sn83030272/1900-09-30,2,4,2,2
lccn/sn82014064/1868-04-04,1,4,14,-10
lccn/sn84026749/1908-05-19,2,7,2,5
lccn/sn83030272/1901-09-22,1,0,2,-2
lccn/sn84031490/1863-08-08,2,4,2,2
lccn/sn82014064/1865-04-30,2,15,4,11
lccn/sn82014064/1865-11-01,2,2,0,2
lccn/sn84024656/1854-09-26,2,3,2,1
lccn/sn85033123/1862-08-07,2,26,6,20
lccn/sn85033123/1862-08-28,2,56,11,45
lccn/sn83045462/1891-03-06,1,0,0,0
lccn/sn83030272/1901-04-25,1,10,14,-4
lccn/sn83030272/1901-06-28,2,12,6,6
lccn/sn83030272/1902-09-21,2,6,2,4
lccn/sn82014064/1871-02-22,1,0,0,0
lccn/sn82014064/1871-05-13,2,2,0,2
lccn/sn84024735/1859-07-29,2,5,4,1
lccn/sn83030272/1903-07-05,2,4,2,2
lccn/sn83030272/1907-05-05,2,7,4,3
lccn/sn83030272/1906-07-29,2,8,1,7
lccn/sn83030272/1902-06-15,1,1,1,0
lccn/sn83030272/1902-05-28,2,6,3,3
lccn/sn83030272/1909-07-18,2,4,1,3
lccn/sn83030272/1900-01-18,2,11,5,6
lccn/sn83045433/1906-12-10,1,0,0,0
lccn/sn83045433/1906-11-20,2,7,3,4
lccn/sn83045555/1901-05-24,2,7,4,3
lccn/sn84026749/1904-12-01,2,3,1,2
lccn/sn84026749/1906-02-10,2,5,0,5
lccn/sn83030272/1901-10-12,1,2,5,-3
lccn/sn83030272/1901-11-02,1,3,8,-5
lccn/sn82014064/1867-01-04,1,0,0,0
lccn/sn82014064/1867-01-05,1,0,3,-3
lccn/sn84031490/1864-07-07,2,13,4,9
lccn/sn87068079/1894-06-28,2,7,4,3
lccn/sn83030272/1903-03-01,1,3,4,-1
lccn/sn83030272/1901-09-14,2,2,0,2
lccn/sn83030272/1901-09-25,1,0,7,-7
lccn/sn83030272/1902-11-16,1,1,1,0
lccn/sn83030272/1902-06-04,1,2,2,0
